0, 5, 5, 5, 5, 5
1, 0, 0, 0, 0, 0
2, 0.0877546, 1.08001, 0.0877546, 1.08001, 2
3, 24038.3, 24926.6, 24038.3, 24926.6, 26885
4, 31813.2, 32036.2, 31813.2, 32036.2, 33855
5, 71573.3, 79339.6, 71573.3, 79339.6, 81425
6, 0, 0, 0, 0, 0
7, 0, 0, 0, 0, 0
8, 883, 883, 883, 883, 883
9, 0, 0, 0, 0, 0
10, 0, 0, 0, 0, 0
11, 923.839, 998.66, 923.839, 998.66, 748
12, 0, 0, 0, 0, 0
13, 2436.99, 3022.34, 2436.99, 3022.34, 7228
14, 0, 0, 0, 0, 0
15, -8.52818e-13, 4.54747e-13, -7.39131e-13, 5.68434e-14, 0
16, 125285, 132467, 125285, 132467, 177668
17, 0, 1, 0, 1, 616
18, 0, 0, 0, 0, 0
19, 0, 0, 0, 0, 0
20, 0, 0, 0, 0, 0
21, 0, 0, 0, 0, 0
22, 0, 0, 0, 0, 0
23, 0, 0, 0, 0, 0
24, 0, 0, 0, 0, 0
25, 1758.94, 1764.22, 1758.94, 1764.22, 1784
26, 2788.11, 2792, 2788.11, 2792, 2792
27, 0, 0, 0, 0, 0
28, 429.505, 1032.3, 429.505, 1032.3, 2840
29, 6.82121e-13, -1.13687e-13, 6.82121e-13, -1.13687e-13, 0
30, 0, 0, 0, 0, 0
31, 6.82121e-13, -1.13687e-13, 6.82121e-13, -1.13687e-13, 0
32, 0, 0, 0, 0, 0
33, 1.78998, 2.23413, 1.78998, 2.23413, 0
34, 3597.69, 4452.88, 3597.69, 4452.88, 5136
35, 9757.92, 10273.3, 9757.92, 10273.3, 23160
36, 15743.4, 18533.3, 15743.4, 18533.3, 27003
37, 173.742, 685.314, 173.742, 685.314, 1446
38, 861.964, 1041.37, 861.964, 1041.37, 3207
39, 0, 0, 0, 0, 0
40, 4.54747e-13, 0, 4.54747e-13, 0, 0
41, 23338.7, 24356, 23338.7, 24356, 24892
42, 0, 0, 0, 0, 0
43, 0, 0, 0, 0, 0
44, -5.68434e-13, 5.68434e-13, -5.68434e-13, 5.68434e-13, 0
45, 0, 0, 0, 0, 0
46, 0, 0, 0, 0, 0
47, 3.41061e-13, -4.54747e-13, 3.41061e-13, -4.54747e-13, 0
48, 0, 0, 0, 0, 0
49, 49290.3, 53132, 49290.3, 53132, 81472
50, 0, 0, 0, 0, 0
51, 3.41061e-13, 2.27374e-13, 3.41061e-13, 2.27374e-13, 0
52, 0, 0, 0, 0, 0
53, 3.41061e-13, -3.41061e-13, 3.41061e-13, -3.41061e-13, 0
54, 0, 0, 0, 0, 0
55, 0, 0, 0, 0, 0
56, 0, 0, 0, 0, 0
57, 0, 0, 0, 0, 0
58, 2.5815, 10.3626, 2.5815, 10.3626, 162
59, 0, 0, 0, 0, 0
60, -4.61714e-14, 2.84217e-13, -1.74069e-13, -8.52651e-14, 0
61, 0, 0, 0, 0, 0
62, 198683, 228003, 198683, 228003, 301414
63, 7983.49, 12054.2, 7983.49, 12054.2, 32357
64, 0, 0, 0, 0, 0
65, 0, 0, 0, 0, 0
66, 0, 0, 0, 0, 0
67, 2918.24, 4725.49, 2918.24, 4725.49, 17381
68, 0, 0, 0, 0, 0
69, 0, 0, 0, 0, 0
70, 3.56215e-13, -7.95808e-13, 5.83589e-13, -7.95808e-13, 0
71, 1890.02, 1840.97, 1890.02, 1840.97, 1978
72, 7205.06, 7808.61, 7205.06, 7808.61, 6873
73, 104.841, 175.748, 104.841, 175.748, 3121
74, 19786.9, 25168.7, 19786.9, 25168.7, 25733
75, 4.77507e-13, -4.54747e-13, 4.77507e-13, -4.54747e-13, 0
76, 2151.87, 2250.2, 2151.87, 2250.2, 3688
77, 24113.3, 30990.5, 24113.3, 30990.5, 60501
78, 0, 0, 0, 0, 0
79, 2065.39, 1669.65, 2065.39, 1669.66, 1242
80, 104.801, 110.92, 104.801, 110.92, 0
81, 0, 0, 0, 0, 0
82, 3.41061e-13, -3.41061e-13, 3.41061e-13, -3.41061e-13, 0
83, 1343.09, 1821.14, 1343.09, 1821.14, 1809
84, 30276.7, 28044.7, 30276.7, 28044.7, 32519
85, 2631.71, 2847.15, 2631.71, 2847.15, 2529
86, 5048.11, 5347.9, 5048.11, 5347.9, 7145
87, 0, 0, 0, 0, 0
88, 0, 0, 0, 0, 0
89, 0, 0, 0, 0, 0
90, 0, 0, 0, 0, 0
91, 0, 0, 0, 0, 0
92, 258.872, 797.035, 258.872, 797.035, 1137
93, 4.25882e-13, -1.2701e-13, 2.90878e-13, 1.00364e-13, 0
94, 0, 0, 0, 0, 0
95, 0, 0, 0, 0, 0
96, 0, 0, 0, 0, 0
97, 0, 0, 0, 0, 0
98, 1, 1, 1, 1, 1
99, 0, 0, 0, 0, 0
100, 267171, 275127, 267171, 275127, 327697
101, 0, 0, 0, 0, 0
102, 0, 0, 0, 0, 0
103, -3.41061e-13, 9, -3.41061e-13, 9, 144
104, 0, 0, 0, 0, 0
105, 2.70276, 0.430665, 2.70276, 0.430665, 0
106, 0, 0, 0, 0, 0
107, 3.41061e-13, -3.41061e-13, 3.41061e-13, -3.41061e-13, 0
108, 0, 0, 0, 0, 0
109, 0, 0, 0, 0, 0
110, 3.41061e-13, -3.41061e-13, 3.41061e-13, -3.41061e-13, 0
111, 0, 0, 0, 0, 0
112, 0, 0, 0, 0, 0
113, 0, 0, 0, 0, 0
114, 1.16529e-12, 5.68434e-14, 1.16529e-12, 5.68434e-14, 0
115, 0, 0, 0, 0, 0
116, 3.41061e-13, -3.41061e-13, 3.41061e-13, -3.41061e-13, 0
117, 0, 0, 0, 0, 0
118, 0, 0, 0, 0, 0
119, 0, 0, 0, 0, 0
120, 334.499, 2404.58, 334.499, 2404.58, 2665
121, 0, 0, 0, 0, 0
122, 0, 0, 0, 0, 0
123, 0, 0, 0, 0, 0
124, 0, 0, 0, 0, 0
125, 87.4478, 215.55, 87.4478, 215.55, 671
126, 0, 0, 0, 0, 0
127, 0, 0, 0, 0, 0
128, 0, 0, 0, 0, 0
129, 0, 0, 0, 0, 0
130, 0, 0, 0, 0, 0
131, 0, 0, 0, 0, 0
132, 0, 0, 0, 0, 0
133, 0, 0, 0, 0, 0
134, 0, 0, 0, 0, 0
135, 1436.78, 1617.87, 1436.78, 1617.87, 2685
136, 0, 0, 0, 0, 0
137, 0, 0, 0, 0, 0
138, 0, 0, 0, 0, 0
139, 0, 0, 0, 0, 0
140, 0, 0, 0, 0, 0
141, 0, 0, 0, 0, 0
142, 0, 0, 0, 0, 0
143, 0, 0, 0, 0, 0
144, 0, 0, 0, 0, 0
145, 3.41061e-13, -3.41061e-13, 3.41061e-13, -3.41061e-13, 0
146, 0, 0, 0, 0, 0
147, 0, -1.13687e-13, 0, -1.13687e-13, 0
148, 965, 965, 965, 965, 965
149, 0, 0, 0, 0, 0
150, 3.41061e-13, -3.41061e-13, 3.41061e-13, -3.41061e-13, 0
151, 0, 0, 0, 0, 0
152, 0, 0, 0, 0, 0
153, 0, 0, 0, 0, 0
154, 0, 0, 0, 0, 0
155, 0, 0, 0, 0, 0
156, 0, 0, 0, 0, 0
157, 3.41061e-13, -3.41061e-13, 3.41061e-13, -3.41061e-13, 0
158, 0, 0, 0, 0, 0
159, 0, 0, 0, 0, 0
160, 0, 0, 0, 0, 0
161, 2.6148e-12, 2.27374e-13, 2.6148e-12, 2.27374e-13, 0
162, 0, 0, 0, 0, 0
163, 0, 0, 0, 0, 0
164, 0, 0, 0, 0, 0
165, 3.41061e-13, -3.41061e-13, 3.41061e-13, -3.41061e-13, 0
166, 25.4597, 36.49, 25.4597, 36.49, 0
167, 0, 0, 0, 0, 0
168, 0, 0, 0, 0, 0
169, -9.09495e-13, 0, -9.09495e-13, 0, 0
170, 2070.31, 2346.47, 2070.31, 2346.47, 3022
171, 0, 0, 0, 0, 0
172, 0, 0, 0, 0, 0
173, 0, 0, 0, 0, 0
174, 0, 0, 0, 0, 0
175, 6.82121e-13, -3.41061e-13, 6.82121e-13, -3.41061e-13, 0
176, 0, 0, 0, 0, 0
177, 0, 0, 0, 0, 0
178, 0, 0, 0, 0, 0
179, -2.77556e-16, 0, -2.77556e-16, 0, 0
180, -4.54747e-13, -2.27374e-13, -4.54747e-13, -2.27374e-13, 0
181, 0, 0, 0, 0, 0
182, 83935.8, 109835, 83935.8, 109835, 134276
183, 14204.5, 20472.6, 14204.5, 20472.6, 31446
184, 0, 0, 0, 0, 0
185, 0, 0, 0, 0, 0
186, 0, 0, 0, 0, 0
187, 0, 0, 0, 0, 0
188, 0, 0, 0, 0, 0
189, 0, 0, 0, 0, 0
190, 0, 0, 0, 0, 0
191, 0, 0, 0, 0, 0
192, 0, 0, 0, 0, 0
193, 0, 0, 0, 0, 0
194, 2438.93, 4654.49, 2438.93, 4654.49, 22941
195, 0, 0, 0, 0, 0
196, 0, 0, 0, 0, 0
197, 5.16151, 0.0290215, 5.16151, 0.0290215, 0
198, 27719.1, 42483.3, 27719.1, 42483.3, 82722
199, 0, 0, 0, 0, 0
200, 0, 0, 0, 0, 0
201, 0, 0, 0, 0, 0
202, 0, 0, 0, 0, 0
203, 3.41061e-13, -3.41061e-13, 3.41061e-13, -3.41061e-13, 0
204, 2027.1, 2915.25, 2027.1, 2915.25, 5020
205, 0, 0, 0, 0, 0
206, 0, 0, 0, 0, 0
207, 0, 0, 0, 0, 0
208, 0, 0, 0, 0, 0
209, 0, 0, 0, 0, 0
210, 0, 0, 0, 0, 0
211, 0, 0, 0, 0, 0
212, 0, 0, 0, 0, 0
213, 0, 0, 0, 0, 0
214, 0, 0, 0, 0, 0
215, 0, 0, 0, 0, 0
216, 0, 0, 0, 0, 0
217, 0, 0, 0, 0, 0
218, 0, 0, 0, 0, 0
219, 0, 0, 0, 0, 0
220, -1.13798e-13, -1.13687e-13, -1.13798e-13, -1.13687e-13, 0
221, 0, 0, 0, 0, 0
222, 0, 0, 0, 0, 0
223, 0, 0, 0, 0, 0
224, 0, 0, 0, 0, 0
225, -1.13687e-13, 2.27374e-13, -1.13687e-13, 2.27374e-13, 0
226, 1724.67, 2930.17, 1724.67, 2930.17, 3118
227, 138.714, 242.347, 138.714, 242.347, 574
228, 0, 0, 0, 0, 0
229, 0, 0, 0, 0, 0
230, 0, 0, 0, 0, 0
231, 0, 0, 0, 0, 0
232, 0, 0, 0, 0, 0
233, 0, 0, 0, 0, 0
234, 0, 0, 0, 0, 0
235, 0, 0, 0, 0, 0
236, 0, 0, 0, 0, 0
237, 0, 0, 0, 0, 0
238, 2061.75, 4035.68, 2061.75, 4035.68, 4408
239, 0, 0, 0, 0, 0
240, 0, 0, 0, 0, 0
241, 0, 0, 0, 0, 0
242, 0, 0, 0, 0, 0
243, 0, 0, 0, 0, 0
244, 0.839636, 2.10875, 0.839636, 2.10875, 0
245, 0, 0, 0, 0, 0
246, 0, 0, 0, 0, 0
247, 0, 0, 0, 0, 0
248, 0, 0, 0, 0, 0
249, 0, 0, 0, 0, 0
250, 0, 0, 0, 0, 0
251, 1.59162e-12, 4.54747e-13, 1.59162e-12, 4.54747e-13, 0
252, 0, 0, 0, 0, 0
253, 0, 0, 0, 0, 0
254, 0, 0, 0, 0, 0
255, 0, 0, 0, 0, 0
256, 0, 0, 0, 0, 0
257, 0, 0, 0, 0, 0
258, 0, 0, 0, 0, 0
259, 0, 0, 0, 0, 0
260, 0, 0, 0, 0, 0
261, 0, 0, 0, 0, 0
262, 0, 0, 0, 0, 0
263, 0, 0, 0, 0, 0
264, 0, 0, 0, 0, 0
265, 0, 0, 0, 0, 0
266, 0, 0, 0, 0, 0
267, 0, 0, 0, 0, 0
268, 0, 0, 0, 0, 0
269, 0, 0, 0, 0, 0
270, 0, 0, 0, 0, 0
271, 0, 0, 0, 0, 0
272, 0, 0, 0, 0, 0
273, 0, 0, 0, 0, 0
274, 0, 0, 0, 0, 0
275, 0, 0, 0, 0, 0
276, 0, 0, 0, 0, 0
277, 12.8129, 521, 12.8129, 521, 521
278, 0, 0, 0, 0, 0
279, 0, 0, 0, 0, 0
280, 2498.84, 2672.56, 2498.84, 2672.56, 2753
281, 0, 0, 0, 0, 0
282, 0, 0, 0, 0, 0
283, 2203.76, 2182.04, 2203.76, 2182.04, 2173
284, 0, 0, 0, 0, 0
285, 0, 0, 0, 0, 0
286, 0, 0, 0, 0, 0
287, 0, 0, 0, 0, 0
288, 0, 0, 0, 0, 0
289, 0, 0, 0, 0, 0
290, 0, 0, 0, 0, 0
291, 0, 0, 0, 0, 0
292, 0, 0, 0, 0, 0
293, 0, 0, 0, 0, 0
294, 0, 0, 0, 0, 0
295, 0, 0, 0, 0, 0
296, 0, 0, 0, 0, 0
297, 0, 0, 0, 0, 0
298, 0, 0, 0, 0, 0
299, 745.467, 2162.75, 745.467, 2162.75, 769
300, 0, 0, 0, 0, 0
301, 0, 0, 0, 0, 0
302, 0, 0, 0, 0, 0
303, 0, 0, 0, 0, 0
304, 0, 0, 0, 0, 0
305, 0, 0, 0, 0, 0
306, 0, 0, 0, 0, 0
307, 0, 0, 0, 0, 0
308, 0, 0, 0, 0, 0
309, 0, 0, 0, 0, 0
310, 0, 0, 0, 0, 0
311, 0, 0, 0, 0, 0
312, 0, 0, 0, 0, 0
313, -1.66533e-16, 0, -1.66533e-16, 0, 0
314, 0, 0, 0, 0, 0
315, 0, 0, 0, 0, 0
316, 0, 0, 0, 0, 0
317, 0, 0, 0, 0, 0
318, 0, 0, 0, 0, 0
319, 0, 0, 0, 0, 0
320, 0, 0, 0, 0, 0
321, 47550.3, 58046.4, 47550.4, 58046.4, 83562
322, 23630.6, 28231.6, 23630.6, 28231.6, 42173
323, 1.59162e-12, 6.82121e-13, 1.59162e-12, 6.82121e-13, 0
324, 0, 0, 0, 0, 0
325, 5800, 9198.28, 5800, 9198.28, 19125
326, 0, 0, 0, 0, 0
327, 0, 0, 0, 0, 0
328, 0, 0, 0, 0, 0
329, 2338.38, 3080.22, 2338.38, 3080.22, 6361
330, 0, 0, 0, 0, 0
331, 0, 0, 0, 0, 0
332, -5.55112e-17, 0, -5.55112e-17, 0, 0
333, 0, 0, 0, 0, 0
334, 1.13687e-12, -2.27374e-13, 1.13687e-12, -2.27374e-13, 0
335, 0, 0, 0, 0, 0
336, 0, 0, 0, 0, 0
337, 0, 0, 0, 0, 0
338, 0, 0, 0, 0, 0
339, 0, 0, 0, 0, 0
340, 48.4689, 120.77, 48.4689, 120.77, 437
341, 64006.1, 72365, 64006.1, 72365, 114805
342, 1188.38, 2625.61, 1188.38, 2625.61, 8267
343, 0, 0, 0, 0, 0
344, 3921.62, 4744.46, 3921.62, 4744.46, 6936
345, 0, 0, 0, 0, 0
346, 0, 0, 0, 0, 0
347, 0, 0, 0, 0, 0
348, 0, 0, 0, 0, 0
349, 0, 0, 0, 0, 0
350, 0, 0, 0, 0, 0
351, 625, 625, 625, 625, 625
352, -1.98952e-13, 0, -3.12639e-13, 0, 0
353, 65622.4, 68609.6, 65622.4, 68609.6, 71677
354, 2686.88, 4866.18, 2686.88, 4866.19, 9240
355, 0, 0, 0, 0, 0
356, 1661.92, 2615.08, 1661.92, 2615.08, 3088
357, 2800.94, 4467.96, 2800.94, 4467.96, 4892
358, 296.578, 985.205, 296.578, 985.205, 1122
359, 23153.4, 32432.2, 23153.5, 32432.3, 60292
360, 0, 0, 0, 0, 0
361, 24.7542, 31.1892, 24.7542, 31.1892, 8
362, 2649.08, 5574.02, 2649.11, 5574.04, 12848
363, 0, 0, 0, 0, 0
364, -5.11591e-13, -1.13687e-13, -1.13687e-13, -1.13687e-13, 0
365, 315.454, 1004.88, 315.464, 1004.89, 1586
366, 81.6766, 433.084, 81.6766, 433.084, 431
367, 1, 1, 1, 1, 1
368, 0, 0, 0, 0, 0
369, 4.41536, 37.553, 4.41536, 37.553, 158
370, 3018.17, 5956.07, 3018.17, 5956.07, 8859
371, 0, 0, 0, 0, 0
372, 1415.28, 1868.77, 1415.28, 1868.77, 2354
373, 241.585, 635.8, 241.585, 635.8, 3203
374, -1.13687e-13, 3.41061e-13, -3.97904e-13, 2.27374e-13, 0
375, 1516.96, 2388.35, 1516.96, 2388.35, 4741
376, 847.629, 1049.3, 847.629, 1049.3, 1785
377, 0, 0, 0, 0, 0
378, 0.219231, 0.125368, 0.219231, 0.125368, 0
379, 0, 0, 0, 0, 0
380, 928.23, 305.924, 928.23, 305.924, 847
381, 0, 0, 0, 0, 0
382, 0, 0, 0, 0, 0
383, 11776.7, 12811.1, 11776.7, 12811.1, 10216
384, 101.772, 1026.82, 101.772, 1026.82, 2447
385, 1697.61, 4881.84, 1697.61, 4881.84, 7415
386, 5069.19, 5934.83, 5069.2, 5934.83, 5410
387, 2.27374e-13, 3.41061e-13, 2.27374e-13, 3.41061e-13, 0
388, 1345.54, 3179.72, 1345.54, 3179.72, 9536
389, 0, 0, 0, 0, 0
390, 0.486278, 29.4718, 0.486278, 29.4718, 29
391, 1451.71, 3464.48, 1451.71, 3464.48, 15757
392, 15350, 22065.5, 15350, 22065.5, 35777
393, 0.436535, 167, 0.436535, 167, 167
394, 3206.87, 4317.77, 3206.87, 4317.78, 7222
395, 5.92714, 0.513732, 5.92714, 0.513732, 0
396, 0, 0, 0, 0, 0
397, 954.332, 2699.54, 954.332, 2699.54, 3375
398, 0, 0, 0, 0, 0
399, -2.27374e-13, 0, -2.27374e-13, 1.13687e-13, 0
400, 749.944, 804.314, 749.941, 804.307, 787
401, 7.95808e-13, 0, 7.95808e-13, 0, 0
402, 0, 0, 0, 0, 0
403, 1365.55, 2402.89, 1365.55, 2402.89, 2793
404, 5.68434e-14, 1.13687e-13, 0, -5.68434e-14, 0
405, 13.1764, 54.0769, 13.1764, 54.0769, 886
406, 9792.22, 15304.4, 9792.23, 15304.4, 26996
407, 7868.84, 8992.37, 7868.84, 8992.37, 15204
408, 0, 0, 0, 0, 0
409, 0.652888, 35, 0.652888, 35, 35
410, -6.03684e-16, 0, -6.03684e-16, 0, 0
411, 0, 0, 0, 0, 0
412, -3.97904e-13, 5.68434e-14, -3.97904e-13, 5.68434e-14, 0
413, 2.84217e-14, 9.09495e-13, 2.84217e-14, 9.09495e-13, 0
414, 8.02136e-15, 0, 8.02136e-15, 0, 0
415, 0, 0, 0, 0, 0
416, -5.68434e-14, 1.13687e-13, -1.13687e-13, 2.27374e-13, 0
417, 1793.78, 2176.24, 1793.78, 2176.24, 3058
418, -3.41061e-13, -2.27374e-13, 2.27374e-13, 0, 0
419, 1.20792e-12, 1.42109e-13, 1.20792e-12, 1.42109e-13, 0
420, -6.53699e-13, -5.68434e-14, -6.53699e-13, -5.68434e-14, 0
421, 8381.68, 9647.8, 8381.68, 9647.8, 13398
422, -7.10543e-13, -5.68434e-14, -7.10543e-13, -5.68434e-14, 0
423, 1.08002e-12, 5.68434e-14, 9.66338e-13, 5.68434e-14, 0
424, -4.26326e-13, 5.68434e-14, -4.26326e-13, 5.68434e-14, 0
425, 0, 0, 0, 0, 0
426, 103.811, 361.375, 103.811, 361.375, 233
427, 0, 0, 0, 0, 0
428, 5.41786, 4.78369, 5.41801, 4.78382, 0
429, -5.96856e-13, 5.68434e-14, -5.96856e-13, 5.68434e-14, 0
430, 0, 0, 0, 0, 0
431, 4743.58, 3862.4, 4743.58, 3862.4, 4193
432, 155.84, 132.974, 155.84, 132.974, 132
433, 1324.3, 1200.74, 1324.3, 1200.74, 1196
434, 877.844, 2026.5, 877.844, 2026.5, 2329
435, 52.12, 122.998, 52.12, 122.998, 68
436, 15.6831, 26.5548, 15.6831, 26.5548, 0
437, 11917.6, 15154.3, 11917.6, 15154.3, 22399
438, 10485.8, 21667.2, 10485.6, 21667.1, 51805
439, 3354.69, 3886.01, 3354.7, 3886.01, 5879
440, 3.82087, 107.927, 3.82087, 107.927, 1063
441, 6.48889, -2.27374e-13, 6.48889, -2.27374e-13, 0
442, 1.13687e-13, -7.95808e-13, 1.13687e-13, -7.95808e-13, 0
443, 0, 0, 0, 0, 0
444, 3.55946, 2.49146, 3.55946, 2.49146, 0
445, -8.2423e-13, 0, -8.2423e-13, 0, 0
446, -8.2423e-13, 0, -8.2423e-13, 0, 0
447, 174.169, 204.607, 174.169, 204.607, 1415
448, -1.19371e-12, 2.27374e-13, -1.19371e-12, 2.27374e-13, 0
449, 1.02318e-12, -1.13687e-13, 1.02318e-12, -1.13687e-13, 0
450, -4.54747e-13, 1.7053e-13, -4.54747e-13, 1.7053e-13, 0
451, 1.98952e-13, 1.7053e-13, 1.98952e-13, 1.7053e-13, 0
452, 0, 0, 0, 0, 0
453, 3.41061e-13, -4.54747e-13, 3.41061e-13, -4.54747e-13, 0
454, 2744.94, 2111.65, 2744.94, 2111.65, 3219
455, 185.634, 758.513, 185.634, 758.513, 726
456, 1.7053e-13, -2.84217e-13, 3.97904e-13, -3.97904e-13, 0
457, 0, 0, 0, 0, 0
458, 0, 0, 0, 0, 0
459, 7.85651, 18.3199, 7.85651, 18.3199, 18
460, 14.7422, 1.74159, 14.7422, 1.74159, 0
461, 0, 0, 0, 0, 0
462, 0, 0, 0, 0, 0
463, 810.882, 1220.72, 810.882, 1220.72, 1083
464, 47.5809, 144.053, 47.5809, 144.053, 565
465, 0, 0, 0, 0, 0
466, 0, 0, 0, 0, 0
467, 37.8267, 372.15, 37.8267, 372.15, 1109
468, 638.399, 639.241, 638.399, 639.241, 635
469, 0, 0, 0, 0, 0
470, 0, 0, 0, 0, 0
471, 0, 0, 0, 0, 0
472, 0.0015528, 0, 0.0015528, 0, 0
473, 12.005, 28.1573, 12.005, 28.1573, 305
474, 0, 0, 0, 0, 0
475, 0, 0, 0, 0, 0
476, 416.77, 968.285, 416.77, 968.285, 968
477, 0, 0, 0, 0, 0
478, 5.41032, 4.21963, 5.41032, 4.21963, 0
479, 0, 0, 0, 0, 0
480, 3.97904e-13, -1.13687e-13, 3.97904e-13, -1.13687e-13, 0
481, 452.595, 565.482, 452.595, 565.482, 396
482, -6.25278e-13, -2.27374e-13, -6.25278e-13, -2.27374e-13, 0
483, 5153.42, 4558.19, 5153.42, 4558.19, 5745
484, 0, 0, 0, 0, 0
485, 0, 0, 0, 0, 0
486, -3.66995e-12, -1.62004e-12, -2.4194e-12, -1.62004e-12, 0
487, 14.0453, 116.338, 14.0453, 116.338, 987
488, -5.68434e-13, 2.27374e-13, -5.68434e-13, 2.27374e-13, 0
489, -5.68434e-13, -1.13687e-13, -5.68434e-13, -1.13687e-13, 0
490, -6.82121e-13, 5.68434e-13, -6.82121e-13, 5.68434e-13, 0
491, -3.37064e-13, 2.29594e-13, -3.37064e-13, 2.29594e-13, 0
492, 7.38964e-13, 1.7053e-13, 7.38964e-13, 1.7053e-13, 0
493, 45.2697, 614.86, 45.2697, 614.86, 689
494, 0, 0, 0, 0, 0
495, 0, 0, 0, 0, 0
496, -1.36424e-12, 4.54747e-13, -1.36424e-12, 4.54747e-13, 0
497, 7.95808e-13, -1.13687e-13, 7.95808e-13, -1.13687e-13, 0
498, 5.40012e-13, 5.68434e-14, 5.40012e-13, 5.68434e-14, 0
499, 1.02318e-12, -7.95808e-13, 1.02318e-12, -7.95808e-13, 0
500, 6.92779e-14, -9.59233e-14, 6.92779e-14, -9.59233e-14, 0
501, 0, 0, 0, 0, 0
502, 48.9953, 135.021, 48.9953, 135.021, 114
503, 35.2765, 318.57, 35.2765, 318.57, 281
504, 0, 0, 0, 0, 0
505, 0.00445467, 119.036, 0.00445467, 119.036, 476
506, 0, 0, 0, 0, 0
507, -1.7053e-12, 7.38964e-13, -1.7053e-12, 7.38964e-13, 0
508, 0, 0, 0, 0, 0
509, 2.55795e-13, 4.54747e-13, 2.55795e-13, 4.54747e-13, 0
510, 0, 0, 0, 0, 0
511, 0.134487, 0, 0.134487, 0, 0
512, 0, 0, 0, 0, 0
513, 0, 0, 0, 0, 0
514, 0, 0, 0, 0, 0
515, 698.592, 1147.36, 698.592, 1147.36, 6079
516, 0, 0, 0, 0, 0
517, 0, 0, 0, 0, 0
518, 0, 0, 0, 0, 0
519, 0.00243985, 0, 0.00243985, 0, 0
520, 1.13687e-12, -3.41061e-13, 1.13687e-12, -3.41061e-13, 0
521, 0, 0, 0, 0, 0
522, 1.53906, 1.83634, 1.53906, 1.83635, 0
523, 0, 0, 0, 0, 0
524, -4.54747e-13, -2.27374e-13, -4.54747e-13, -2.27374e-13, 0
525, 0, 0, 0, 0, 0
526, 0, 0, 0, 0, 0
527, 0, 0, 0, 0, 0
528, 0, 0, 0, 0, 0
529, 0, 0, 0, 0, 0
530, 0, 0, 0, 0, 0
531, 0, 0, 0, 0, 0
532, 0, 0, 0, 0, 0
533, 0, 0, 0, 0, 0
534, 0, 0, 0, 0, 0
535, 507.092, 467.195, 507.092, 467.195, 462
536, -2.27374e-12, 3.06954e-12, -2.27374e-12, 3.06954e-12, 0
537, 81.9504, 8.00481, 81.9504, 8.00481, 0
538, 2.4869e-14, 0, 2.4869e-14, 0, 0
539, 0, 3.41061e-13, 3.41061e-13, 4.54747e-13, 0
540, -5.68434e-13, -1.13687e-13, -5.68434e-13, -1.13687e-13, 0
541, 0.0625, -2.84217e-13, 0.0625, -2.84217e-13, 0
542, -4.61853e-14, 4.61853e-14, -4.61853e-14, 4.61853e-14, 0
543, 0, 0, 0, 0, 0
544, 0, 1.7053e-13, -3.41061e-13, -3.41061e-13, 0
545, 0, 0, 0, 0, 0
546, 198.192, 327.071, 198.192, 327.071, 0
547, 0.166208, 2.27374e-13, 0.166208, 2.27374e-13, 0
548, 0.171526, 0.442504, 0.171526, 0.442504, 0
549, 0, 0, 0, 0, 0
550, 108.043, 123.408, 108.043, 123.408, 36
551, 1.25056e-12, 7.95808e-13, 1.25056e-12, 7.95808e-13, 0
552, 0.247725, 3.69029, 0.247725, 3.69029, 0
553, 2.72848e-12, 1.93268e-12, 2.72848e-12, 1.93268e-12, 0
554, 1.56189, 4.71936, 1.56189, 4.71936, 0
555, 5.40012e-13, 5.68434e-14, 5.40012e-13, 5.68434e-14, 0
556, 0, 0, 0, 0, 0
557, 0, -2.84217e-14, 0, -2.84217e-14, 0
558, 263.745, 1698.72, 263.745, 1698.72, 12118
559, 0, 0, 0, 0, 0
560, -1.59162e-12, 1.13687e-13, -1.93268e-12, 1.13687e-13, 0
561, 0.247725, 6.83017, 0.247725, 6.83017, 0
562, 1.7053e-13, 3.97904e-13, 1.7053e-13, 3.97904e-13, 0
563, -6.31606e-13, 1.13687e-13, -6.31606e-13, 1.13687e-13, 0
564, 0, 0, 0, 0, 0
565, -8.52651e-14, -2.84217e-13, 1.42109e-13, -2.84217e-13, 0
566, 0, 0, 0, 0, 0
567, 3.41061e-13, -4.54747e-13, 3.41061e-13, -4.54747e-13, 0
568, 3.41061e-13, 3.41061e-13, 3.41061e-13, 3.41061e-13, 0
569, 0, 0, 0, 0, 0
570, -5.40012e-13, -1.13687e-13, -5.40012e-13, -1.13687e-13, 0
571, 898.323, 392, 898.323, 392, 392
572, 0, 0, 0, 0, 0
573, 0, 0, 0, 0, 0
574, 0, 0, 0, 0, 0
575, 0, -4.54747e-13, 0, -4.54747e-13, 0
576, 3.15242, 50.4561, 3.15242, 50.4561, 280
577, 0, 0, 0, 0, 0
578, 0, -2.27374e-13, 0, -2.27374e-13, 0
579, 5.45697e-12, 2.38742e-12, 5.45697e-12, 2.38742e-12, 0
580, 0, 0, 0, 0, 0
581, 0, 0, 0, 0, 0
582, 0, 0, 0, 0, 0
583, 0.781941, 395, 0.781941, 395, 395
584, 0, 0, 0, 0, 0
585, 0, 0, 0, 0, 0
586, 0, 0, 0, 0, 0
587, 0, 0, 0, 0, 0
588, 0, 0, 0, 0, 0
589, 1000.06, 1229.64, 1000.06, 1229.64, 1660
590, 8.2423e-13, -4.54747e-13, 8.2423e-13, -4.54747e-13, 0
591, 883.29, 1083.24, 883.29, 1083.24, 6724
592, 1.68754e-14, 1.37668e-13, 1.68754e-14, 1.37668e-13, 0
593, 0, 0, 0, 0, 0
594, -3.97904e-13, -5.68434e-13, -3.97904e-13, -5.68434e-13, 0
595, 0, 0, 0, 0, 0
596, -3.33067e-16, 0, -3.33067e-16, 0, 0
597, 0, 0, 0, 0, 0
598, 5342.63, 6691.68, 5342.7, 6691.72, 7468
599, 3.41061e-13, -1.19371e-12, 3.41061e-13, -1.19371e-12, 0
600, 1.08002e-12, 8.2423e-13, 1.13687e-12, 8.2423e-13, 0
601, 0, 0, 0, 0, 0
602, 0, 0, 0, 0, 0
603, -3.41061e-13, 1.13687e-13, 3.41061e-13, 0, 0
604, 4.54747e-13, -4.54747e-13, 4.54747e-13, -4.54747e-13, 0
605, 0, 0, 0, 0, 0
606, 20.4805, 164, 20.4805, 164, 164
607, 185.291, 324.567, 185.294, 324.568, 1921
608, 8.38599, 546.197, 8.38599, 546.197, 542
609, 11.4565, 254.984, 11.4565, 254.984, 267
610, -4.54747e-13, 2.27374e-13, -4.54747e-13, 2.27374e-13, 0
611, 0.465208, 0.178963, 0.465208, 0.178963, 0
612, 162.61, 640.312, 162.61, 640.312, 1337
613, -9.09495e-13, -4.54747e-13, -9.09495e-13, -4.54747e-13, 0
614, 6.53699e-13, -4.54747e-13, 6.53699e-13, -4.54747e-13, 0
615, 0, 0, 0, 0, 0
616, -1.13687e-13, 0, -1.13687e-13, 0, 0
617, 283.762, 286, 283.762, 286, 286
618, 0, 0, 0, 0, 0
619, 0, 0, 0, 0, 0
620, 0, 0, 0, 0, 0
621, 0, 0, 0, 0, 0
622, -2.84217e-13, 0, -2.84217e-13, 0, 0
623, -9.09495e-13, -4.54747e-13, -9.09495e-13, -4.54747e-13, 0
624, 0, 0, 0, 0, 0
625, 1.42109e-14, -1.42109e-14, 1.42109e-14, -1.42109e-14, 0
626, 50.4825, 687.488, 50.4825, 687.488, 6134
627, -5.68434e-14, 1.13687e-13, -5.68434e-14, 1.13687e-13, 0
628, 0, 0, 0, 0, 0
629, 0, 0, 0, 0, 0
630, 1.13687e-13, -1.13687e-13, 1.13687e-13, 0, 0
631, 3.04202, 5.84736, 3.04202, 5.84736, 0
632, 7.1998e-13, -1.13687e-13, 7.1998e-13, -1.13687e-13, 0
633, 1.13687e-13, 0, 2.27374e-13, 0, 0
634, 5.68434e-13, -2.27374e-13, 5.68434e-13, -2.27374e-13, 0
635, 4.54747e-13, -3.41061e-13, 4.54747e-13, -3.41061e-13, 0
636, 0, 0, 0, 0, 0
637, -2.27374e-13, 1.13687e-13, 3.41061e-13, 1.13687e-13, 0
638, 0, 0, 0, 0, 0
639, 4.64021, 11.5321, 4.64021, 11.5321, 676
640, -3.41061e-13, 1.13687e-13, 3.41061e-13, 0, 0
641, 340.238, 500.785, 340.238, 500.785, 844
642, 0, 0, 0, 0, 0
643, 0, 0, 0, 0, 0
644, 0, 0, 0, 0, 0
645, 0, 0, 0, 0, 0
646, 0, 0, 0, 0, 0
647, 9.09495e-13, -3.41061e-13, 9.09495e-13, -3.41061e-13, 0
648, 0, 0, 0, 0, 0
649, 191, 381, 191, 381, 571
650, 5.68434e-13, 1.13687e-13, 5.68434e-13, 1.13687e-13, 0
651, 2.55795e-12, 1.7053e-12, 2.55795e-12, 1.7053e-12, 0
652, 385.724, 1094.17, 385.721, 1094.17, 2021
653, 0, 0, 0, 0, 0
654, 32.3028, 195.063, 32.3028, 195.063, 0
655, 0, 0, 0, 0, 0
656, -5.68434e-13, -2.27374e-13, -5.68434e-13, -2.27374e-13, 0
657, 6.82121e-13, 2.27374e-13, 6.82121e-13, 2.27374e-13, 0
658, 20.2398, 41.7928, 20.2398, 41.7928, 264
659, 8.2791, 26.9781, 8.2791, 26.9781, 250
660, 0, 0, 0, 0, 0
661, 352.36, 1061.23, 352.36, 1061.23, 2960
662, -5.68434e-14, 5.68434e-14, -5.68434e-14, 5.68434e-14, 0
663, 0, -1.13687e-13, 1.13687e-13, -4.54747e-13, 0
664, 4, 36, 4, 36, 744
665, 0, 0, 0, 0, 0
666, -1.11022e-16, 0, -1.11022e-16, 0, 0
667, -6.82121e-13, 8.52651e-13, -7.95808e-13, 8.52651e-13, 0
668, 0, 0, 0, 0, 0
669, 0, 0, 0, 0, 0
670, 0, 0, 0, 0, 0
671, 0, 0, 0, 0, 0
672, 0, 0, 0, 0, 0
673, 0, 0, 0, 0, 0
674, 0, 0, 0, 0, 0
675, 2.72848e-12, -1.13687e-13, 2.72848e-12, -1.13687e-13, 0
676, 7.08232, 5.71135, 7.08246, 5.71143, 0
677, 0, 0, 0, 0, 0
678, 5.11591e-13, 0, 5.11591e-13, 0, 0
679, 3824.64, 2793.71, 3824.64, 2793.71, 2678
680, 0.541911, 1.1688, 0.541911, 1.1688, 0
681, -1.36424e-12, -1.36424e-12, -1.36424e-12, -1.36424e-12, 0
682, -8.52651e-14, 4.54747e-13, -8.52651e-14, -2.27374e-13, 0
683, 1432.64, 2073.01, 1432.64, 2073.01, 2068
684, 7.95808e-13, -1.13687e-13, 7.95808e-13, -1.13687e-13, 0
685, 0, 0, 0, 0, 0
686, 0, 0, 0, 0, 0
687, 0, 0, 0, 0, 0
688, -3.41061e-13, 2.27374e-13, -3.41061e-13, 2.27374e-13, 0
689, 148.285, 802.966, 148.285, 802.966, 1009
690, -9.09495e-13, 6.82121e-13, -9.09495e-13, 6.82121e-13, 0
691, 0, 0, 0, 0, 0
692, 6.67472, -2.27374e-13, 6.67472, -2.27374e-13, 0
693, -5.68434e-14, -3.97904e-13, -5.68434e-14, -3.97904e-13, 0
694, 0, 0, 0, 0, 0
695, -2.27374e-13, -2.27374e-13, -2.27374e-13, -2.27374e-13, 0
696, 3.90644, 3.6676, 3.90644, 3.6676, 0
697, 0, 0, 0, 0, 0
698, 0.0149254, -2.27374e-13, 0.0149254, -2.27374e-13, 0
699, 915.492, 1896.04, 915.492, 1896.04, 4346
700, 0, 0, 0, 0, 0
701, 0, 0, 0, 0, 0
702, 4.82179, 8.51817, 4.82179, 8.51817, 25
703, 372, 372, 372, 372, 372
704, -4.54747e-13, 2.27374e-13, -4.54747e-13, 2.27374e-13, 0
705, 2.1737, 12.7868, 2.1737, 12.7868, 104
706, 0, 0, 0, 0, 0
707, 0, 0, 0, 0, 0
708, -2.27374e-13, 0, 2.27374e-13, 2.27374e-13, 0
709, 9.09495e-13, 0, 9.09495e-13, 0, 0
710, 9.09495e-13, 0, 9.09495e-13, 0, 0
711, 0, 0, 0, 0, 0
712, 0, 0, 0, 0, 0
713, 0, 0, 0, 0, 0
714, -2.27374e-13, 0, 2.27374e-13, 2.27374e-13, 0
715, 1.13687e-13, 2.27374e-13, 1.13687e-13, 2.27374e-13, 0
716, 0, 0, 0, 0, 0
717, 0, 0, 0, 0, 0
718, 0, 0, 0, 0, 0
719, 0, 0, 0, 0, 0
720, 1690.26, 1921, 1690.26, 1921, 1921
721, -5.68434e-13, -2.27374e-13, -5.68434e-13, -2.27374e-13, 0
722, 0, 0, 0, 0, 0
723, 4.37606, 18.2354, 4.37606, 18.2354, 155
724, 1.02318e-12, -1.13687e-13, 1.02318e-12, -1.13687e-13, 0
725, -9.09495e-13, 2.50111e-12, -9.09495e-13, 2.50111e-12, 0
726, 5.22959e-12, 6.82121e-13, 5.22959e-12, 6.82121e-13, 0
727, 1.7053e-13, 5.68434e-13, 1.7053e-13, 5.68434e-13, 0
728, 0, 0, 0, 0, 0
729, 0, 0, 0, 0, 0
730, 0, 0, 0, 0, 0
731, 842.749, 1232, 842.749, 1232, 1232
732, 6.13909e-12, 3.18323e-12, 6.13909e-12, 3.18323e-12, 0
733, 1.19371e-12, -1.25056e-12, 1.19371e-12, -1.25056e-12, 0
734, 0, -3.41061e-13, 0, -3.41061e-13, 0
735, 6.82232e-14, -1.13687e-13, 1.8191e-13, -2.27374e-13, 0
736, -2.27374e-13, -1.13687e-13, -2.27374e-13, -1.13687e-13, 0
737, 0, 0, 0, 0, 0
738, 0, 0, 0, 0, 0
739, -9.09495e-13, 2.50111e-12, -9.09495e-13, 2.50111e-12, 0
740, 6.22742, 16.7983, 6.22742, 16.7983, 0
741, 7.57894e-13, -2.27374e-13, 7.57894e-13, -2.27374e-13, 0
742, 0, 0, 0, 0, 0
743, 0, 0, 0, 0, 0
744, 518, 518, 518, 518, 518
745, -2.27374e-13, -1.13687e-13, -2.27374e-13, -1.13687e-13, 0
746, 0.5, 2, 0.5, 2, 123
747, 0, -3.41061e-13, 0, 1.13687e-13, 0
748, 0, 0, 0, 0, 0
749, 2.6148e-12, 1.13687e-12, 2.6148e-12, 1.13687e-12, 0
750, -5.68434e-13, 1.13687e-13, -2.27374e-13, -4.54747e-13, 0
751, -9.09495e-13, 2.50111e-12, -9.09495e-13, 2.50111e-12, 0
752, 5.00573, 13.28, 5.00573, 13.28, 36
753, 0, 0, 0, 0, 0
754, 0, 0, 0, 0, 0
755, 0.460796, 2.13163e-14, 0.460796, 2.13163e-14, 0
756, 0, 0, 0, 0, 0
757, 0, 0, 0, 0, 0
758, 0, 0, 0, 0, 0
759, 0, 0, 0, 0, 0
760, 0, 0, 0, 0, 0
761, 0, 0, 0, 0, 0
762, 0, 0, 0, 0, 0
763, 0, 0, 0, 0, 0
764, 0, 0, 0, 0, 0
765, 0, 0, 0, 0, 0
766, 0, 0, 0, 0, 0
767, 0, 0, 0, 0, 0
768, 0, 0, 0, 0, 0
769, 0, 0, 0, 0, 0
770, 0, 0, 0, 0, 0
771, 0, 0, 0, 0, 0
772, 0, 0, 0, 0, 0
773, 21.8408, 201.032, 21.8408, 201.032, 235
774, 0, 0, 0, 0, 0
775, 0, 0, 0, 0, 0
776, 0, 0, 0, 0, 0
777, 0, 0, 0, 0, 0
778, 0, 0, 0, 0, 0
779, 0, 0, 0, 0, 0
780, 0, 0, 0, 0, 0
781, 0, 0, 0, 0, 0
782, 0, 0, 0, 0, 0
783, -2.27374e-13, 4.54747e-13, -2.27374e-13, 4.54747e-13, 0
784, 3.41061e-13, 0, 3.41061e-13, 0, 0
785, 0, 0, 0, 0, 0
786, 3.58582, 99.4971, 3.58582, 99.4971, 99
787, 0, 0, 0, 0, 0
788, 0, 0, 0, 0, 0
789, 0, 0, 0, 0, 0
790, 9.09495e-13, -1.02318e-12, 9.09495e-13, -1.02318e-12, 0
791, 0, 0, 0, 0, 0
792, 1.19371e-12, 1.13687e-12, 1.19371e-12, 1.13687e-12, 0
793, 1562, 1562, 1562, 1562, 1562
794, -1.36424e-12, 7.95808e-13, -1.36424e-12, 7.95808e-13, 0
795, 81.7154, 24.4605, 81.7154, 24.4605, 4
796, 1.59162e-12, -1.13687e-13, 1.59162e-12, -1.13687e-13, 0
797, -6.82121e-13, 1.13687e-13, -6.82121e-13, 1.13687e-13, 0
798, 0, 0, 0, 0, 0
799, 0, 0, 0, 0, 0
800, 1.13687e-13, -5.68434e-13, 1.13687e-13, -5.68434e-13, 0
801, 0, 0, 0, 0, 0
802, 0, 0, 0, 0, 0
803, 0, 0, 0, 0, 0
804, 0, 0, 0, 0, 0
805, 0, 0, 0, 0, 0
806, -7.58282e-14, 0.0204271, -7.58282e-14, 0.0204271, 0
807, 637.387, 748.196, 637.387, 748.196, 1719
808, 66.297, 277, 66.297, 277, 277
809, 0, 0, 0, 0, 0
810, 0, 0, 0, 0, 0
811, 902, 902, 902, 902, 902
812, 0, 0, 0, 0, 0
813, 0, 0, 0, 0, 0
814, 0, 0, 0, 0, 0
815, 0, 0, 0, 0, 0
816, 0, 0, 0, 0, 0
817, 3.83333, 6, 3.83333, 6, 6
818, 0, 0, 0, 0, 0
819, 0, 0, 0, 0, 0
820, 0, 0, 0, 0, 0
821, 5.68434e-14, 0, 5.68434e-14, 0, 0
822, 0, 0, 0, 0, 0
823, 0, 0, 0, 0, 0
824, 0, 0, 0, 0, 0
825, 0, 0, 0, 0, 0
826, 0, 0, 0, 0, 0
827, 1.13687e-13, 0, 1.13687e-13, 0, 0
828, 0, 0, 0, 0, 0
829, 0, 0, 0, 0, 0
830, 0, 0, 0, 0, 0
831, 0, 0, 0, 0, 0
832, 0.887324, 0, 0.887324, 0, 0
833, 0.5, 1, 0.5, 1, 1
834, -5.68434e-13, 1.13687e-13, -5.68434e-13, 1.13687e-13, 0
835, 0, 0, 0, 0, 0
836, 3.41061e-13, 2.27374e-13, 3.41061e-13, 2.27374e-13, 0
837, -2.27374e-13, 0, -2.27374e-13, 0, 0
838, 5.68434e-14, 0, 5.68434e-14, 0, 0
839, 0, 0, 0, 0, 0
840, 1.13687e-13, 0, 1.13687e-13, 0, 0
841, 452, 452, 452, 452, 452
842, 1.13687e-13, 1.13687e-13, 1.13687e-13, 0, 0
843, 0, 0, 0, 0, 0
844, 0, 1.13687e-13, -2.27374e-13, 2.27374e-13, 0
845, 0, 0, 0, 0, 0
846, -1.13687e-13, 2.27374e-13, -1.13687e-13, 2.27374e-13, 0
847, 1.93268e-12, 1.25056e-12, 1.93268e-12, 1.25056e-12, 0
848, 2.27374e-13, 0, 2.27374e-13, 0, 0
849, -1.13687e-13, -3.41061e-13, 0, -3.41061e-13, 0
850, -3.41061e-13, 1.13687e-13, -2.27374e-13, 3.41061e-13, 0
851, -2.6148e-12, 6.82121e-13, -2.6148e-12, 6.82121e-13, 0
852, 0, 1.13687e-13, -2.27374e-13, 2.27374e-13, 0
853, -5.68434e-13, 1.13687e-13, -5.68434e-13, 1.13687e-13, 0
854, 1.59162e-12, 4.54747e-13, 1.59162e-12, 4.54747e-13, 0
855, 30.0603, 407.402, 30.0604, 407.403, 4585
856, -1.13687e-13, -7.95808e-13, 1.13687e-13, -7.95808e-13, 0
857, 1.81899e-12, 1.36424e-12, 1.81899e-12, 1.36424e-12, 0
858, 0, 0, 0, 0, 0
859, 0, 0, 0, 0, 0
860, 1331.08, 1370.78, 1331.08, 1370.78, 1387
861, 0, 0, 0, 0, 0
862, -1.81899e-12, 1.7053e-13, -1.81899e-12, 1.7053e-13, 0
863, 379.041, 1152.13, 379.041, 1152.13, 2250
864, 4.54779, 1.13506, 4.54779, 1.13506, 0
865, -3.41061e-13, 1.13687e-13, -3.41061e-13, 1.13687e-13, 0
866, 0, 0, 0, 0, 0
867, 1.42109e-14, -1.42109e-14, 1.42109e-14, -1.42109e-14, 0
868, -2.27374e-13, 1.13687e-13, -2.27374e-13, 1.13687e-13, 0
869, 1024.4, 1367.27, 1024.4, 1367.27, 734
870, 0, 4.54747e-13, 0, 3.41061e-13, 0
871, 17.5982, 21.3838, 17.5982, 21.3838, 0
872, -2.16005e-12, 2.38742e-12, -2.16005e-12, 2.38742e-12, 0
873, 308.235, 484.115, 308.235, 484.115, 565
874, 0, 0, 0, 0, 0
875, 0, 0, 0, 0, 0
876, 0, 4.54747e-13, 0, 3.41061e-13, 0
877, -1.36424e-12, 6.82121e-13, -1.36424e-12, 6.82121e-13, 0
878, 0, 0, 0, 0, 0
879, 0, 0, 0, 0, 0
880, 26.3529, 28.4112, 26.3529, 28.4112, 16
881, 0, 0, 0, 0, 0
882, 0, 0, 0, 0, 0
883, -4.54747e-13, -3.41061e-13, -1.13687e-13, -3.41061e-13, 0
884, -1.13687e-13, 2.27374e-13, -1.13687e-13, 1.13687e-13, 0
885, 0, 0, 0, 0, 0
886, 2.27374e-13, 2.27374e-13, 1.13687e-13, 2.27374e-13, 0
887, -1.13687e-13, 3.41061e-13, -2.27374e-13, 2.27374e-13, 0
888, -2.27374e-13, -1.13687e-13, -2.27374e-13, 0, 0
889, 0, 4.54747e-13, 0, 3.41061e-13, 0
890, 23.2891, 69.2524, 23.2891, 69.2525, 3360
891, 2.50111e-12, -4.54747e-13, 2.50111e-12, -4.54747e-13, 0
892, 0, 0, 0, 0, 0
893, 0, 0, 0, 0, 0
894, 0, 0, 0, 0, 0
895, 0, 0, 0, 0, 0
896, 24.1335, 25.8027, 24.1335, 25.8027, 0
897, -1.13687e-13, 0, 2.27374e-13, -1.13687e-13, 0
898, 0, 0, 0, 0, 0
899, 1.13687e-13, -1.13687e-13, -1.13687e-13, -2.27374e-13, 0
900, 0, -2.27374e-13, -2.27374e-13, 0, 0
901, 0, 0, 0, 0, 0
902, 5.68434e-13, -3.41061e-13, 5.68434e-13, -3.41061e-13, 0
903, 4.8829, 8.93646, 4.8829, 8.93646, 0
904, -4.54747e-13, 4.54747e-13, -4.54747e-13, 4.54747e-13, 0
905, 0, 0, 0, 0, 0
906, 0, 0, 0, 0, 0
907, 0, 0, 0, 0, 0
908, 1.81104, 5.68434e-14, 1.81104, 5.68434e-14, 0
909, 660.024, 660.003, 660.024, 660.003, 660
910, 0, 0, 0, 0, 0
911, 0, 0, 0, 0, 0
912, 0, 0, 0, 0, 0
913, -2.27374e-13, -3.41061e-13, 0, -3.41061e-13, 0
914, 4.36984e-13, 3, 4.36984e-13, 3, 3
915, -1.13687e-13, 2.27374e-13, -1.13687e-13, 2.27374e-13, 0
916, 0, 0, 0, 0, 0
917, 0, -3.41061e-13, 0, -3.41061e-13, 0
918, 0, 0, 0, 0, 0
919, 39.5152, 34.0774, 39.5152, 34.0774, 0
920, 0, 0, 0, 0, 0
921, 1.22926, 1.35468, 1.22926, 1.35468, 0
922, 0, 0, 0, 0, 0
923, 4652.25, 5985.89, 4652.26, 5985.89, 8400
924, -3.04112e-12, 5.68434e-14, -3.04112e-12, 5.68434e-14, 0
925, -1.11022e-16, 0, -1.11022e-16, 0, 0
926, 0, 0, 0, 0, 0
927, 1.93268e-12, 10, 1.93268e-12, 10, 10
928, 0, 0, 0, 0, 0
929, 0, 0, 0, 0, 0
930, 2.84217e-12, 3.41061e-13, 2.84217e-12, 3.41061e-13, 0
931, 0, 0, 0, 0, 0
932, 0, 0, 0, 0, 0
933, -1.13687e-13, 1.13687e-13, -1.13687e-13, 1.13687e-13, 0
934, 0, 0, 0, 0, 0
935, 0, 0, 0, 0, 0
936, 390.445, 438.416, 390.445, 438.416, 0
937, 0, 0, 0, 0, 0
938, 0, 0, 0, 0, 0
939, 0, 0, 0, 0, 0
940, 0, 0, 0, 0, 0
941, 0, 0, 0, 0, 0
942, 0, 0, 0, 0, 0
943, 0.333333, 115, 0.333333, 115, 115
944, 0, 0, 0, 0, 0
945, 0, 0, 0, 0, 0
946, 1.44023, 1.72481, 1.44023, 1.72481, 0
947, -6.53699e-13, 4.54747e-13, -6.53699e-13, 4.54747e-13, 0
948, -5.68434e-13, 7.95808e-13, -5.68434e-13, 7.95808e-13, 0
949, 1.13687e-13, -2.27374e-13, 1.81899e-12, -2.27374e-13, 0
950, 0, 0, 0, 0, 0
951, 0, 0, 0, 0, 0
952, 0, 0, 0, 0, 0
953, -5.68434e-13, -3.41061e-13, -5.68434e-13, -3.41061e-13, 0
954, 0, -1.13687e-13, 0, 1.13687e-13, 0
955, 0, 0, 0, 0, 0
956, 0, 0, 0, 0, 0
957, 0, 0, 0, 0, 0
958, 2.84217e-13, 3.97904e-13, -3.97904e-13, 3.97904e-13, 0
959, 0, 0, 0, 0, 0
960, 1.81899e-12, -9.09495e-13, 1.81899e-12, -9.09495e-13, 0
961, -2.84217e-12, 7.95808e-13, -2.84217e-12, 7.95808e-13, 0
962, 0, 0, 0, 0, 0
963, 1.08002e-12, 6.82121e-13, 9.09495e-13, 6.82121e-13, 0
964, 0, 0, 0, 0, 0
965, 361, 361, 361, 361, 361
966, -1.25056e-12, -1.13687e-13, -1.25056e-12, -1.13687e-13, 0
967, 1.02318e-12, 2.27374e-13, 1.02318e-12, 2.27374e-13, 0
968, 0, -1.13687e-13, 0, 1.13687e-13, 0
969, -7.95808e-13, 3.41061e-13, -7.95808e-13, 3.41061e-13, 0
970, -4.54747e-13, 2.84217e-13, -4.54747e-13, 2.84217e-13, 0
971, -1.7053e-12, -4.54747e-13, -1.7053e-12, -4.54747e-13, 0
972, -1.13687e-13, 2.27374e-13, -1.13687e-13, 2.27374e-13, 0
973, -3.41061e-13, 0, -6.82121e-13, 0, 0
974, 0, 0, 0, 0, 0
975, 1.81899e-12, -9.09495e-13, 1.81899e-12, -9.09495e-13, 0
976, 0, 0, 0, 0, 0
977, 1.81899e-12, -9.09495e-13, 1.81899e-12, -9.09495e-13, 0
978, 0, 0, 0, 0, 0
979, 2.09129, 0, 2.09129, 0, 0
980, -2.84217e-13, 0, -4.54747e-13, -1.13687e-13, 0
981, 0, 0, 0, 0, 0
982, -1.13687e-12, -1.13687e-13, -1.13687e-12, -1.13687e-13, 0
983, 0, 0, 0, 0, 0
984, 0, 0, 0, 0, 0
985, 0, 0, 0, 0, 0
986, 0, 0, 0, 0, 0
987, 62.5139, 46.7805, 62.5139, 46.7805, 16
988, 0, 0, 0, 0, 0
989, 0.00444444, 9, 0.00444444, 9, 9
990, 0, 0, 0, 0, 0
991, 0, 0, 0, 0, 0
992, -6.82121e-13, -1.13687e-13, -6.82121e-13, -1.13687e-13, 0
993, 0, 0, 0, 0, 0
994, 0, 0, 0, 0, 0
995, 0, 0, 0, 0, 0
996, 2.16005e-12, 1.02318e-12, 1.81899e-12, 1.02318e-12, 0
997, -3.41061e-13, -2.27374e-13, -3.41061e-13, -2.27374e-13, 0
998, 0, 0, 0, 0, 0
999, 3.41061e-13, 3, 3.41061e-13, 3, 3
1000, 0, 0, 0, 0, 0
1001, 0.142857, -2.27374e-13, 0.142857, -2.27374e-13, 0
1002, 0, 0, 0, 0, 0
1003, 0, 0, 0, 0, 0
1004, -2.27374e-13, -1.7053e-13, -2.27374e-13, -1.7053e-13, 0
1005, 0, 0, 0, 0, 0
1006, 1.13687e-13, 0, 1.13687e-13, 0, 0
1007, 854, 854, 854, 854, 854
1008, 0, 0, 0, 0, 0
1009, 0, 0, 0, 0, 0
1010, 2.98076, -5.68434e-14, 2.98076, -5.68434e-14, 0
1011, 0, 0, 0, 0, 0
1012, 0, 0, 0, 0, 0
1013, 0, 0, 0, 0, 0
1014, 1.13687e-13, -2.27374e-13, 1.81899e-12, -2.27374e-13, 0
1015, 0, 0, 0, 0, 0
1016, 1.59162e-12, -9.09495e-13, 4.54747e-13, -9.09495e-13, 0
1017, 0, -2.27374e-13, 0, -2.27374e-13, 0
1018, 852, 852, 852, 852, 852
1019, 1.13687e-13, -3.41061e-13, 1.13687e-13, -3.41061e-13, 0
1020, 0, 0, 0, 0, 0
1021, 0, 0, 0, 0, 0
1022, 0, 0, 0, 0, 0
1023, 3.41061e-13, 1.13687e-13, 3.41061e-13, 1.13687e-13, 0
1024, 0, 0, 0, 0, 0
1025, 0, 0, 0, 0, 0
1026, 18.7846, 25.7223, 18.7846, 25.7223, 0
1027, 3.41061e-13, 2.27374e-13, 5.68434e-13, 2.27374e-13, 0
1028, 0, 0, 0, 0, 0
1029, 0, 0, 0, 0, 0
1030, 1.59162e-12, -9.09495e-13, 4.54747e-13, -9.09495e-13, 0
1031, 0, 0, 0, 0, 0
1032, 0, 0, 0, 0, 0
1033, 0, 0, 0, 0, 0
1034, 0, 0, 0, 0, 0
1035, 0, 0, 0, 0, 0
1036, 1.81899e-12, -6.82121e-13, 6.82121e-13, -6.82121e-13, 0
1037, -2.84217e-13, 1.7053e-13, -2.84217e-13, 1.7053e-13, 0
1038, 26.6278, 25.4487, 26.6278, 25.4487, 2
1039, -7.95808e-13, -1.13687e-13, -6.82121e-13, -1.13687e-13, 0
1040, 1.0739, 3.75589, 1.0739, 3.75589, 0
1041, 0, 0, 0, 0, 0
1042, 1319.39, 1765.13, 1319.39, 1765.13, 0
1043, 3.41061e-13, 3.41061e-13, 3.41061e-13, 3.41061e-13, 0
1044, 130.548, 437, 130.548, 437, 437
1045, 1696.64, 1103.52, 1696.64, 1103.52, 980
1046, 0, 0, 0, 0, 0
1047, 0, 0, 0, 0, 0
1048, 0, 0, 0, 0, 0
1049, 0, 0, 0, 0, 0
1050, 0.0560336, -4.54747e-13, 0.0560336, -4.54747e-13, 0
1051, 1.93268e-12, 1.7053e-12, 1.93268e-12, 1.7053e-12, 0
1052, 0, 0, 0, 0, 0
1053, 0, 0, 0, 0, 0
1054, 0, 0, 0, 0, 0
1055, 0, 0, 0, 0, 0
1056, 0, 0, 0, 0, 0
1057, 0, 0, 0, 0, 0
1058, 0.153846, 1.66667, 0.153846, 1.66667, 3
1059, 2.41259, 4.13063, 2.41259, 4.13063, 0
1060, 0, 0, 0, 0, 0
1061, 0, 0, 0, 0, 0
1062, 0, 0, 0, 0, 0
1063, 0, 0, 0, 0, 0
1064, 0, 0, 0, 0, 0
1065, 0, 0, 0, 0, 0
1066, 0, 0, 0, 0, 0
1067, 0, 0, 0, 0, 0
1068, 0, 0, 0, 0, 0
1069, 0, 0, 0, 0, 0
1070, 0, 0, 0, 0, 0
1071, -4.54747e-13, 4.54747e-13, -4.54747e-13, 4.54747e-13, 0
1072, 2.27374e-13, -1.13687e-13, 2.27374e-13, -1.13687e-13, 0
1073, -4.54747e-13, 1.13687e-12, -4.54747e-13, 1.13687e-12, 0
1074, 0, 0, 0, 0, 0
1075, 0, 0, 0, 0, 0
1076, 2.27374e-13, -1.13687e-13, 2.27374e-13, -1.13687e-13, 0
1077, 0, 0, 0, 0, 0
1078, -1.11022e-16, 0, -1.11022e-16, 0, 0
1079, 2.27374e-13, -5.68434e-13, 2.27374e-13, -5.68434e-13, 0
1080, 900.642, 839.695, 900.642, 839.695, 807
1081, 0, 0, 0, 0, 0
1082, 2.27374e-13, -7.95808e-13, 2.27374e-13, -7.95808e-13, 0
1083, 0, 0, 0, 0, 0
1084, 4.13095, 10.5871, 4.13095, 10.5871, 0
1085, -1.13687e-13, 0, -1.13687e-13, 0, 0
1086, 0, 0, 0, 0, 0
1087, 0, 0, 0, 0, 0
1088, 9.09495e-13, 0, 9.09495e-13, 0, 0
1089, 6.82121e-13, 2.27374e-13, 6.82121e-13, 2.27374e-13, 0
1090, -2.27374e-13, -1.13687e-13, -2.27374e-13, -1.13687e-13, 0
1091, -1.13687e-13, -1.13687e-13, -1.13687e-13, -1.13687e-13, 0
1092, 0, 0, 0, 0, 0
1093, 0, 0, 0, 0, 0
1094, 0, 0, 0, 0, 0
1095, 1.13687e-13, -1.13687e-13, 1.13687e-13, -1.13687e-13, 0
1096, 0, 0, 0, 0, 0
1097, 12.9754, 10.0196, 12.9754, 10.0196, 0
1098, 5.68434e-13, -5.68434e-13, 5.68434e-13, -5.68434e-13, 0
1099, -2.04636e-12, -1.7053e-13, -2.04636e-12, -1.7053e-13, 0
1100, -3.06954e-12, -2.27374e-13, -3.06954e-12, -2.27374e-13, 0
1101, 2.07478e-12, -5.40012e-13, 2.07478e-12, -5.40012e-13, 0
1102, 0, 0, 0, 0, 0
1103, 5.68434e-13, -5.68434e-13, 5.68434e-13, -5.68434e-13, 0
1104, 0, 0, 0, 0, 0
1105, 178.403, 162, 178.403, 162, 162
1106, 61.5395, 189.617, 61.5395, 189.617, 128
1107, 0, 0, 0, 0, 0
1108, 0, 0, 0, 0, 0
1109, 604.768, 848.392, 604.768, 848.392, 826
1110, 0, 0, 0, 0, 0
1111, 0, 0, 0, 0, 0
1112, 0, 0, 0, 0, 0
1113, 6.82121e-13, -1.13687e-13, 6.82121e-13, -1.13687e-13, 0
1114, 742.063, 813.803, 742.063, 813.803, 823
1115, -2.27374e-13, -6.82121e-13, -2.27374e-13, -6.82121e-13, 0
1116, -1.13687e-13, -1.13687e-13, -1.13687e-13, -1.13687e-13, 0
1117, 0, 0, 0, 0, 0
1118, 1.13687e-13, -1.13687e-13, 1.13687e-13, -1.13687e-13, 0
1119, 1.12976e-12, 2.62901e-13, 1.12976e-12, 2.62901e-13, 0
1120, 2.27374e-13, -1.13687e-13, 2.27374e-13, -1.13687e-13, 0
1121, 4.54747e-13, -1.13687e-13, 4.54747e-13, -1.13687e-13, 0
1122, -1.19371e-12, -4.54747e-13, -1.19371e-12, -4.54747e-13, 0
1123, 0, 0, 0, 0, 0
1124, 1.13687e-13, 0, 1.13687e-13, 0, 0
1125, 4.54747e-13, 0, 4.54747e-13, 0, 0
1126, 0, 0, 0, 0, 0
1127, 0, 0, 0, 0, 0
1128, 242.267, 649.177, 242.267, 649.177, 996
1129, 0, 0, 0, 0, 0
1130, 0, 0, 0, 0, 0
1131, 0, 0, 0, 0, 0
1132, 0, 0, 0, 0, 0
1133, 0, 0, 0, 0, 0
1134, 6.25278e-13, -3.97904e-13, 6.25278e-13, -3.97904e-13, 0
1135, 7.95808e-13, 0, 7.95808e-13, 0, 0
1136, 0, 0, 0, 0, 0
1137, 2.27374e-13, 5.68434e-13, 2.27374e-13, 5.68434e-13, 0
1138, 0, 0, 0, 0, 0
1139, 0, 0, 0, 0, 0
1140, -1.02318e-12, -7.95808e-13, -1.02318e-12, -7.95808e-13, 0
1141, 0, 0, 0, 0, 0
1142, 0, 0, 0, 0, 0
1143, 0, 0, 0, 0, 0
1144, 2.84217e-12, 1.13687e-13, 2.84217e-12, 1.13687e-13, 0
1145, 0, 0, 0, 0, 0
1146, 0, 0, 0, 0, 0
1147, 0, 0, 0, 0, 0
1148, -1.11022e-16, 0, -1.11022e-16, 0, 0
1149, 7.15612, 14.7922, 7.15612, 14.7922, 0
1150, 0, 0, 0, 0, 0
1151, 0, 0, 0, 0, 0
1152, 1.13687e-12, 2.27374e-13, 1.13687e-12, 2.27374e-13, 0
1153, 0, 0, 0, 0, 0
1154, 0, 0, 0, 0, 0
1155, 3.03147, 10.2917, 3.03147, 10.2917, 95
1156, 6.82121e-13, -1.13687e-13, 6.82121e-13, -1.13687e-13, 0
1157, 0, 0, 0, 0, 0
1158, 0, 0, 0, 0, 0
1159, 0, 0, 0, 0, 0
1160, 0, 0, 0, 0, 0
1161, 2.16005e-12, 1.93268e-12, 2.16005e-12, 1.93268e-12, 0
1162, -6.82121e-13, -5.11591e-13, -6.82121e-13, -5.11591e-13, 0
1163, 1.13687e-13, -2.27374e-13, 1.13687e-13, -2.27374e-13, 0
1164, 5.49783, 18.9688, 5.49783, 18.9688, 21
1165, -4.54747e-13, 1.13687e-13, -4.54747e-13, 1.13687e-13, 0
1166, 1.88455, 547, 1.88455, 547, 547
1167, 1.02318e-12, 1.13687e-13, 1.02318e-12, 1.13687e-13, 0
1168, 0, 0, 0, 0, 0
1169, 0, 0, 0, 0, 0
1170, 1.02318e-12, 1.13687e-13, 1.02318e-12, 1.13687e-13, 0
1171, 2.27374e-13, -2.27374e-13, 2.27374e-13, -2.27374e-13, 0
1172, 0, 0, 0, 0, 0
1173, -1.13687e-13, -1.13687e-13, -1.13687e-13, -1.13687e-13, 0
1174, 6.82121e-13, -1.13687e-13, 6.82121e-13, -1.13687e-13, 0
1175, 5.54108, 10.7768, 5.54108, 10.7768, 0
1176, 0, 0, 0, 0, 0
1177, 0, 0, 0, 0, 0
1178, 0, 0, 0, 0, 0
1179, 1.02318e-12, 1.13687e-13, 1.02318e-12, 1.13687e-13, 0
1180, 4.54747e-13, -2.27374e-13, 4.54747e-13, -2.27374e-13, 0
1181, -5.68434e-13, -1.13687e-13, -5.68434e-13, -1.13687e-13, 0
1182, 365.408, 1130, 365.408, 1130, 1130
1183, 1.93268e-12, 0, 1.93268e-12, 0, 0
1184, 0.210949, 0.194816, 0.210949, 0.194816, 0
1185, 0, 0, 0, 0, 0
1186, 0, 0, 0, 0, 0
1187, 1.0516e-12, -5.68434e-14, 1.0516e-12, -5.68434e-14, 0
1188, 0, 0, 0, 0, 0
1189, -3.55271e-13, 2, -3.55271e-13, 2, 2
1190, 0, 0, 0, 0, 0
1191, 0, 0, 0, 0, 0
1192, 0, 0, 0, 0, 0
1193, 1920, 1920, 1920, 1920, 1920
1194, 1546, 1546, 1546, 1546, 1546
1195, 0.0629574, 84, 0.0629574, 84, 84
1196, -1.56319e-13, 8.52651e-14, -1.56319e-13, 8.52651e-14, 0
1197, 0, 0, 0, 0, 0
1198, 615.675, 714.984, 615.675, 714.984, 723
1199, -2.27374e-13, -1.13687e-13, -2.27374e-13, -1.13687e-13, 0
1200, 113.853, 196.187, 113.853, 196.187, 790
1201, 946.703, 736, 946.703, 736, 736
1202, 0, 0, 0, 0, 0
1203, -2.27374e-13, -2.27374e-13, -2.27374e-13, -2.27374e-13, 0
1204, 0, 0, 0, 0, 0
1205, 0, 0, 0, 0, 0
1206, 0, 0, 0, 0, 0
1207, 0, 0, 0, 0, 0
1208, 0, 0, 0, 0, 0
1209, 0, 0, 0, 0, 0
1210, 0, 1.13687e-13, 0, 1.13687e-13, 0
1211, -3.41061e-13, -1.13687e-13, -3.41061e-13, -1.13687e-13, 0
1212, 0, 0, 0, 0, 0
1213, 0, 0, 0, 0, 0
1214, 0, 0, 0, 0, 0
1215, 0, 0, 0, 0, 0
1216, 0, 0, 0, 0, 0
1217, 0, 0, 0, 0, 0
1218, 0, 0, 0, 0, 0
1219, 0, 0, 0, 0, 0
1220, -2.72848e-12, 4.54747e-13, -2.72848e-12, 4.54747e-13, 0
1221, 0, 0, 0, 0, 0
1222, 0, 0, 0, 0, 0
1223, 0, -1.13687e-13, 0, -1.13687e-13, 0
1224, 0, 0, 0, 0, 0
1225, 5.68434e-13, 0, 5.68434e-13, 0, 0
1226, 0, -2.27374e-13, 0, -2.27374e-13, 0
1227, 6.82121e-13, 5.68434e-13, 6.82121e-13, 5.68434e-13, 0
1228, 9.09495e-13, -2.27374e-13, 9.09495e-13, -2.27374e-13, 0
1229, 0, -5.68434e-13, 0, -5.68434e-13, 0
1230, 0, 0, 0, 0, 0
1231, 0, 0, 0, 0, 0
1232, 0, 0, 0, 0, 0
1233, 0, 0, 0, 0, 0
1234, 1.13687e-13, 3.41061e-13, 1.13687e-13, 3.41061e-13, 0
1235, 2.54237, 13.3101, 2.54237, 13.3101, 0
1236, 0, 0, 0, 0, 0
1237, -1.13687e-13, 0, -1.13687e-13, 0, 0
1238, 3.41061e-13, 0, 3.41061e-13, 0, 0
1239, 5.68434e-13, -2.27374e-13, 5.68434e-13, -2.27374e-13, 0
1240, 0.738902, 1.13687e-13, 0.738902, 1.13687e-13, 0
1241, 3375.62, 2967.88, 3375.64, 2967.9, 3580
1242, 3.41061e-13, 0, 3.41061e-13, 0, 0
1243, 0, 0, 0, 0, 0
1244, 0, 0, 0, 0, 0
1245, 0, 0, 0, 0, 0
1246, 676.903, 1044.82, 676.903, 1044.82, 1676
1247, 0, 0, 0, 0, 0
1248, 0, -1.13687e-13, 0, -1.13687e-13, 0
1249, 0, 0, 0, 0, 0
1250, 0, 0, 0, 0, 0
1251, 0.300275, 0.900041, 0.300275, 0.900041, 0
1252, 0, 0, 0, 0, 0
1253, 0, 0, 0, 0, 0
1254, 98.076, 63, 98.076, 63, 122
1255, 0, 1.13687e-13, 0, 1.13687e-13, 0
1256, 0, -1.13687e-13, 0, -1.13687e-13, 0
1257, 268.861, 268.574, 268.861, 268.574, 268
1258, 3.41061e-13, 0, 3.41061e-13, 0, 0
1259, 1.02318e-12, 1.13687e-13, 1.02318e-12, 1.13687e-13, 0
1260, -1.08002e-12, 3.69482e-13, -1.08002e-12, 3.69482e-13, 0
1261, 0, 0, 0, 0, 0
1262, 150.412, 774.951, 150.412, 774.951, 1708
1263, 0, 0, 0, 0, 0
1264, 170.995, 85, 170.995, 85, 85
1265, 0, 0, 0, 0, 0
1266, 5.15912, 16.254, 5.15912, 16.254, 0
1267, -1.13687e-13, 1.13687e-13, -1.13687e-13, 1.13687e-13, 0
1268, 0, 0, 0, 0, 0
1269, 0, 0, 0, 0, 0
1270, 0, 0, 0, 0, 0
1271, 0, 0, 0, 0, 0
1272, 0, -1.13687e-13, 0, -1.13687e-13, 0
1273, 9.09495e-13, -6.82121e-13, 9.09495e-13, -6.82121e-13, 0
1274, 0, 0, 0, 0, 0
1275, 0, 261, 0, 261, 261
1276, 0, 0, 0, 0, 0
1277, 0, 0, 0, 0, 0
1278, 2.27374e-13, 0, 2.27374e-13, 0, 0
1279, 1, 1, 1, 1, 1
1280, 0, 0, 0, 0, 0
1281, 0, 0, 0, 0, 0
1282, 2.27374e-13, -1.13687e-13, 2.27374e-13, -1.13687e-13, 0
1283, 0, 0, 0, 0, 0
1284, -4.54747e-13, 2.84217e-13, -4.54747e-13, 2.84217e-13, 0
1285, 0, 0, 0, 0, 0
1286, 0, 0, 0, 0, 0
1287, 0, 0, 0, 0, 0
1288, 0, 0, 0, 0, 0
1289, 0, 0, 0, 0, 0
1290, 0, 0, 0, 0, 0
1291, 1.13687e-13, -5.68434e-14, 1.13687e-13, -5.68434e-14, 0
1292, 1.08333, 0, 1.08333, 0, 0
1293, 0, 0, 0, 0, 0
1294, 0, 0, 0, 0, 0
1295, 0, 0, 0, 0, 0
1296, 1.81899e-12, 1.13687e-12, 1.81899e-12, 1.13687e-12, 0
1297, 0, -6.82121e-13, 0, -6.82121e-13, 0
1298, 16.8869, 191.239, 16.8869, 191.239, 600
1299, -2.84217e-13, 1.13687e-13, -2.84217e-13, 1.13687e-13, 0
1300, -1.94289e-16, 0, -1.94289e-16, 0, 0
1301, 0, 0, 0, 0, 0
1302, 0, 0, 0, 0, 0
1303, 0, 0, 0, 0, 0
1304, 0, 0, 0, 0, 0
1305, 0, 0, 0, 0, 0
1306, 0.0192308, -1.13687e-13, 0.0192308, -1.13687e-13, 0
1307, 0, 0, 0, 0, 0
1308, 0, 0, 0, 0, 0
1309, 0, 0, 0, 0, 0
1310, 1.13687e-13, 0, 1.13687e-13, 0, 0
1311, -1.59162e-12, -5.68434e-14, -1.59162e-12, -5.68434e-14, 0
1312, -2.27374e-13, -1.02318e-12, -2.27374e-13, -1.02318e-12, 0
1313, 0, 0, 0, 0, 0
1314, -1.13687e-12, 2.27374e-13, -1.13687e-12, 2.27374e-13, 0
1315, 0, 1.13687e-13, 0, 1.13687e-13, 0
1316, 0, 0, 0, 0, 0
1317, -4.54747e-13, 2.84217e-13, -4.54747e-13, 2.84217e-13, 0
1318, 0, 0, 0, 0, 0
1319, 0, 0, 0, 0, 0
1320, 2.27374e-13, 4.54747e-13, 2.27374e-13, 4.54747e-13, 0
1321, 5.83622, 23.1323, 5.83622, 23.1323, 1
1322, 0, 0, 0, 0, 0
1323, 0, 0, 0, 0, 0
1324, 2.27374e-13, 1.13687e-13, 2.27374e-13, 1.13687e-13, 0
1325, 2.84217e-14, 0, 2.84217e-14, 0, 0
1326, 0, 0, 0, 0, 0
1327, 0, 0, 0, 0, 0
1328, -4.54747e-13, 1.13687e-13, -4.54747e-13, 1.13687e-13, 0
1329, 0, 0, 0, 0, 0
1330, 0, 0, 0, 0, 0
1331, 0, 0, 0, 0, 0
1332, 0, 0, 0, 0, 0
1333, 0, 0, 0, 0, 0
1334, 0, 0, 0, 0, 0
1335, 0, 0, 0, 0, 0
1336, 0, 0, 0, 0, 0
1337, 94.893, 559, 94.893, 559, 559
1338, 59.6726, 73.976, 59.6726, 73.9761, 48
1339, 0, 0, 0, 0, 0
1340, 0, 0, 0, 0, 0
1341, 0, 0, 0, 0, 0
1342, 0, 0, 0, 0, 0
1343, 0, 0, 0, 0, 0
1344, 0, 1.13687e-13, 0, 1.13687e-13, 0
1345, 0, 0, 0, 0, 0
1346, -3.41061e-13, -2.27374e-13, -3.41061e-13, -2.27374e-13, 0
1347, 4.54747e-13, 0, 4.54747e-13, 0, 0
1348, 1.42675, 6.86797, 1.42675, 6.86797, 241
1349, -4.54747e-13, 2.84217e-13, -4.54747e-13, 2.84217e-13, 0
1350, 604.68, 1162.3, 604.68, 1162.3, 1160
1351, 0, 0, 0, 0, 0
1352, -2.84217e-13, 20, -2.84217e-13, 20, 20
1353, -4.54747e-13, 2.84217e-13, -4.54747e-13, 2.84217e-13, 0
1354, 1.13687e-13, 2.27374e-13, 1.13687e-13, 2.27374e-13, 0
1355, 0, 0, 0, 0, 0
1356, 0, 0, 0, 0, 0
1357, 0, 0, 0, 0, 0
1358, 0, 0, 0, 0, 0
1359, 5.68434e-13, 1.13687e-13, 5.68434e-13, 1.13687e-13, 0
1360, 0, 0, 0, 0, 0
1361, -2.27374e-13, 2.27374e-13, -2.27374e-13, 2.27374e-13, 0
1362, -1.13687e-13, 1.13687e-13, -1.13687e-13, 1.13687e-13, 0
1363, 1.13687e-13, 0, 1.13687e-13, 0, 0
1364, -2.84217e-14, 2.84217e-13, -2.84217e-14, 2.84217e-13, 0
1365, 0, 0, 0, 0, 0
1366, -2.27374e-13, 1.13687e-13, -2.27374e-13, 1.13687e-13, 0
1367, 0.133333, 0, 0.133333, 0, 0
1368, -2.27374e-13, 1.13687e-13, -2.27374e-13, 1.13687e-13, 0
1369, -2.27374e-13, 1.13687e-13, -2.27374e-13, 1.13687e-13, 0
1370, 0, 0, 0, 0, 0
1371, 0, 0, 0, 0, 0
1372, 0, -2.84217e-14, 0, -2.84217e-14, 0
1373, -1.13687e-13, 1.13687e-13, -1.13687e-13, 1.13687e-13, 0
1374, 373.287, 217.241, 373.186, 217.184, 0
1375, 0, 0, 0, 0, 0
1376, 0, 0, 0, 0, 0
1377, 2.27374e-13, 1.13687e-13, 2.27374e-13, 1.13687e-13, 0
1378, 31.533, 33, 31.533, 33, 33
1379, 0, 0, 0, 0, 0
1380, 1.13687e-13, 1.13687e-13, 1.13687e-13, 1.13687e-13, 0
1381, 0, 0, 0, 0, 0
1382, 0, 0, 0, 0, 0
1383, 0, 0, 0, 0, 0
1384, 0, 0, 0, 0, 0
1385, -2.27374e-13, -5.68434e-14, -2.27374e-13, -5.68434e-14, 0
1386, 0, 0, 0, 0, 0
1387, 1.13687e-13, -3.41061e-13, 1.13687e-13, -3.41061e-13, 0
1388, 0, 0, 0, 0, 0
1389, -2.27374e-13, 1.13687e-13, -2.27374e-13, 1.13687e-13, 0
1390, -2.27374e-13, 1.13687e-13, -2.27374e-13, 1.13687e-13, 0
1391, 9.25867, 17.4532, 9.2588, 17.4535, 0
1392, 0.0177742, 597, 0.0177742, 597, 597
1393, 43.2217, 58.1588, 43.2217, 58.1588, 46
1394, 0, 0, 0, 0, 0
1395, 0, 0, 0, 0, 0
1396, 0, 0, 0, 0, 0
1397, 1.13687e-13, -1.13687e-13, 1.13687e-13, -1.13687e-13, 0
1398, -1.13687e-13, -2.84217e-13, -1.13687e-13, -2.84217e-13, 0
1399, 719.419, 790.917, 719.419, 790.918, 842
1400, -9.09495e-13, 4.54747e-13, -9.09495e-13, 4.54747e-13, 0
1401, 0, 0, 0, 0, 0
1402, 1.13687e-13, -1.13687e-13, 1.13687e-13, -1.13687e-13, 0
1403, 0, 0, 0, 0, 0
1404, 0, 0, 0, 0, 0
1405, 0, 0, 0, 0, 0
1406, 0, 0, 0, 0, 0
1407, 0, 0, 0, 0, 0
1408, 0, 0, 0, 0, 0
1409, 0, 0, 0, 0, 0
1410, -1.13687e-13, -2.27374e-13, -1.13687e-13, -2.27374e-13, 0
1411, 0, 0, 0, 0, 0
1412, 61.3314, 79.6819, 61.3314, 79.6819, 0
1413, 0, 0, 0, 0, 0
1414, 0, 0, 0, 0, 0
1415, 0, 0, 0, 0, 0
1416, 0.597675, 0.96444, 0.597675, 0.96444, 0
1417, -1.11022e-16, 0, -1.11022e-16, 0, 0
1418, 0, 0, 0, 0, 0
1419, 0, 0, 0, 0, 0
1420, 0, -1.13687e-13, 0, -1.13687e-13, 0
1421, 605.174, 1845.25, 605.174, 1845.25, 1845
1422, -6.25278e-13, -2.27374e-13, -6.25278e-13, -2.27374e-13, 0
1423, 2.19251, 65, 2.19251, 65, 65
1424, -2.27374e-13, -1.13687e-13, -2.27374e-13, -1.13687e-13, 0
1425, 2.27374e-13, 2.27374e-13, 2.27374e-13, 2.27374e-13, 0
1426, 0, 0, 0, 0, 0
1427, 0, 0, 0, 0, 0
1428, 0, 0, 0, 0, 0
1429, 464.452, 159, 464.452, 159, 159
1430, 0, 0, 0, 0, 0
1431, 3.41061e-13, 1.13687e-13, 3.41061e-13, 1.13687e-13, 0
1432, 0, 0, 0, 0, 0
1433, -1.13687e-13, 2.27374e-13, -1.13687e-13, 2.27374e-13, 0
1434, 1.7053e-13, 1.13687e-13, 1.7053e-13, 1.13687e-13, 0
1435, -5.68434e-13, -1.13687e-13, -5.68434e-13, -1.13687e-13, 0
1436, 0, 5.68434e-14, 0, 5.68434e-14, 0
1437, 627.928, 655.207, 627.928, 655.207, 694
1438, 0, 0, 0, 0, 0
1439, 0, 0, 0, 0, 0
1440, -9.23706e-14, 9.9476e-14, -9.23706e-14, 9.9476e-14, 0
1441, 0, 0, 0, 0, 0
1442, 601, 601, 601, 601, 601
1443, 628, 628, 628, 628, 628
1444, 1.13687e-13, 0, 1.13687e-13, 0, 0
1445, 0, 0, 0, 0, 0
1446, 0, 0, 0, 0, 0
1447, -1.66533e-16, 0, -1.66533e-16, 0, 0
1448, 0, 0, 0, 0, 0
1449, 0, 0, 0, 0, 0
1450, -5.68434e-14, 1.13687e-13, -5.68434e-14, 1.13687e-13, 0
1451, 0, 0, 0, 0, 0
1452, -1.13687e-13, -2.27374e-13, -1.13687e-13, -2.27374e-13, 0
1453, 0, 0, 0, 0, 0
1454, 0, 0, 0, 0, 0
1455, 0, 0, 0, 0, 0
1456, 0, 0, 0, 0, 0
1457, -2.27374e-13, -1.13687e-13, -2.27374e-13, -1.13687e-13, 0
1458, 0, 0, 0, 0, 0
1459, 5.68434e-14, 5.68434e-14, 5.68434e-14, 5.68434e-14, 0
1460, 0, 0, 0, 0, 0
1461, 0, 0, 0, 0, 0
1462, 0, 0, 0, 0, 0
1463, 0, 0, 0, 0, 0
1464, 0, 0, 0, 0, 0
1465, 0, 0, 0, 0, 0
1466, 0, 0, 0, 0, 0
1467, -4.54747e-13, -7.38964e-13, -4.54747e-13, -7.38964e-13, 0
1468, 0, 0, 0, 0, 0
1469, 0, 0, 0, 0, 0
1470, -1.13687e-13, -1.13687e-13, -1.13687e-13, -1.13687e-13, 0
1471, 0, 0, 0, 0, 0
1472, 0, 0, 0, 0, 0
1473, 0, 0, 0, 0, 0
1474, 1.13687e-13, 0, 1.13687e-13, 0, 0
1475, 0, 0, 0, 0, 0
1476, -2.84217e-13, 1.7053e-13, -2.84217e-13, 1.7053e-13, 0
1477, 5.68434e-14, 5.68434e-14, 5.68434e-14, 5.68434e-14, 0
1478, 1.13687e-13, 1.7053e-13, 1.13687e-13, 1.7053e-13, 0
1479, 5.68434e-14, 5.68434e-14, 5.68434e-14, 5.68434e-14, 0
1480, 2.01887, 28.1056, 2.01887, 28.1056, 80
1481, -5.68434e-14, -2.27374e-13, -5.68434e-14, -2.27374e-13, 0
1482, 0, 0, 0, 0, 0
1483, 0, 0, 0, 0, 0
1484, 0, 0, 0, 0, 0
1485, 0, 0, 0, 0, 0
1486, 0, 0, 0, 0, 0
1487, -5.96856e-13, -3.69482e-13, -5.96856e-13, -3.69482e-13, 0
1488, 0, 0, 0, 0, 0
1489, 0, -1.7053e-13, 0, -1.7053e-13, 0
1490, 0, 0, 0, 0, 0
1491, 0, 0, 0, 0, 0
1492, 0, 0, 0, 0, 0
1493, 5.68434e-14, 3.41061e-13, 5.68434e-14, 3.41061e-13, 0
1494, -2.84217e-13, -1.13687e-13, -2.84217e-13, -1.13687e-13, 0
1495, 0, -5.68434e-14, 0, -5.68434e-14, 0
1496, 0, 0, 0, 0, 0
1497, 0, 0, 0, 0, 0
1498, 0, 0, 0, 0, 0
1499, 0, -5.68434e-14, 0, -5.68434e-14, 0
1500, 6.25278e-13, -5.68434e-14, 6.25278e-13, -5.68434e-14, 0
1501, 0, 0, 0, 0, 0
1502, 0, 0, 0, 0, 0
1503, 0, 0, 0, 0, 0
1504, 0, 0, 0, 0, 0
1505, 0, 0, 0, 0, 0
1506, 0, 0, 0, 0, 0
1507, 0, 0, 0, 0, 0
1508, 0, 0, 0, 0, 0
1509, 0, 0, 0, 0, 0
1510, 0, 0, 0, 0, 0
1511, 0, 0, 0, 0, 0
1512, 0, 0, 0, 0, 0
1513, 0, 0, 0, 0, 0
1514, 0, 0, 0, 0, 0
1515, 0, 0, 0, 0, 0
1516, 0, 0, 0, 0, 0
1517, 0, 0, 0, 0, 0
1518, 0, 0, 0, 0, 0
1519, 0, 0, 0, 0, 0
1520, -1.7053e-13, -2.84217e-13, -1.7053e-13, -2.84217e-13, 0
1521, 379.432, 408.178, 379.432, 408.178, 448
1522, 1.13687e-13, 657, 1.13687e-13, 657, 657
1523, 0, 0, 0, 0, 0
1524, 0, 0, 0, 0, 0
1525, 0, 0, 0, 0, 0
1526, 0, 0, 0, 0, 0
1527, 0, 0, 0, 0, 0
1528, 0, 0, 0, 0, 0
1529, 0, 0, 0, 0, 0
1530, 0, 0, 0, 0, 0
1531, 0, 0, 0, 0, 0
1532, 0, 0, 0, 0, 0
1533, 0, 0, 0, 0, 0
1534, 2.7825, 10, 2.78186, 10, 10
1535, 0, 0, 0, 0, 0
1536, 0, 0, 0, 0, 0
1537, 0, 0, 0, 0, 0
1538, 0, 0, 0, 0, 0
1539, 0, 0, 0, 0, 0
1540, 0, 0, 0, 0, 0
1541, 0, 0, 0, 0, 0
1542, 0, 0, 0, 0, 0
1543, 0, 0, 0, 0, 0
1544, 0, 0, 0, 0, 0
1545, 0, 0, 0, 0, 0
1546, 0, 0, 0, 0, 0
1547, 0, 0, 0, 0, 0
1548, 0, 0, 0, 0, 0
1549, 0, 0, 0, 0, 0
1550, 0, 0, 0, 0, 0
1551, 0, 0, 0, 0, 0
1552, 0, 0, 0, 0, 0
1553, 0, 0, 0, 0, 0
1554, 0, 0, 0, 0, 0
1555, 0, 0, 0, 0, 0
1556, 0, 0, 0, 0, 0
1557, 0, 0, 0, 0, 0
1558, 0, 0, 0, 0, 0
1559, 2.27374e-13, -1.13687e-13, 2.27374e-13, -1.13687e-13, 0
1560, 0, 0, 0, 0, 0
1561, -5.68434e-14, -2.27374e-13, -5.68434e-14, -2.27374e-13, 0
1562, -1.13687e-13, -1.42109e-13, -1.13687e-13, -1.42109e-13, 0
1563, 5.68434e-14, 0, 5.68434e-14, 0, 0
1564, 11.183, 13.1645, 11.183, 13.1645, 0
1565, 0, 0, 0, 0, 0
1566, 0, 0, 0, 0, 0
1567, 0, -5.68434e-14, 0, -5.68434e-14, 0
1568, 0, 0, 0, 0, 0
1569, -5.68434e-14, -1.13687e-13, -5.68434e-14, -1.13687e-13, 0
1570, 0, 0, 0, 0, 0
1571, 0, 0, 0, 0, 0
1572, 0, 0, 0, 0, 0
1573, -5.68434e-14, 5.68434e-14, -5.68434e-14, 5.68434e-14, 0
1574, 0, 0, 0, 0, 0
1575, 0, -1.13687e-13, 0, -1.13687e-13, 0
1576, -5.68434e-14, -3.12639e-13, -5.68434e-14, -3.12639e-13, 0
1577, 0, 0, 0, 0, 0
1578, 0, 2.84217e-14, 0, 2.84217e-14, 0
1579, 0, 0, 0, 0, 0
1580, 0, 0, 0, 0, 0
1581, 0, 0, 0, 0, 0
1582, 0, 0, 0, 0, 0
1583, -1.13687e-13, -5.68434e-14, -1.13687e-13, -5.68434e-14, 0
1584, 0, 0, 0, 0, 0
1585, 0, 0, 0, 0, 0
1586, 0, 0, 0, 0, 0
1587, 0.17562, 0, 0.17562, 0, 0
1588, 0, -1.13687e-13, 0, -1.13687e-13, 0
1589, 628.092, 627.028, 628.092, 627.028, 625
1590, 0, 0, 0, 0, 0
1591, 0, 0, 0, 0, 0
1592, 0, 0, 0, 0, 0
1593, 0.63681, 0.995644, 0.63681, 0.995644, 0
1594, -6.25278e-13, 0, -6.25278e-13, 0, 0
1595, 0, 0, 0, 0, 0
1596, 0, 0, 0, 0, 0
1597, 1378, 1378, 1378, 1378, 1378
1598, 3.69482e-13, 2.55795e-13, 3.69482e-13, 2.55795e-13, 0
1599, 0, 0, 0, 0, 0
1600, 0, -5.68434e-14, 0, -5.68434e-14, 0
1601, 1.13687e-13, 0, 1.13687e-13, 0, 0
1602, 0, 0, 0, 0, 0
1603, -5.68434e-14, -5.68434e-14, -5.68434e-14, -5.68434e-14, 0
1604, 9.9476e-14, -2.84217e-14, 9.9476e-14, -2.84217e-14, 0
1605, 0, 0, 0, 0, 0
1606, -5.68434e-14, -5.68434e-14, -5.68434e-14, -5.68434e-14, 0
1607, 0, 0, 0, 0, 0
1608, 0, 0, 0, 0, 0
1609, 0, 0, 0, 0, 0
1610, -5.68434e-14, 1.13687e-13, -5.68434e-14, 1.13687e-13, 0
1611, 0, 5.68434e-14, 0, 5.68434e-14, 0
1612, 5.68434e-14, 1.7053e-13, 5.68434e-14, 1.7053e-13, 0
1613, 3.12639e-13, -1.13687e-13, 3.12639e-13, -1.13687e-13, 0
1614, 0, 0, 0, 0, 0
1615, 0.0197933, 79.046, 0.0197933, 79.046, 82
1616, 0, 0, 0, 0, 0
1617, 0, 0, 0, 0, 0
1618, 1.13687e-13, 0, 1.13687e-13, 0, 0
1619, 690.333, 691, 690.333, 691, 691
1620, 0, 0, 0, 0, 0
1621, 0, 0, 0, 0, 0
1622, 0, 0, 0, 0, 0
1623, 2.84217e-14, 2.84217e-14, 2.84217e-14, 2.84217e-14, 0
1624, 0, 0, 0, 0, 0
1625, 1.13687e-13, 5.68434e-14, 1.13687e-13, 5.68434e-14, 0
1626, 0, 0, 0, 0, 0
1627, 0, 0, 0, 0, 0
1628, 0, 0, 0, 0, 0
1629, 0, 0, 0, 0, 0
1630, 0, 0, 0, 0, 0
1631, 0, 0, 0, 0, 0
1632, 5.68434e-14, 5.68434e-14, 5.68434e-14, 5.68434e-14, 0
1633, 5.68434e-14, 1.13687e-13, 5.68434e-14, 1.13687e-13, 0
1634, 2.84217e-14, 2.84217e-14, 2.84217e-14, 2.84217e-14, 0
1635, 0, 0, 0, 0, 0
1636, 0, 0, 0, 0, 0
1637, -5.68434e-14, 1.7053e-13, -5.68434e-14, 1.7053e-13, 0
1638, 0, 0, 0, 0, 0
1639, 0, 0, 0, 0, 0
1640, 0, 0, 0, 0, 0
1641, 5.68434e-14, 5.68434e-14, 5.68434e-14, 5.68434e-14, 0
1642, 0.0902857, 0.0760182, 0.0902857, 0.0760182, 0
1643, 21.357, 32.1609, 21.357, 32.1609, 234
1644, 0, 0, 0, 0, 0
1645, 0, 0, 0, 0, 0
1646, 0, 0, 0, 0, 0
1647, -5.68434e-14, -2.84217e-14, -5.68434e-14, -2.84217e-14, 0
1648, 0, 0, 0, 0, 0
1649, 0, 0, 0, 0, 0
1650, 0, 2.84217e-14, 0, 2.84217e-14, 0
1651, 0, 0, 0, 0, 0
1652, 0, 0, 0, 0, 0
1653, 0, 0, 0, 0, 0
1654, 0, 0, 0, 0, 0
1655, 0, 0, 0, 0, 0
1656, 0, 0, 0, 0, 0
1657, 0, 0, 0, 0, 0
1658, 412.597, 143, 412.597, 143, 143
1659, 0, 0, 0, 0, 0
1660, 0, 0, 0, 0, 0
1661, 10.7611, 8.09709, 10.7611, 8.09709, 0
1662, 2.84217e-14, -2.84217e-14, 2.84217e-14, -2.84217e-14, 0
1663, -2.84217e-14, -2.84217e-14, -2.84217e-14, -2.84217e-14, 0
1664, 0, -2.84217e-14, 0, -2.84217e-14, 0
1665, 903.073, 905.989, 903.073, 905.989, 915
1666, -8.52651e-14, 8.52651e-14, -8.52651e-14, 8.52651e-14, 0
1667, 0, -2.84217e-14, 0, -2.84217e-14, 0
1668, 0, -2.84217e-14, 0, -2.84217e-14, 0
1669, 0, 0, 0, 0, 0
1670, 0, 5.68434e-14, 0, 5.68434e-14, 0
1671, -2.84217e-14, -2.84217e-14, -2.84217e-14, -2.84217e-14, 0
1672, 0, 0, 0, 0, 0
1673, 0, 0, 0, 0, 0
1674, -5.68434e-14, -1.20792e-13, -5.68434e-14, -1.20792e-13, 0
1675, 0, 0, 0, 0, 0
1676, 0, 0, 0, 0, 0
1677, 0, 0, 0, 0, 0
1678, 0, 0, 0, 0, 0
1679, 0, 0, 0, 0, 0
1680, 0, 0, 0, 0, 0
1681, 0, 0, 0, 0, 0
1682, 0, 0, 0, 0, 0
1683, 0, 0, 0, 0, 0
1684, 0, 0, 0, 0, 0
1685, 0, 0, 0, 0, 0
1686, 0, 0, 0, 0, 0
1687, 0, 0, 0, 0, 0
1688, 0, 0, 0, 0, 0
1689, 0, 0, 0, 0, 0
1690, 0, 0, 0, 0, 0
1691, 0, 0, 0, 0, 0
1692, 0, 0, 0, 0, 0
1693, 0, 0, 0, 0, 0
1694, 0, 0, 0, 0, 0
1695, 0, 0, 0, 0, 0
1696, 0, 0, 0, 0, 0
1697, -2.84217e-14, -2.84217e-14, -2.84217e-14, -2.84217e-14, 0
1698, 0, 0, 0, 0, 0
1699, 0, 0, 0, 0, 0
1700, 0, 0, 0, 0, 0
1701, 0, 0, 0, 0, 0
1702, 0, 0, 0, 0, 0
1703, 0, 0, 0, 0, 0
1704, 2.84217e-14, 0, 2.84217e-14, 0, 0
1705, 1072.44, 792.567, 1072.44, 792.567, 792
1706, 11.1309, 7.66597, 11.1309, 7.66597, 0
1707, 0, 0, 0, 0, 0
1708, 0, -2.84217e-14, 0, -2.84217e-14, 0
1709, 96.3697, 811, 96.3697, 811, 812
1710, 0, 0, 0, 0, 0
1711, 0, 0, 0, 0, 0
1712, 0, -2.84217e-14, 0, -2.84217e-14, 0
1713, 2.77247, 4, 2.77247, 4, 4
1714, -2.84217e-14, 1.42109e-14, -2.84217e-14, 1.42109e-14, 0
1715, 0, 0, 0, 0, 0
1716, 0, 0, 0, 0, 0
1717, 0, 0, 0, 0, 0
1718, -1.11022e-16, 0, -1.11022e-16, 0, 0
1719, 0, 0, 0, 0, 0
1720, 0, 0, 0, 0, 0
1721, 0, 0, 0, 0, 0
1722, 0, 0, 0, 0, 0
1723, 0, 0, 0, 0, 0
1724, 0, 0, 0, 0, 0
1725, 0, 0, 0, 0, 0
1726, 0, 0, 0, 0, 0
1727, 0, 0, 0, 0, 0
1728, -4.44089e-16, 0, -4.44089e-16, 0, 0
1729, 0, 0, 0, 0, 0
1730, 0, 0, 0, 0, 0
1731, 0, 0, 0, 0, 0
1732, 0, 0, 0, 0, 0
1733, -2.84217e-14, 0, -2.84217e-14, 0, 0
1734, -2.84217e-14, 0, -2.84217e-14, 0, 0
1735, -2.84217e-14, 0, -2.84217e-14, 0, 0
1736, -2.84217e-14, 0, -2.84217e-14, 0, 0
1737, -2.84217e-14, 0, -2.84217e-14, 0, 0
1738, -2.84217e-14, 0, -2.84217e-14, 0, 0
1739, -2.84217e-14, 0, -2.84217e-14, 0, 0
1740, -2.84217e-14, 0, -2.84217e-14, 0, 0
1741, -2.84217e-14, 0, -2.84217e-14, 0, 0
1742, -2.84217e-14, 0, -2.84217e-14, 0, 0
1743, -2.84217e-14, 0, -2.84217e-14, 0, 0
1744, -2.84217e-14, 0, -2.84217e-14, 0, 0
1745, -2.84217e-14, 0, -2.84217e-14, 0, 0
1746, -2.84217e-14, 0, -2.84217e-14, 0, 0
1747, -2.84217e-14, 0, -2.84217e-14, 0, 0
1748, -2.84217e-14, 0, -2.84217e-14, 0, 0
1749, -2.84217e-14, 0, -2.84217e-14, 0, 0
1750, -2.84217e-14, 0, -2.84217e-14, 0, 0
1751, -2.84217e-14, 0, -2.84217e-14, 0, 0
1752, -2.84217e-14, 0, -2.84217e-14, 0, 0
1753, -2.84217e-14, 0, -2.84217e-14, 0, 0
1754, -2.84217e-14, 0, -2.84217e-14, 0, 0
1755, -2.84217e-14, 0, -2.84217e-14, 0, 0
1756, -2.84217e-14, 0, -2.84217e-14, 0, 0
1757, -2.84217e-14, 0, -2.84217e-14, 0, 0
1758, -2.84217e-14, 0, -2.84217e-14, 0, 0
1759, -2.84217e-14, 0, -2.84217e-14, 0, 0
1760, -2.84217e-14, 0, -2.84217e-14, 0, 0
1761, -2.84217e-14, 0, -2.84217e-14, 0, 0
1762, -2.84217e-14, 0, -2.84217e-14, 0, 0
1763, -2.84217e-14, 0, -2.84217e-14, 0, 0
1764, -2.84217e-14, 0, -2.84217e-14, 0, 0
1765, -2.84217e-14, 0, -2.84217e-14, 0, 0
1766, -2.84217e-14, 0, -2.84217e-14, 0, 0
1767, -2.84217e-14, 0, -2.84217e-14, 0, 0
1768, -2.84217e-14, 0, -2.84217e-14, 0, 0
1769, -2.84217e-14, 0, -2.84217e-14, 0, 0
1770, -2.84217e-14, 0, -2.84217e-14, 0, 0
1771, -2.84217e-14, 0, -2.84217e-14, 0, 0
1772, -2.84217e-14, 0, -2.84217e-14, 0, 0
1773, -2.84217e-14, 0, -2.84217e-14, 0, 0
1774, -2.84217e-14, 0, -2.84217e-14, 0, 0
1775, -2.84217e-14, 0, -2.84217e-14, 0, 0
1776, -2.84217e-14, 0, -2.84217e-14, 0, 0
1777, -2.84217e-14, 0, -2.84217e-14, 0, 0
1778, -2.84217e-14, 0, -2.84217e-14, 0, 0
1779, -2.84217e-14, 0, -2.84217e-14, 0, 0
1780, -2.84217e-14, 0, -2.84217e-14, 0, 0
1781, -2.84217e-14, 0, -2.84217e-14, 0, 0
1782, -2.84217e-14, 0, -2.84217e-14, 0, 0
1783, -2.84217e-14, 0, -2.84217e-14, 0, 0
1784, -2.84217e-14, 0, -2.84217e-14, 0, 0
1785, -2.84217e-14, 0, -2.84217e-14, 0, 0
1786, -2.84217e-14, 0, -2.84217e-14, 0, 0
1787, -2.84217e-14, 0, -2.84217e-14, 0, 0
1788, -2.84217e-14, 0, -2.84217e-14, 0, 0
1789, -2.84217e-14, 0, -2.84217e-14, 0, 0
1790, -2.84217e-14, 0, -2.84217e-14, 0, 0
1791, -2.84217e-14, 0, -2.84217e-14, 0, 0
1792, -2.84217e-14, 0, -2.84217e-14, 0, 0
1793, -2.84217e-14, 0, -2.84217e-14, 0, 0
1794, -2.84217e-14, 0, -2.84217e-14, 0, 0
1795, -2.84217e-14, 0, -2.84217e-14, 0, 0
1796, -2.84217e-14, 0, -2.84217e-14, 0, 0
1797, -2.84217e-14, 0, -2.84217e-14, 0, 0
1798, -2.84217e-14, 0, -2.84217e-14, 0, 0
1799, -2.84217e-14, 0, -2.84217e-14, 0, 0
1800, -2.84217e-14, 0, -2.84217e-14, 0, 0
1801, -2.84217e-14, 0, -2.84217e-14, 0, 0
1802, -2.84217e-14, 0, -2.84217e-14, 0, 0
1803, -2.84217e-14, 0, -2.84217e-14, 0, 0
1804, -2.84217e-14, 0, -2.84217e-14, 0, 0
1805, -2.84217e-14, 0, -2.84217e-14, 0, 0
1806, -2.84217e-14, 0, -2.84217e-14, 0, 0
1807, -2.84217e-14, 0, -2.84217e-14, 0, 0
1808, -2.84217e-14, 0, -2.84217e-14, 0, 0
1809, -2.84217e-14, 0, -2.84217e-14, 0, 0
1810, -2.84217e-14, 0, -2.84217e-14, 0, 0
1811, -2.84217e-14, 0, -2.84217e-14, 0, 0
1812, -2.84217e-14, 0, -2.84217e-14, 0, 0
1813, -2.84217e-14, 0, -2.84217e-14, 0, 0
1814, -2.84217e-14, 0, -2.84217e-14, 0, 0
1815, -2.84217e-14, 0, -2.84217e-14, 0, 0
1816, -2.84217e-14, 0, -2.84217e-14, 0, 0
1817, -2.84217e-14, 0, -2.84217e-14, 0, 0
1818, -2.84217e-14, 0, -2.84217e-14, 0, 0
1819, -2.84217e-14, 0, -2.84217e-14, 0, 0
1820, -2.84217e-14, 0, -2.84217e-14, 0, 0
1821, -2.84217e-14, 0, -2.84217e-14, 0, 0
1822, -2.84217e-14, 0, -2.84217e-14, 0, 0
1823, -2.84217e-14, 0, -2.84217e-14, 0, 0
1824, -2.84217e-14, 0, -2.84217e-14, 0, 0
1825, -2.84217e-14, 0, -2.84217e-14, 0, 0
1826, -2.84217e-14, 0, -2.84217e-14, 0, 0
1827, -2.84217e-14, 0, -2.84217e-14, 0, 0
1828, -2.84217e-14, 0, -2.84217e-14, 0, 0
1829, -2.84217e-14, 0, -2.84217e-14, 0, 0
1830, -2.84217e-14, 0, -2.84217e-14, 0, 0
1831, -2.84217e-14, 0, -2.84217e-14, 0, 0
1832, -2.84217e-14, 0, -2.84217e-14, 0, 0
1833, -2.84217e-14, 0, -2.84217e-14, 0, 0
1834, -2.84217e-14, 0, -2.84217e-14, 0, 0
1835, -2.84217e-14, 0, -2.84217e-14, 0, 0
1836, -2.84217e-14, 0, -2.84217e-14, 0, 0
1837, 0, 0, 0, 0, 0
1838, 0, 0, 0, 0, 0
1839, 1.42109e-14, -1.42109e-14, 1.42109e-14, -1.42109e-14, 0
1840, 0, 0, 0, 0, 0
1841, 0, 0, 0, 0, 0
1842, -4.26326e-14, 2.84217e-14, -4.26326e-14, 2.84217e-14, 0
1843, 0, -1.42109e-14, 0, -1.42109e-14, 0
1844, 0, 0, 0, 0, 0
1845, 0, 0, 0, 0, 0
1846, 0, 0, 0, 0, 0
1847, 0, 0, 0, 0, 0
1848, 0, 0, 0, 0, 0
1849, 0, 0, 0, 0, 0
1850, 0, 0, 0, 0, 0
1851, 0, 0, 0, 0, 0
1852, 0.405358, 0.508611, 0.405358, 0.508611, 0
1853, 0, 0, 0, 0, 0
1854, 0, 0, 0, 0, 0
1855, 0, 0, 0, 0, 0
1856, 0, 0, 0, 0, 0
1857, 0, 0, 0, 0, 0
1858, 0, 0, 0, 0, 0
1859, 0, 0, 0, 0, 0
1860, 0, 0, 0, 0, 0
1861, 0, 0, 0, 0, 0
1862, 0, 0, 0, 0, 0
1863, 0, 0, 0, 0, 0
1864, 0, 0, 0, 0, 0
1865, 0, 0, 0, 0, 0
1866, 0, 0, 0, 0, 0
1867, 0, 0, 0, 0, 0
1868, 0, 0, 0, 0, 0
1869, 0, 0, 0, 0, 0
1870, 0, 0, 0, 0, 0
1871, -1.42109e-14, 0, -1.42109e-14, 0, 0
1872, 0, 0, 0, 0, 0
1873, 0, 0, 0, 0, 0
1874, 0, 0, 0, 0, 0
1875, 0, 0, 0, 0, 0
1876, 0, 0, 0, 0, 0
1877, 0, 0, 0, 0, 0
1878, 0, 0, 0, 0, 0
1879, 0, 0, 0, 0, 0
1880, 0, 0, 0, 0, 0
1881, 895, 895, 895, 895, 895
1882, 0, 0, 0, 0, 0
1883, 0, 0, 0, 0, 0
1884, 0, 0, 0, 0, 0
1885, 0, 0, 0, 0, 0
1886, 0, 0, 0, 0, 0
1887, 0, 0, 0, 0, 0
1888, 0, 0, 0, 0, 0
1889, 0, 0, 0, 0, 0
1890, 0, 0, 0, 0, 0