0, 2811.41, 5569.62, -1, -1, -1
1, 28826.8, 47280.2, -1, -1, -1
2, 79.3764, 293.828, -1, -1, -1
3, 972.66, 1420.91, -1, -1, -1
4, 7404.63, 11414.2, -1, -1, -1
5, 2.84217e-13, -1.7053e-13, -1, -1, -1
6, 1351.06, 4938.05, -1, -1, -1
7, 246.021, 223.968, -1, -1, -1
8, 5529.16, 6302.7, -1, -1, -1
9, 3.41061e-13, 5.68434e-14, -1, -1, -1
10, 12.9598, 5, -1, -1, -1
11, 230.923, 208, -1, -1, -1
12, 258.239, 512.509, -1, -1, -1
13, 1466.98, 1504.93, -1, -1, -1
14, 1829.33, 2279.3, -1, -1, -1
15, 6856.53, 12132.1, -1, -1, -1
16, -5.68434e-14, 2.27374e-13, -1, -1, -1
17, 37.6724, 212.665, -1, -1, -1
18, 498.779, 372.11, -1, -1, -1
19, 9.9476e-14, -4.26326e-14, -1, -1, -1
20, 5.68434e-14, -2.09166e-13, -1, -1, -1
21, -2.84217e-14, 0, -1, -1, -1
22, 3958.39, 1978.51, -1, -1, -1
23, 22658.5, 35752.6, -1, -1, -1
24, 2134.1, 2828.3, -1, -1, -1
25, 877.567, 1362.66, -1, -1, -1
26, 3.76588e-13, 2.84217e-14, -1, -1, -1
27, 22948.4, 47348.3, -1, -1, -1
28, -1.13687e-13, -6.26166e-14, -1, -1, -1
29, 139.305, 487.986, -1, -1, -1
30, 191.992, 417.528, -1, -1, -1
31, 8.24273, 1.05263, -1, -1, -1
32, 2211.17, 3064.12, -1, -1, -1
33, 16335.1, 15997.9, -1, -1, -1
34, 14986, 17377.4, -1, -1, -1
35, 425.496, 453.73, -1, -1, -1
36, 8.52651e-14, -5.68434e-14, -1, -1, -1
37, -5.68434e-14, 5.68434e-14, -1, -1, -1
38, 0, 5.68434e-14, -1, -1, -1
39, 42.3868, 17.6084, -1, -1, -1
40, 1591.29, 1631.26, -1, -1, -1
41, 11883.2, 23249.7, -1, -1, -1
42, 679.042, 852.464, -1, -1, -1
43, 7.19583, 5.68434e-14, -1, -1, -1
44, 5585.63, 9261.26, -1, -1, -1
45, 5900.71, 11943.6, -1, -1, -1
46, 2572.41, 3920.02, -1, -1, -1
47, 520.995, 882.533, -1, -1, -1
48, 1303.36, 2039.92, -1, -1, -1
49, 12355.6, 18882.4, -1, -1, -1
50, -2.80664e-13, -1.42109e-13, -1, -1, -1
51, 345.181, 844.891, -1, -1, -1
52, 6929.77, 8808.66, -1, -1, -1
53, 165.832, 233.957, -1, -1, -1
54, 2507.19, 3384.51, -1, -1, -1
55, 218.048, 461.787, -1, -1, -1
56, 5125.23, 5620.1, -1, -1, -1
57, 487.049, 461.516, -1, -1, -1
58, 5103.31, 6115.24, -1, -1, -1
59, -1.98952e-13, -2.70006e-13, -1, -1, -1
60, 1935.34, 1780.25, -1, -1, -1
61, 188.676, 169.697, -1, -1, -1
62, 4946.64, 7331.9, -1, -1, -1
63, 2519.09, 4331.87, -1, -1, -1
64, 335.393, 578.259, -1, -1, -1
65, -3.41061e-13, -5.68434e-14, -1, -1, -1
66, 98.4778, 54.959, -1, -1, -1
67, 1176.67, 3854.76, -1, -1, -1
68, 222.606, 67, -1, -1, -1
69, 3732.81, 5269.72, -1, -1, -1
70, 3588.82, 6234.8, -1, -1, -1
71, 4753.51, 7903.41, -1, -1, -1
72, 23.8395, 3.65452, -1, -1, -1
73, 8.86503, -2.84217e-14, -1, -1, -1
74, 1402.44, 1587.27, -1, -1, -1
75, 4132.17, 5310.05, -1, -1, -1
76, 3454.69, 5056.06, -1, -1, -1
77, 7953.96, 17369.9, -1, -1, -1
78, 3054.64, 5804.24, -1, -1, -1
79, 15091.2, 22726.8, -1, -1, -1
80, 470.028, 940.829, -1, -1, -1
81, 10438.4, 14906.6, -1, -1, -1
82, 9.25194, 15.2, -1, -1, -1
83, 941.258, 1635.02, -1, -1, -1
84, 40570.7, 64935, -1, -1, -1
85, 418.2, 106, -1, -1, -1
86, 1912.6, 4560.69, -1, -1, -1
87, 30684.7, 35015.4, -1, -1, -1
88, 413.315, 526, -1, -1, -1
89, -3.12639e-13, 5.68434e-14, -1, -1, -1
90, 656.422, 2554.41, -1, -1, -1
91, 6101.58, 5897.13, -1, -1, -1
92, 254.47, 73.4406, -1, -1, -1
93, 12123.1, 7790.58, -1, -1, -1
94, 2118.73, 2858.51, -1, -1, -1
95, 0.232866, 1.83333, -1, -1, -1
96, 423, 425, -1, -1, -1
97, 1882.09, 2756.08, -1, -1, -1
98, 0, 0, -1, -1, -1
99, -1.13687e-13, -5.68434e-14, -1, -1, -1
100, 814.371, 702.294, -1, -1, -1
101, 1111.57, 364.469, -1, -1, -1
102, 4799.93, 11062.6, -1, -1, -1
103, 859.388, 2222.98, -1, -1, -1
104, 557.069, 465.511, -1, -1, -1
105, 715.526, 610.424, -1, -1, -1
106, 1206.05, 2137.8, -1, -1, -1
107, 68.2667, 40.5603, -1, -1, -1
108, 45.3346, 41, -1, -1, -1
109, 2746.69, 3204.02, -1, -1, -1
110, 5166.93, 8620.08, -1, -1, -1
111, 702.2, 369.724, -1, -1, -1
112, 215.471, 198.501, -1, -1, -1
113, 189.887, 65.6963, -1, -1, -1
114, 1010.04, 1170.96, -1, -1, -1
115, 62.3335, 57.1293, -1, -1, -1
116, 2.84217e-14, 0, -1, -1, -1
117, 46.4538, 316.36, -1, -1, -1
118, 272.87, 719.986, -1, -1, -1
119, 2.84217e-13, -5.68434e-14, -1, -1, -1
120, 236.602, 314.349, -1, -1, -1
121, 4662.58, 4581.15, -1, -1, -1
122, 162.705, 58.1309, -1, -1, -1
123, 3949.23, 9298.44, -1, -1, -1
124, 814.81, 678.57, -1, -1, -1
125, 466.013, 481, -1, -1, -1
126, 1932.63, 3920.87, -1, -1, -1
127, 1055.97, 376, -1, -1, -1
128, 0, 0, -1, -1, -1
129, 4.24549e-13, -6.35048e-14, -1, -1, -1
130, 1297.48, 2655.04, -1, -1, -1
131, 86.2287, 323.898, -1, -1, -1
132, 887.167, 1158.33, -1, -1, -1
133, 1116.5, 1469.71, -1, -1, -1
134, 86.8919, 1, -1, -1, -1
135, 3818.47, 3045.82, -1, -1, -1
136, 3932.74, 3862.34, -1, -1, -1
137, 2899.55, 9925.6, -1, -1, -1
138, 407.536, 360.459, -1, -1, -1
139, 2759.92, 1508.19, -1, -1, -1
140, 2125.65, 4565.84, -1, -1, -1
141, 410.954, 366.273, -1, -1, -1
142, 8587.02, 13630.4, -1, -1, -1
143, 2151.15, 2737.71, -1, -1, -1
144, 3021.24, 2284.87, -1, -1, -1
145, 5109.07, 3650.1, -1, -1, -1
146, 3.41061e-13, 1.13687e-13, -1, -1, -1
147, 663.042, 836.464, -1, -1, -1
148, 4239.66, 6933.3, -1, -1, -1
149, 13.3432, -5.68434e-14, -1, -1, -1
150, -2.84217e-14, 0, -1, -1, -1
151, 350.506, 1186.13, -1, -1, -1
152, 6.25278e-13, -5.68434e-14, -1, -1, -1
153, 114.117, 172.022, -1, -1, -1
154, 1.42109e-14, 0, -1, -1, -1
155, 802.859, 940.632, -1, -1, -1
156, 9191.66, 18511.5, -1, -1, -1
157, 44.8648, 18.0755, -1, -1, -1
158, 39.5044, 3.67635, -1, -1, -1
159, 488.862, 301.249, -1, -1, -1
160, 4368.99, 4501.92, -1, -1, -1
161, 3256.91, 3995.75, -1, -1, -1
162, 2.13163e-13, -2.84217e-14, -1, -1, -1
163, 7807.14, 12141.8, -1, -1, -1
164, 1680.26, 4267.62, -1, -1, -1
165, 1747.21, 2131.85, -1, -1, -1
166, 244.685, 225, -1, -1, -1
167, 306.352, 408.181, -1, -1, -1
168, 84.8777, 10.3137, -1, -1, -1
169, 384.711, 94, -1, -1, -1
170, 297.167, 147.875, -1, -1, -1
171, -1.13687e-13, -3.39728e-14, -1, -1, -1
172, 5.06786, 1, -1, -1, -1
173, 1970.58, 2786.85, -1, -1, -1
174, 297.229, 131.888, -1, -1, -1
175, 1102.44, 2891.93, -1, -1, -1
176, 2.84217e-14, 0, -1, -1, -1
177, 3.41061e-13, -1.42109e-13, -1, -1, -1
178, 2.84217e-14, 8.52651e-14, -1, -1, -1
179, 6.25278e-13, 1.7053e-13, -1, -1, -1
180, 155.042, 119.903, -1, -1, -1
181, 2897.33, 5827.04, -1, -1, -1
182, 98.8589, 375, -1, -1, -1
183, 368.112, 79.6667, -1, -1, -1
184, 904.244, 1649.87, -1, -1, -1
185, -5.68434e-14, 0, -1, -1, -1
186, 289.406, 280.327, -1, -1, -1
187, 912.315, 1641.34, -1, -1, -1
188, 2622.83, 3632.39, -1, -1, -1
189, 620.925, 1766.31, -1, -1, -1
190, 0, -5.68434e-14, -1, -1, -1
191, 1075.61, 1030.29, -1, -1, -1
192, 37.2077, 42.9104, -1, -1, -1
193, 120.384, 343.817, -1, -1, -1
194, 203.641, 18, -1, -1, -1
195, 2.84217e-13, -5.68434e-14, -1, -1, -1
196, 1270.46, 2988.12, -1, -1, -1
197, -1.56319e-13, 6.39488e-14, -1, -1, -1
198, -3.97904e-13, 1.13687e-13, -1, -1, -1
199, 1.7053e-13, -5.68434e-14, -1, -1, -1
200, 2705.21, 8202.71, -1, -1, -1
201, 824.011, 435.327, -1, -1, -1
202, 3317.41, 3816.68, -1, -1, -1
203, 353.646, 322.225, -1, -1, -1
204, 46.2688, 351.042, -1, -1, -1
205, 5273.51, 7242.9, -1, -1, -1
206, 160, 170, -1, -1, -1
207, 789.88, 16.6994, -1, -1, -1
208, 4903.07, 5259.83, -1, -1, -1
209, 9.41913e-13, -9.54792e-15, -1, -1, -1
210, 0.2, -1.42109e-14, -1, -1, -1
211, 2.27374e-13, 0, -1, -1, -1
212, 134.326, 145.395, -1, -1, -1
213, 115.138, 665.134, -1, -1, -1
214, 1854.13, 3533.12, -1, -1, -1
215, 99.6759, 144, -1, -1, -1
216, 5072.14, 6388.85, -1, -1, -1
217, 9371.6, 9300.09, -1, -1, -1
218, 35.9355, 49.3807, -1, -1, -1
219, 289.629, 534.741, -1, -1, -1
220, 357.35, 425.54, -1, -1, -1
221, 863.752, 882.03, -1, -1, -1
222, 3449.5, 3977.37, -1, -1, -1
223, 3.68594e-13, -2.47802e-13, -1, -1, -1
224, 1915.24, 2437.71, -1, -1, -1
225, 4640.94, 1791.59, -1, -1, -1
226, 6818.06, 11701.9, -1, -1, -1
227, 3030.33, 5156, -1, -1, -1
228, 21813.6, 29346.7, -1, -1, -1
229, 539.288, 877.55, -1, -1, -1
230, -2.27374e-13, 1.13687e-13, -1, -1, -1
231, 5.40012e-13, -5.68434e-14, -1, -1, -1
232, 246.856, 239.67, -1, -1, -1
233, 6678.54, 5683.09, -1, -1, -1
234, 207.621, 109, -1, -1, -1
235, -2.27374e-13, -1.7053e-13, -1, -1, -1
236, 5.68434e-14, 5.68434e-14, -1, -1, -1
237, -1.1191e-13, 2.23821e-13, -1, -1, -1
238, -9.23706e-14, 3.55271e-14, -1, -1, -1
239, 2.84217e-13, -1.13687e-13, -1, -1, -1
240, 5531.27, 9033.97, -1, -1, -1
241, 2446.3, 2618.3, -1, -1, -1
242, 1.13687e-13, 0, -1, -1, -1
243, 141.849, 874.613, -1, -1, -1
244, 89.5777, 12, -1, -1, -1
245, 4021.31, 6550.19, -1, -1, -1
246, 2.04348, 2, -1, -1, -1
247, 337.535, 772.448, -1, -1, -1
248, 75.014, 194.333, -1, -1, -1
249, 1.42109e-13, 2.84217e-14, -1, -1, -1
250, 0, 0, -1, -1, -1
251, 9503.78, 10564.7, -1, -1, -1
252, 3364.76, 5567.61, -1, -1, -1
253, 187.971, 237.776, -1, -1, -1
254, 252.052, 65, -1, -1, -1
255, 8366.3, 14217, -1, -1, -1
256, 968.344, 1946.64, -1, -1, -1
257, 2.03169, 0, -1, -1, -1
258, 5283.35, 9405.7, -1, -1, -1
259, 5473.53, 6651.22, -1, -1, -1
260, 460.709, 1155.33, -1, -1, -1
261, 75.4283, 70.7707, -1, -1, -1
262, 1223.89, 1627.7, -1, -1, -1
263, 3224.04, 2834.78, -1, -1, -1
264, 345.44, 801.043, -1, -1, -1
265, 7.31859e-13, 5.68434e-14, -1, -1, -1
266, 5200.71, 7351.26, -1, -1, -1
267, 500.292, 79.3333, -1, -1, -1
268, 2.14329, 0, -1, -1, -1
269, 6481.92, 7648.72, -1, -1, -1
270, 7.43363, 6, -1, -1, -1
271, 0, 0, -1, -1, -1
272, 58.4742, 247.25, -1, -1, -1
273, 1259.35, 493.606, -1, -1, -1
274, 1370.53, 2085.8, -1, -1, -1
275, 2416.85, 3831.09, -1, -1, -1
276, 754.672, 792.613, -1, -1, -1
277, 1933.38, 2269.5, -1, -1, -1
278, 1916.35, 3193.02, -1, -1, -1
279, -4.1922e-13, 3.55271e-14, -1, -1, -1
280, 304.657, 448.346, -1, -1, -1
281, 271.264, 54.2728, -1, -1, -1
282, 1753.72, 1741.55, -1, -1, -1
283, 21.0671, 2, -1, -1, -1
284, 28.5765, 44.8358, -1, -1, -1
285, 105.349, 60.4801, -1, -1, -1
286, 136.541, 22.7042, -1, -1, -1
287, 2373.92, 2782.11, -1, -1, -1
288, 198.751, 49.35, -1, -1, -1
289, -3.97904e-13, 0, -1, -1, -1
290, 1352.47, 2705.79, -1, -1, -1
291, 0, 0, -1, -1, -1
292, 93.948, 79.9915, -1, -1, -1
293, 1.20792e-13, -8.88178e-15, -1, -1, -1
294, 38.525, 21.3481, -1, -1, -1
295, 621.082, 267.741, -1, -1, -1
296, 22.8742, 14, -1, -1, -1
297, 1817.45, 2276.7, -1, -1, -1
298, 5.05506, 3, -1, -1, -1
299, 1.42109e-13, 5.68434e-14, -1, -1, -1
300, 310.638, 363.461, -1, -1, -1
301, 28.6013, 9.13299, -1, -1, -1
302, 16.6266, 3, -1, -1, -1
303, 228.764, 726.462, -1, -1, -1
304, 0, 0, -1, -1, -1
305, 1634.87, 1756.45, -1, -1, -1
306, 182.816, 58.0714, -1, -1, -1
307, 8.18132, 1, -1, -1, -1
308, 3442.67, 4194.15, -1, -1, -1
309, 136.03, 870.144, -1, -1, -1
310, 174.189, 146.394, -1, -1, -1
311, 4.98334, 4, -1, -1, -1
312, 77.0144, 273.585, -1, -1, -1
313, 50.8182, 285.505, -1, -1, -1
314, 537.091, 369.235, -1, -1, -1
315, 1343.2, 2443.55, -1, -1, -1
316, 2923.12, 2093.4, -1, -1, -1
317, 1.13687e-13, 5.68434e-14, -1, -1, -1
318, 1.49664, -2.84217e-14, -1, -1, -1
319, -1.13687e-13, -1.7053e-13, -1, -1, -1
320, 4.26326e-14, -1.42109e-14, -1, -1, -1
321, 296.162, 638.167, -1, -1, -1
322, 1984.45, 3307.51, -1, -1, -1
323, 612.061, 792.771, -1, -1, -1
324, 712.819, 724.016, -1, -1, -1
325, 672.736, 1582.76, -1, -1, -1
326, -5.77316e-15, 1.07625e-12, -1, -1, -1
327, 88.8503, 17, -1, -1, -1
328, 9.23706e-14, 1.42109e-14, -1, -1, -1
329, 679.598, 372.371, -1, -1, -1
330, 211.534, 89.2254, -1, -1, -1
331, 293.734, 170.736, -1, -1, -1
332, 5171.74, 5870.09, -1, -1, -1
333, 1786.58, 1750.89, -1, -1, -1
334, 641.048, 941.471, -1, -1, -1
335, 2912.36, 8212.91, -1, -1, -1
336, 2542.32, 3888.56, -1, -1, -1
337, 923.765, 1042.22, -1, -1, -1
338, -8.52651e-14, 0, -1, -1, -1
339, 6.63081e-14, 5.68434e-14, -1, -1, -1
340, 325.244, 263, -1, -1, -1
341, 4644.44, 3622.79, -1, -1, -1
342, 16.1237, 24.4732, -1, -1, -1
343, -4.26326e-14, -5.68434e-14, -1, -1, -1
344, 559.074, 440.804, -1, -1, -1
345, 1720.31, 2953.42, -1, -1, -1
346, 1461.65, 1557.02, -1, -1, -1
347, 7.99361e-14, 3.77476e-14, -1, -1, -1
348, 2.94376, 3.30769, -1, -1, -1
349, 7063.13, 5643.02, -1, -1, -1
350, 5.68434e-14, 1.13687e-13, -1, -1, -1
351, -2.35367e-13, -7.41629e-14, -1, -1, -1
352, -1.74971e-13, -2.84217e-14, -1, -1, -1
353, -4.08562e-14, -2.75335e-14, -1, -1, -1
354, -1.13687e-13, -1.13687e-13, -1, -1, -1
355, -2.75335e-13, -2.26041e-13, -1, -1, -1
356, 1422.23, 678.791, -1, -1, -1
357, 1578.03, 1728.18, -1, -1, -1
358, 3013.37, 4120.97, -1, -1, -1
359, -5.68434e-14, 0, -1, -1, -1
360, 8.15097, 31.2841, -1, -1, -1
361, 4.47642e-13, 1.27898e-13, -1, -1, -1
362, 2810.73, 2366.08, -1, -1, -1
363, 3006, 7106.09, -1, -1, -1
364, 8.73968e-13, -1.68754e-13, -1, -1, -1
365, -5.68434e-14, 1.13687e-13, -1, -1, -1
366, 8.52651e-14, 1.13687e-13, -1, -1, -1
367, 6.58188, 4, -1, -1, -1
368, 13.4501, 0, -1, -1, -1
369, 2102.75, 2097.3, -1, -1, -1
370, 1.13687e-13, -5.68434e-14, -1, -1, -1
371, 3658.36, 3103.47, -1, -1, -1
372, 5047.65, 5656.32, -1, -1, -1
373, 44.2104, 16.0417, -1, -1, -1
374, 5.68434e-14, 0, -1, -1, -1
375, 347.292, 806.601, -1, -1, -1
376, 5.25802e-13, -1.42109e-13, -1, -1, -1
377, 1254.52, 3005.51, -1, -1, -1
378, 314.386, 312, -1, -1, -1
379, 7.10543e-15, -1.42109e-14, -1, -1, -1
380, 1.42109e-13, -2.84217e-14, -1, -1, -1
381, -1.7053e-13, -5.68434e-14, -1, -1, -1
382, 466.727, 1832.15, -1, -1, -1
383, -2.27374e-13, 1.13687e-13, -1, -1, -1
384, 5680.87, 7046.74, -1, -1, -1
385, -2.39253e-13, 5.4623e-14, -1, -1, -1
386, 0, 5.68434e-14, -1, -1, -1
387, 2237.86, 3411.87, -1, -1, -1
388, 123.269, 102.847, -1, -1, -1
389, 23.3054, 27.0531, -1, -1, -1
390, -1.13687e-13, 0, -1, -1, -1
391, 8242.11, 4579.51, -1, -1, -1
392, 1.5774e-12, -1.13687e-13, -1, -1, -1
393, 126.941, 193.46, -1, -1, -1
394, 726.534, 1045.83, -1, -1, -1
395, 8.52651e-14, -1.42109e-14, -1, -1, -1
396, 283.053, 929.049, -1, -1, -1
397, 1238.41, 1071.39, -1, -1, -1
398, 2.88269e-13, 2.06057e-13, -1, -1, -1
399, 129.141, 491.327, -1, -1, -1
400, 0.269517, 8.89249, -1, -1, -1
401, 1.17223, 3.68862, -1, -1, -1
402, 191.382, 643, -1, -1, -1
403, 13614.8, 18596, -1, -1, -1
404, -5.68434e-14, 5.68434e-14, -1, -1, -1
405, 62.0241, 62.3139, -1, -1, -1
406, 706.47, 923.481, -1, -1, -1
407, -1.84741e-13, 2.84217e-14, -1, -1, -1
408, 134.34, 243.349, -1, -1, -1
409, 1.7053e-13, 1.13687e-13, -1, -1, -1
410, 1674.49, 1644.98, -1, -1, -1
411, 62.4668, 52.9979, -1, -1, -1
412, 363.129, 291.866, -1, -1, -1
413, 1846.95, 1446.66, -1, -1, -1
414, -3.08642e-14, -2.55351e-14, -1, -1, -1
415, 12.6769, 36.0289, -1, -1, -1
416, -1.82077e-13, -1.48326e-13, -1, -1, -1
417, 2630.86, 2835.02, -1, -1, -1
418, 3.66008, 4, -1, -1, -1
419, 355.375, 442.522, -1, -1, -1
420, 2254.61, 3159.53, -1, -1, -1
421, 4177.59, 4659.19, -1, -1, -1
422, 21.1203, 19, -1, -1, -1
423, 1.13687e-13, -5.68434e-14, -1, -1, -1
424, 3128.38, 2773.83, -1, -1, -1
425, -1.52767e-13, -3.55271e-14, -1, -1, -1
426, 5.68434e-14, 1.06581e-13, -1, -1, -1
427, 1.62397, 210.153, -1, -1, -1
428, 15.8047, 48.9089, -1, -1, -1
429, 1.59072, 1, -1, -1, -1
430, -2.84217e-13, -5.68434e-14, -1, -1, -1
431, 4.54747e-13, 5.68434e-14, -1, -1, -1
432, 1447.31, 1770.66, -1, -1, -1
433, 2.84217e-14, 0, -1, -1, -1
434, 859.511, 834.896, -1, -1, -1
435, 364.664, 433.902, -1, -1, -1
436, -2.27374e-13, 0, -1, -1, -1
437, 866.52, 1462.13, -1, -1, -1
438, 179.14, 150.533, -1, -1, -1
439, 2.4869e-13, -1.24345e-13, -1, -1, -1
440, 1.13687e-13, -5.68434e-14, -1, -1, -1
441, 2.84217e-13, 1.7053e-13, -1, -1, -1
442, 426.75, 507.764, -1, -1, -1
443, 361.398, 333.736, -1, -1, -1
444, -1.56319e-13, 0, -1, -1, -1
445, 21.9345, 1.81251, -1, -1, -1
446, 2790.23, 1538.4, -1, -1, -1
447, -2.84217e-14, 0, -1, -1, -1
448, -9.9476e-14, -1.7053e-13, -1, -1, -1
449, 2.13163e-14, -5.68434e-14, -1, -1, -1
450, 909.018, 351, -1, -1, -1
451, 31.1241, 44, -1, -1, -1
452, 86.9579, 49.8028, -1, -1, -1
453, 3.97904e-13, -4.26326e-14, -1, -1, -1
454, -3.48166e-13, -5.86198e-14, -1, -1, -1
455, 97.0153, 95.8038, -1, -1, -1
456, 2, -5.68434e-14, -1, -1, -1
457, 1.05265, 0, -1, -1, -1
458, 1048.21, 901.148, -1, -1, -1
459, 1047.35, 972.047, -1, -1, -1
460, 4.54747e-13, 5.68434e-14, -1, -1, -1
461, 4.02345e-13, 1.13687e-13, -1, -1, -1
462, -5.32907e-15, 0, -1, -1, -1
463, -5.53335e-13, 9.59233e-14, -1, -1, -1
464, 17.9765, 0, -1, -1, -1
465, 8.55185, 4.07634, -1, -1, -1
466, 130.346, 367.336, -1, -1, -1
467, 2.06208, 1, -1, -1, -1
468, -5.68434e-14, -5.68434e-14, -1, -1, -1
469, 9.68114e-14, -3.97904e-13, -1, -1, -1
470, -3.05533e-13, 5.68434e-14, -1, -1, -1
471, 411.871, 1416.42, -1, -1, -1
472, -3.41061e-13, -2.84217e-14, -1, -1, -1
473, 1311.2, 1565.38, -1, -1, -1
474, -1.26121e-13, -3.73035e-14, -1, -1, -1
475, 215.792, 588.255, -1, -1, -1
476, 5.68434e-14, 5.68434e-14, -1, -1, -1
477, 231.688, 166.744, -1, -1, -1
478, 194.767, 463.35, -1, -1, -1
479, -6.31203e-13, -1.94511e-13, -1, -1, -1
480, 1.30376, 5.68434e-14, -1, -1, -1
481, 57.1405, 125.349, -1, -1, -1
482, -1.24345e-14, 5.68434e-14, -1, -1, -1
483, -3.55271e-13, -6.33271e-13, -1, -1, -1
484, 19.8968, 13.2955, -1, -1, -1
485, 3281.82, 1987.17, -1, -1, -1
486, 493.28, 435.551, -1, -1, -1
487, 2305.72, 3561.21, -1, -1, -1
488, 938.249, 1827.68, -1, -1, -1
489, 5.64881e-13, -7.10543e-15, -1, -1, -1
490, -1.13687e-13, 0, -1, -1, -1
491, -5.68434e-14, 3.64153e-14, -1, -1, -1
492, 1409.51, 2885.49, -1, -1, -1
493, 918.955, 890.485, -1, -1, -1
494, 0, 0, -1, -1, -1
495, -5.13367e-13, -9.50351e-14, -1, -1, -1
496, 12.414, 36.2857, -1, -1, -1
497, 126.326, 225.309, -1, -1, -1
498, 341.366, 277.46, -1, -1, -1
499, 1.13687e-13, 0, -1, -1, -1
500, -4.54747e-13, 0, -1, -1, -1
501, 4.47642e-13, -3.12639e-13, -1, -1, -1
502, 1.84741e-13, -8.08242e-14, -1, -1, -1
503, -1.42109e-14, 0, -1, -1, -1
504, 943.54, 1129.62, -1, -1, -1
505, -3.9968e-14, -1.09024e-13, -1, -1, -1
506, 292.553, 538.277, -1, -1, -1
507, 1.7053e-13, -1.13687e-13, -1, -1, -1
508, 0, 0, -1, -1, -1
509, 5656.93, 3775.86, -1, -1, -1
510, 233.381, 404.964, -1, -1, -1
511, -2.30926e-13, 0, -1, -1, -1
512, 5.68434e-14, -1.13687e-13, -1, -1, -1
513, 15.639, 3, -1, -1, -1
514, 95.3251, 181.495, -1, -1, -1
515, 58.1686, 27, -1, -1, -1
516, 108.263, 122, -1, -1, -1
517, 4.54747e-13, -1.06581e-14, -1, -1, -1
518, 0, 0, -1, -1, -1
519, 662.357, 1058.7, -1, -1, -1
520, 70.0714, 2, -1, -1, -1
521, -2.84217e-13, -5.68434e-14, -1, -1, -1
522, -1.13687e-13, -1.13687e-13, -1, -1, -1
523, -7.59393e-13, -6.62581e-13, -1, -1, -1
524, -1.42109e-14, 8.88178e-15, -1, -1, -1
525, -1.42109e-14, 7.10543e-14, -1, -1, -1
526, 5.68434e-14, 0, -1, -1, -1
527, 1406.94, 1046.35, -1, -1, -1
528, 1.42109e-14, -1.13687e-13, -1, -1, -1
529, -1.42109e-13, -1.13687e-13, -1, -1, -1
530, 34.3359, 0.543028, -1, -1, -1
531, 1.84741e-13, -1.42109e-13, -1, -1, -1
532, -8.52651e-14, -2.13163e-14, -1, -1, -1
533, -3.44114e-13, -3.69482e-13, -1, -1, -1
534, 365.356, 560.402, -1, -1, -1
535, 14.0995, 75.1111, -1, -1, -1
536, 9.23706e-14, -7.10543e-14, -1, -1, -1
537, -1.7053e-13, 5.68434e-14, -1, -1, -1
538, 1.7053e-13, -1.13687e-13, -1, -1, -1
539, 1027.55, 1469.49, -1, -1, -1
540, 56.9653, 12.3995, -1, -1, -1
541, 792.22, 2079.9, -1, -1, -1
542, 40.5998, 110.014, -1, -1, -1
543, 2.13163e-13, 5.68434e-14, -1, -1, -1
544, 861.385, 1099.48, -1, -1, -1
545, 1.42109e-13, 1.13687e-13, -1, -1, -1
546, 151.659, 86.4685, -1, -1, -1
547, -2.84217e-14, 0, -1, -1, -1
548, 50.4772, 59.6, -1, -1, -1
549, 2154.58, 2253.05, -1, -1, -1
550, 1628.32, 677.256, -1, -1, -1
551, 1017.94, 1287.34, -1, -1, -1
552, 0, 0, -1, -1, -1
553, 4121.67, 2405.34, -1, -1, -1
554, 437.416, 333.76, -1, -1, -1
555, -3.41061e-13, 0, -1, -1, -1
556, -1.13687e-13, -5.68434e-14, -1, -1, -1
557, 754.683, 1205.97, -1, -1, -1
558, 40.9216, 23.0546, -1, -1, -1
559, -9.23706e-14, 8.08242e-14, -1, -1, -1
560, 757.935, 252, -1, -1, -1
561, 7.10543e-15, -9.76996e-14, -1, -1, -1
562, 3.05533e-13, 1.7053e-13, -1, -1, -1
563, 0, 0, -1, -1, -1
564, 335.442, 308.072, -1, -1, -1
565, 467.048, 532.596, -1, -1, -1
566, -1.42109e-14, 0, -1, -1, -1
567, 1313.26, 2277.68, -1, -1, -1
568, -7.90479e-14, -5.70655e-14, -1, -1, -1
569, 1.56319e-13, 5.68434e-14, -1, -1, -1
570, -5.68434e-14, 1.13687e-13, -1, -1, -1
571, 184.912, 314, -1, -1, -1
572, 6.39488e-14, -1.24345e-14, -1, -1, -1
573, 628.926, 516.84, -1, -1, -1
574, 2.13163e-14, 2.84217e-14, -1, -1, -1
575, 4261.17, 3255.56, -1, -1, -1
576, 118.757, 87.294, -1, -1, -1
577, -5.68434e-14, -1.42109e-14, -1, -1, -1
578, 1263.11, 1741.45, -1, -1, -1
579, 2.84217e-14, 2.84217e-14, -1, -1, -1
580, -1.49214e-13, 1.7053e-13, -1, -1, -1
581, 7.10543e-14, 1.42109e-14, -1, -1, -1
582, 8.92619e-14, 1.60982e-13, -1, -1, -1
583, 1737.09, 2196.05, -1, -1, -1
584, 45.4908, 0, -1, -1, -1
585, -1.13687e-12, -5.11591e-13, -1, -1, -1
586, 260.387, 31.2224, -1, -1, -1
587, 2.13163e-14, -1.13687e-13, -1, -1, -1
588, 1.7053e-13, -1.13687e-13, -1, -1, -1
589, 2.23155e-14, -2.75335e-13, -1, -1, -1
590, 1.38778e-16, 0, -1, -1, -1
591, -3.19744e-14, -4.26326e-14, -1, -1, -1
592, 21.4968, 5.68825, -1, -1, -1
593, 1.13687e-13, -9.9476e-14, -1, -1, -1
594, -3.55271e-13, -1.13687e-13, -1, -1, -1
595, -1.13687e-13, 5.68434e-14, -1, -1, -1
596, 0, 0, -1, -1, -1
597, 44.6621, 11.0573, -1, -1, -1
598, 825.641, 732.144, -1, -1, -1
599, 2, 1, -1, -1, -1
600, 154.921, 14.5291, -1, -1, -1
601, 93.1003, 27, -1, -1, -1
602, 1.00364e-13, 5.68434e-14, -1, -1, -1
603, -2.84217e-14, 0, -1, -1, -1
604, -1.38556e-13, -1.5099e-13, -1, -1, -1
605, 1.13687e-13, -2.27374e-13, -1, -1, -1
606, -5.32907e-15, 0, -1, -1, -1
607, 2.84217e-14, 0, -1, -1, -1
608, 5.32907e-14, 2.84217e-14, -1, -1, -1
609, 531.997, 350.545, -1, -1, -1
610, 1.7053e-13, -5.68434e-14, -1, -1, -1
611, 2.77556e-16, 0, -1, -1, -1
612, -1.86517e-13, -3.3662e-13, -1, -1, -1
613, 0, 0, -1, -1, -1
614, 162.908, 298.978, -1, -1, -1
615, 1.03029e-13, -2.30926e-14, -1, -1, -1
616, 47.7693, 15, -1, -1, -1
617, -5.32907e-15, -1.42109e-14, -1, -1, -1
618, 3.05589e-14, -1.95399e-14, -1, -1, -1
619, 12.3689, 6, -1, -1, -1
620, -2.66454e-15, 0, -1, -1, -1
621, 2.60347e-14, 7.99361e-14, -1, -1, -1
622, 2.13163e-14, -7.10543e-14, -1, -1, -1
623, -2.84217e-14, -4.26326e-14, -1, -1, -1
624, 0, 0, -1, -1, -1
625, 2, 2, -1, -1, -1
626, 2.27374e-13, -3.41061e-13, -1, -1, -1
627, 141.286, 664, -1, -1, -1
628, 0, -5.68434e-14, -1, -1, -1
629, 8.99281e-15, 5.68434e-14, -1, -1, -1
630, 27.3276, 65.2966, -1, -1, -1
631, 15.8343, 2.5, -1, -1, -1
632, 16.7458, 10.3258, -1, -1, -1
633, -1.61648e-13, 8.52651e-14, -1, -1, -1
634, -5.6799e-13, -1.13687e-13, -1, -1, -1
635, 2.55795e-13, 0, -1, -1, -1
636, -5.68434e-14, -1.13687e-13, -1, -1, -1
637, 2.40881, 7.21053, -1, -1, -1
638, 1.13687e-13, 0, -1, -1, -1
639, 0, 5.68434e-14, -1, -1, -1
640, -1.42109e-14, 0, -1, -1, -1
641, -5.32907e-15, 0, -1, -1, -1
642, -5.32907e-15, 0, -1, -1, -1
643, 424.016, 264.046, -1, -1, -1
644, 0, 1.13687e-13, -1, -1, -1
645, 123.625, 10.7692, -1, -1, -1
646, 2.61457, 2.84217e-14, -1, -1, -1
647, 156.945, 40, -1, -1, -1
648, -1.67422e-13, -7.10543e-14, -1, -1, -1
649, -1.98952e-13, 1.98952e-13, -1, -1, -1
650, 1.56319e-13, -5.68434e-14, -1, -1, -1
651, 1.7053e-13, -8.52651e-14, -1, -1, -1
652, 2.84217e-14, -1.13687e-13, -1, -1, -1
653, 5.68434e-14, 0, -1, -1, -1
654, 2.84217e-14, 0, -1, -1, -1
655, 2.37219, 2.08824, -1, -1, -1
656, 74.7459, 27, -1, -1, -1
657, 10.2755, 3, -1, -1, -1
658, 0, -6.03961e-14, -1, -1, -1
659, 466.676, 356.25, -1, -1, -1
660, 6.39488e-14, 0, -1, -1, -1
661, -1.42109e-14, 0, -1, -1, -1
662, 2.53254, 0, -1, -1, -1
663, 1.27898e-13, -5.68434e-14, -1, -1, -1
664, 0, 0, -1, -1, -1
665, 0, 0, -1, -1, -1
666, 2.4869e-13, 2.84217e-14, -1, -1, -1
667, -2.84217e-13, -5.68434e-14, -1, -1, -1
668, 0, 0, -1, -1, -1
669, 2.27374e-13, -5.68434e-14, -1, -1, -1
670, 1.23161e-12, -2.77112e-13, -1, -1, -1
671, 202.786, 187.368, -1, -1, -1
672, 1.89293e-14, 1.7053e-13, -1, -1, -1
673, 1.13687e-13, 0, -1, -1, -1
674, 0, 0, -1, -1, -1
675, -5.68434e-14, 0, -1, -1, -1
676, 49.4898, 130.876, -1, -1, -1
677, 234.64, 564.332, -1, -1, -1
678, 6.10293, 2, -1, -1, -1
679, 0, 0, -1, -1, -1
680, 5.68434e-14, 0, -1, -1, -1
681, 0, 0, -1, -1, -1
682, 2.84217e-14, 0, -1, -1, -1
683, -5.68434e-14, 4.26326e-14, -1, -1, -1
684, 977.5, 982.885, -1, -1, -1
685, 264.168, 357.378, -1, -1, -1
686, 0, 0, -1, -1, -1
687, 2.20268e-13, 1.13687e-13, -1, -1, -1
688, 3.55271e-13, 1.7053e-13, -1, -1, -1
689, -1.7053e-13, -5.68434e-14, -1, -1, -1
690, -9.57012e-14, 2.84217e-14, -1, -1, -1
691, 0, 0, -1, -1, -1
692, 0, 0, -1, -1, -1
693, -4.68958e-13, -8.17124e-14, -1, -1, -1
694, -1.97994e-12, 3.35731e-13, -1, -1, -1
695, 51.0319, 32.4664, -1, -1, -1
696, 57.0518, 0, -1, -1, -1
697, -1.13687e-13, 0, -1, -1, -1
698, 0, 0, -1, -1, -1
699, -2.34479e-13, -1.42109e-14, -1, -1, -1
700, 1.51879e-13, 9.9476e-14, -1, -1, -1
701, 7.81597e-13, 2.55795e-13, -1, -1, -1
702, -4.21663e-13, -2.66454e-15, -1, -1, -1
703, -1.98952e-13, -2.84217e-14, -1, -1, -1
704, 4.44089e-16, -4.44089e-16, -1, -1, -1
705, 1.13687e-13, 1.13687e-13, -1, -1, -1
706, 5.30336, 30.4224, -1, -1, -1
707, 4.44089e-16, 0, -1, -1, -1
708, 1.13243e-13, 5.68434e-14, -1, -1, -1
709, 1.95399e-14, 7.81597e-14, -1, -1, -1
710, 8.52651e-14, 8.52651e-14, -1, -1, -1
711, 7.10543e-15, 0, -1, -1, -1
712, 1.7053e-13, 5.68434e-14, -1, -1, -1
713, 1.93179e-13, -3.73035e-14, -1, -1, -1
714, 0, 0, -1, -1, -1
715, 2.84217e-14, -1.13687e-13, -1, -1, -1
716, -2.84217e-14, -4.26326e-14, -1, -1, -1
717, -2.62901e-13, 8.52651e-14, -1, -1, -1
718, -4.08562e-14, -8.52651e-14, -1, -1, -1
719, 75.0314, 210.062, -1, -1, -1
720, -2.84217e-14, 5.68434e-14, -1, -1, -1
721, -1.3749e-12, -6.39488e-14, -1, -1, -1
722, 1.63425e-13, 1.06581e-13, -1, -1, -1
723, 329.471, 319.36, -1, -1, -1
724, 5.68434e-14, 0, -1, -1, -1
725, -1.61066e-13, -5.68434e-14, -1, -1, -1
726, 0, 0, -1, -1, -1
727, 0, 0, -1, -1, -1
728, 1.77636e-15, 0, -1, -1, -1
729, 133.627, 65.1962, -1, -1, -1
730, 1.7053e-13, 5.68434e-14, -1, -1, -1
731, 0, 0, -1, -1, -1
732, 5.68434e-14, 0, -1, -1, -1
733, 5.68434e-14, -5.68434e-14, -1, -1, -1
734, 1.13687e-13, 5.68434e-14, -1, -1, -1
735, 5.68434e-14, 5.68434e-14, -1, -1, -1
736, -3.81917e-13, -1.24345e-14, -1, -1, -1
737, 0, 0, -1, -1, -1
738, 4.26326e-14, 2.84217e-14, -1, -1, -1
739, 5.68434e-14, 0, -1, -1, -1
740, 0, 0, -1, -1, -1
741, -5.68434e-14, 0, -1, -1, -1
742, 0, -2.84217e-14, -1, -1, -1
743, -1.42109e-13, -8.70415e-14, -1, -1, -1
744, 2.13163e-13, -1.42109e-14, -1, -1, -1
745, -5.32907e-15, 1.35003e-13, -1, -1, -1
746, -7.81597e-14, 5.68434e-14, -1, -1, -1
747, 0, 0, -1, -1, -1
748, 3.83693e-13, 4.26326e-14, -1, -1, -1
749, -2.57572e-14, 2.30926e-14, -1, -1, -1
750, -1.42109e-14, 2.84217e-14, -1, -1, -1
751, 1.60788e-13, -4.61853e-14, -1, -1, -1
752, 0, 0, -1, -1, -1
753, -5.32907e-15, 0, -1, -1, -1
754, -1.10134e-13, -8.34888e-14, -1, -1, -1
755, 0, -5.68434e-14, -1, -1, -1
756, -1.11022e-16, 0, -1, -1, -1
757, 5.68434e-14, -2.84217e-14, -1, -1, -1
758, 0, 0, -1, -1, -1
759, -2.13163e-14, 7.99361e-14, -1, -1, -1
760, -7.10543e-14, -1.13687e-13, -1, -1, -1
761, 1.7053e-13, 5.68434e-14, -1, -1, -1
762, 3.12639e-13, -1.13687e-13, -1, -1, -1
763, -1.21875e-13, 1.06581e-13, -1, -1, -1
764, 1.32561e-13, 1.13687e-13, -1, -1, -1
765, 1.13687e-13, 0, -1, -1, -1
766, -4.9738e-14, 2.84217e-14, -1, -1, -1
767, 0, 0, -1, -1, -1
768, 0, 0, -1, -1, -1
769, -5.32907e-15, 0, -1, -1, -1
770, 8.51819e-14, 2.84217e-14, -1, -1, -1
771, 5.68434e-14, 0, -1, -1, -1
772, 2.84217e-14, 0, -1, -1, -1
773, -8.52651e-14, -2.84217e-14, -1, -1, -1
774, 0, 0, -1, -1, -1
775, 2.84217e-14, 0, -1, -1, -1
776, 1.42109e-14, 1.42109e-14, -1, -1, -1
777, 0, 0, -1, -1, -1
778, 1.01164e-12, 2.67564e-13, -1, -1, -1
779, 0, 0, -1, -1, -1
780, -5.68434e-14, 0, -1, -1, -1
781, 0, 0, -1, -1, -1
782, -1.11022e-16, 0, -1, -1, -1
783, 8.52651e-14, -2.84217e-14, -1, -1, -1
784, -2.84217e-14, -5.68434e-14, -1, -1, -1
785, 0, 0, -1, -1, -1
786, -3.34732e-14, -5.68434e-14, -1, -1, -1
787, 276.476, 127, -1, -1, -1
788, 1.13687e-13, -5.68434e-14, -1, -1, -1
789, 2.84217e-13, 0, -1, -1, -1
790, -1.42109e-14, 7.10543e-15, -1, -1, -1
791, 0, 0, -1, -1, -1
792, 0, 0, -1, -1, -1
793, 1.11022e-14, 2.35367e-14, -1, -1, -1
794, -2.84217e-14, 0, -1, -1, -1
795, -4.26326e-14, -4.26326e-14, -1, -1, -1
796, 3.69482e-13, 2.84217e-14, -1, -1, -1
797, 0, 0, -1, -1, -1
798, -1.11022e-16, 0, -1, -1, -1
799, 3.55271e-15, 3.55271e-15, -1, -1, -1
800, 0, 0, -1, -1, -1
801, -2.84217e-13, -1.7053e-13, -1, -1, -1
802, 5.68434e-14, -5.68434e-14, -1, -1, -1
803, 5.68434e-14, 5.68434e-14, -1, -1, -1
804, 0, 0, -1, -1, -1
805, 4.44089e-16, 0, -1, -1, -1
806, -2.27374e-13, -5.68434e-14, -1, -1, -1
807, -1.66533e-16, 0, -1, -1, -1
808, 2.84217e-14, 5.68434e-14, -1, -1, -1
809, -1.13687e-13, -2.84217e-14, -1, -1, -1
810, 1.89293e-14, -3.19744e-14, -1, -1, -1
811, -2.84217e-14, -5.68434e-14, -1, -1, -1
812, -2.84217e-14, -2.84217e-14, -1, -1, -1
813, -1.06581e-14, 3.55271e-15, -1, -1, -1
814, 0, -2.84217e-14, -1, -1, -1
815, 1.13687e-13, 2.84217e-14, -1, -1, -1
816, 0, 0, -1, -1, -1
817, 1.11022e-15, 0, -1, -1, -1
818, 0, 0, -1, -1, -1
819, -1.11022e-15, 1.33227e-15, -1, -1, -1
820, 0, 0, -1, -1, -1
821, 8.52651e-14, 2.84217e-14, -1, -1, -1
822, 0, 0, -1, -1, -1
823, 0, 0, -1, -1, -1
824, 0, 0, -1, -1, -1
825, -1.44329e-15, -2.66454e-15, -1, -1, -1
826, -2.62901e-13, 1.42109e-14, -1, -1, -1
827, 0, 0, -1, -1, -1
828, -3.55271e-15, 0, -1, -1, -1
829, 2.84217e-14, -2.84217e-14, -1, -1, -1
830, 0, 0, -1, -1, -1
831, 1.64313e-14, -1.42109e-14, -1, -1, -1
832, 0, 0, -1, -1, -1
833, 0, 0, -1, -1, -1
834, 5.02931e-14, 2.5091e-14, -1, -1, -1
835, -2.84217e-14, 0, -1, -1, -1
836, -1.06581e-14, -1.06581e-14, -1, -1, -1
837, -1.06581e-14, 0, -1, -1, -1
838, -5.32907e-15, 0, -1, -1, -1
839, 0, 0, -1, -1, -1
840, -7.81597e-14, -8.52651e-14, -1, -1, -1
841, -2.13163e-14, 0, -1, -1, -1
842, -9.32587e-15, 2.84217e-14, -1, -1, -1
843, 2.55795e-13, -1.19016e-13, -1, -1, -1
844, 0, 0, -1, -1, -1
845, 0, 0, -1, -1, -1
846, 0, 0, -1, -1, -1
847, 28.4648, 30.5914, -1, -1, -1
848, 0, 0, -1, -1, -1
849, 0, 0, -1, -1, -1
850, -4.44089e-16, -1.77636e-15, -1, -1, -1
851, 0, 0, -1, -1, -1
852, 0, 0, -1, -1, -1
853, 0, 0, -1, -1, -1
854, -2.84217e-14, -5.68434e-14, -1, -1, -1
855, 0, 0, -1, -1, -1
856, 0, 0, -1, -1, -1
857, -2.83107e-15, 0, -1, -1, -1
858, 0, -3.55271e-15, -1, -1, -1
859, 7.10543e-15, 0, -1, -1, -1
860, 0, 0, -1, -1, -1
861, 0, 0, -1, -1, -1
862, 0, 0, -1, -1, -1
863, 4.5533e-14, -3.55271e-15, -1, -1, -1
864, 2.77556e-16, 0, -1, -1, -1
865, 0, 0, -1, -1, -1
866, 0, 0, -1, -1, -1
867, 4.79616e-14, 0, -1, -1, -1
868, -2.4869e-14, 0, -1, -1, -1
869, -1.95399e-14, 0, -1, -1, -1
870, 3.55271e-15, 0, -1, -1, -1
871, -1.11022e-16, 0, -1, -1, -1
872, 0, 0, -1, -1, -1
873, 0, 0, -1, -1, -1
874, 0, 0, -1, -1, -1
875, 0, 0, -1, -1, -1
876, 0, 0, -1, -1, -1
877, 0, 0, -1, -1, -1
878, 0, 0, -1, -1, -1
879, 0, 0, -1, -1, -1
880, 0, 0, -1, -1, -1
881, 0, 0, -1, -1, -1
882, 0, 0, -1, -1, -1
883, 0, 0, -1, -1, -1
884, 0, 0, -1, -1, -1
885, 0, 0, -1, -1, -1
886, 0, 0, -1, -1, -1
887, 0, 0, -1, -1, -1
888, 0, 0, -1, -1, -1
889, 0, -3.55271e-15, -1, -1, -1
890, 0, 0, -1, -1, -1
891, 0, 0, -1, -1, -1
892, 0, 0, -1, -1, -1
893, 0, 0, -1, -1, -1
894, 0, 0, -1, -1, -1
895, 0, 0, -1, -1, -1
896, 0, 0, -1, -1, -1
897, 0, 0, -1, -1, -1
898, 0, 0, -1, -1, -1