0, 715.511, 844.136, 713.156, 809.053, -1
1, 583.905, 1742.76, 583.214, 1498.11, -1
2, 471.452, 413.116, 468.735, 466.853, -1
3, 1159.88, 1404.62, 1148.45, 1294.55, -1
4, 626.356, 885.38, 625.755, 757.245, -1
5, 1669.26, 2594.46, 1654.01, 2374.53, -1
6, 613.359, 1571.83, 613.418, 1381.23, -1
7, 6607.8, 7481.44, 6606.02, 7415.47, -1
8, 488.217, 1078.27, 490.052, 1074.69, -1
9, 1560.13, 2969.57, 1547.34, 2735.49, -1
10, 2610.26, 3283.55, 2603.81, 3249.14, -1
11, 1657.27, 1997.17, 1653.09, 1982.21, -1
12, 2205.79, 4242.21, 2181.25, 4116.84, -1
13, 3138.32, 3959.05, 3124.8, 3989.95, -1
14, 699.566, 975.567, 696.393, 931.362, -1
15, 1906.31, 2789.04, 1909.51, 2848.39, -1
16, 1369.14, 1560.61, 1370.73, 1578.96, -1
17, 6878.33, 8480.93, 6864.68, 8466.62, -1
18, 615.735, 947.576, 616.185, 839.868, -1
19, 1834.75, 3261.73, 1813.77, 2987.54, -1
20, 120.405, 290.53, 122.256, 319.903, -1
21, 6073.83, 7434, 6073.69, 7398.22, -1
22, 1608.49, 2557.49, 1607.58, 2495.44, -1
23, 1158.68, 1604.63, 1158.32, 1626.01, -1
24, 1488.87, 2963.91, 1487.06, 2686.99, -1
25, 5231.25, 5083.51, 5229.58, 5156.49, -1
26, 948.438, 2559.16, 947.193, 2582.11, -1
27, 2293.66, 3700.23, 2281.65, 3765.12, -1
28, 2161.67, 3980.46, 2154.73, 3922.35, -1
29, 988.805, 1489.77, 987.061, 1478.28, -1
30, 33.8196, 275.972, 36.8216, 296.064, -1
31, 343.539, 568.927, 343.882, 530.428, -1
32, 0.108423, 70.0405, 0.108637, 68.1179, -1
33, 2977.09, 3327.01, 2958.03, 3276.55, -1
34, 822.796, 1124.69, 823.591, 1177.36, -1
35, 850.104, 1109.5, 841.585, 1152.38, -1
36, 606.231, 894.484, 612.117, 840.38, -1
37, -4.61853e-14, 0.00026462, 7.4607e-14, 0.00026462, -1
38, 1.42109e-13, 0, 1.7053e-13, 2.27374e-13, -1
39, 1062.92, 1430.31, 1063.25, 1454.81, -1
40, -3.97904e-13, 2.20268e-13, 8.52651e-14, 3.48166e-13, -1
41, 1236.9, 2112.62, 1235.76, 2040.7, -1
42, 3.41061e-13, 5.68434e-13, 2.84217e-13, 5.11591e-13, -1
43, 0.116883, 0.225806, 0.111111, 0.225806, -1
44, 1715.45, 2127.45, 1715.78, 2081.18, -1
45, 1.03029e-13, -1.13687e-13, -9.69891e-13, -7.81597e-14, -1
46, -2.13163e-13, 3.69482e-13, 8.52651e-14, 3.97904e-13, -1
47, -1.13687e-13, 2.55795e-13, 3.12639e-13, 2.27374e-13, -1
48, 2.94875e-13, -9.9476e-14, 9.23706e-14, 2.62901e-13, -1
49, 1827.51, 2067.54, 1828.04, 2036.83, -1
50, 0, 1.19371e-12, 3.41061e-13, 5.68434e-14, -1
51, -1.20792e-13, 5.68434e-14, -1.63425e-13, -2.13163e-13, -1
52, 260.894, 356.226, 263.255, 367.898, -1
53, 1.00394, 43.4116, 1.0041, 47.5152, -1
54, 10.2991, 30.8262, 10.3357, 30.9232, -1
55, 2.84217e-13, 5.68434e-14, -5.68434e-13, -1.7053e-13, -1
56, 0, 1.19371e-12, 3.41061e-13, 5.68434e-14, -1
57, 12.9513, 79.4197, 12.7846, 79.4241, -1
58, 8.52651e-14, 5.3396, 4.54747e-13, 5.3396, -1
59, 5.52326, 41.6005, 6.77984, 46.1993, -1
60, 5.5144, 114.924, 7.53789, 73.4538, -1
61, 9.09495e-13, 8.52651e-14, 7.10543e-13, 1.42109e-13, -1
62, 3.33955e-13, 1.63425e-13, 1.13687e-13, 4.9738e-14, -1
63, 8.01321, 47.071, 8.01482, 47.0794, -1
64, 0.0888378, 19.2111, 0.0888531, 19.1456, -1
65, 0, 1.42109e-14, -1.42109e-14, 4.26326e-14, -1
66, -4.26326e-13, -2.84217e-14, -6.53699e-13, 2.84217e-14, -1
67, 0.0130178, 1.58421, 0.0130178, 1.58493, -1
68, 5.15143e-14, 4.68958e-13, 1.1191e-13, 8.75744e-13, -1
69, 4.05009e-13, -1.27898e-13, -1.13687e-13, -9.23706e-14, -1
70, -1.42109e-13, 2.27374e-13, -4.40536e-13, 1.42109e-13, -1
71, 2.0961e-13, 2, 2.62901e-13, 3.19744e-14, -1
72, 2.13163e-13, 1.3074e-12, 8.2423e-13, 1.27898e-12, -1
73, 2.78273, 152.135, 1.28934, 104.413, -1
74, 6.11067e-13, -5.68434e-13, 4.68958e-13, -6.82121e-13, -1
75, -4.1922e-13, 1.42109e-14, -3.41061e-13, -7.10543e-14, -1
76, 0.000932937, 17.8174, 0.500934, 38.6081, -1
77, 7.95808e-13, 2.27374e-13, 8.81073e-13, 7.95808e-13, -1
78, 1.6592, 21.5496, 1.12422, 13.1853, -1
79, 7.81597e-13, 7.10543e-13, 3.2685e-13, 4.26326e-13, -1
80, 7.10543e-15, 3.69482e-13, -8.52651e-14, 3.69482e-13, -1
81, 50.3985, 121.698, 50.3956, 121.734, -1
82, 8.95284e-13, 1.06581e-13, 8.95284e-13, 1.13687e-13, -1
83, 0.031817, 1.03126, 0.0318172, 0.0312608, -1
84, 2.84217e-13, 1.42109e-14, -7.10543e-14, 2.41585e-13, -1
85, 3.97904e-13, 4.26326e-13, 3.41061e-13, 3.97904e-13, -1
86, -1.7053e-13, 8.52651e-13, -3.97904e-13, 6.53699e-13, -1
87, 5.24025e-13, -3.8014e-13, 5.45342e-13, 4.65405e-13, -1
88, 1917.89, 2157.45, 1897.94, 2167.18, -1
89, 3.97904e-13, 0, 3.41061e-13, -2.84217e-14, -1
90, 7.38964e-13, 2.27374e-13, 7.38964e-13, -2.84217e-14, -1
91, -4.12115e-13, 7.3178, 4.01457e-13, 4.52312, -1
92, 0.112331, 4.17278, 0.112914, 4.30024, -1
93, 1.75, 15.1949, 3.83333, 9.2767, -1
94, -5.61329e-13, 1.66667, -1.00897e-12, 3.12639e-13, -1
95, 0.00150038, 16.8601, 0.00150207, 9.18165, -1
96, 23.1522, 189.617, 22.6859, 129.769, -1
97, 0.0349681, 74.534, 0.0350048, 73.2658, -1
98, 0.00271668, 0.00260506, 0.00271668, 0.00260506, -1
99, 2.84217e-13, 9.9476e-14, -3.55271e-14, -8.52651e-14, -1
100, 0.164661, 0.00386462, 0.160806, 2.36424, -1
101, 2.07944, 35.1891, 3.91795, 24.121, -1
102, 4.54747e-13, -9.9476e-14, 1.7053e-13, 4.26326e-14, -1
103, 0.813415, 2.08801, 0.816949, 3.12548, -1
104, 6.82121e-13, 1.98952e-13, 1.98952e-13, 1.42109e-13, -1
105, 1.9894, 16.236, 1.99056, 15.3678, -1
106, 7.10543e-15, 7.10543e-14, 1.06581e-13, 0, -1
107, 0.0458576, 5.86575, 0.0458601, 3.04484, -1
108, 3.2685e-13, 0.0769231, 2.41585e-13, -1.42109e-13, -1
109, -5.24025e-14, 18.0784, -1.56319e-13, 10.9372, -1
110, 0.00860832, 14.0651, 0.0086145, 1.56804, -1
111, -9.23706e-14, 0.112862, -2.06057e-13, 0.112875, -1
112, 0.784682, 36.9574, 0.802629, 35.6931, -1
113, 1.56319e-13, 0.0156201, -7.10543e-14, 0.015638, -1
114, -4.9738e-14, 0.0869565, 1.13687e-13, 0.0869565, -1
115, 0.00623132, 3.02782, 0.00623551, 3.03075, -1
116, -1.42109e-14, 6.50708, 1.42109e-13, 0.0188737, -1
117, 5.40012e-13, -2.84217e-13, 3.33955e-13, -1.98952e-13, -1
118, 0.00312108, 0, 0.00312426, 1.13687e-13, -1
119, 0, 1.42109e-13, -1.13687e-13, 1.13687e-13, -1
120, 154.501, 207.058, 154.553, 207.058, -1
121, -5.32907e-14, 7.10543e-14, -1.52767e-13, 1.42109e-14, -1
122, 9.9476e-14, 5.68434e-14, 1.42109e-13, 1.27898e-13, -1
123, -2.84217e-14, -5.68434e-14, -2.84217e-14, 5.68434e-14, -1
124, 1.57002, 6.29081, 1.7252, 6.04169, -1
125, -5.68434e-14, 1.7053e-13, 1.42109e-13, 1, -1
126, 42.554, 224.717, 41.5752, 156.265, -1
127, -2.84217e-13, -8.52651e-14, -1.7053e-13, 2.84217e-14, -1
128, 2.13163e-13, 3, -1.13687e-13, 3, -1
129, -2.84217e-14, -1.13687e-13, -1.42109e-13, -5.68434e-14, -1
130, 1.7053e-13, -2.27374e-13, 2.70006e-13, 5.68434e-14, -1
131, 1.42109e-13, -1.7053e-13, -8.52651e-14, -1.7053e-13, -1
132, -1.7053e-13, -2.27374e-13, -8.52651e-14, -1.7053e-13, -1
133, -2.84217e-13, 1.13687e-13, -2.27374e-13, -2.84217e-14, -1
134, 21.9217, 65.5506, 19.993, 73.611, -1
135, 2.84217e-14, -4.26326e-14, 4.26326e-14, 5.68434e-14, -1
136, 0.561643, 4.55556, 0.293286, 3.10037, -1
137, 12.8733, 62.2221, 6.58758, 37.3762, -1
138, 7.82075, 44.8342, 6.84157, 36.1397, -1
139, -8.52651e-14, -3.12639e-13, 1.42109e-13, 1.7053e-13, -1
140, -5.68434e-14, 2.27374e-13, -1.27898e-12, 1.13687e-13, -1
141, 22.4715, 101.911, 19.3178, 81.7526, -1
142, 18.2013, 53.835, 14.5684, 38.3361, -1
143, -4.40536e-13, -1.13687e-13, -3.97904e-13, -1.98952e-13, -1
144, -4.54747e-13, -1.13687e-13, -3.97904e-13, -1.98952e-13, -1
145, -4.26326e-13, -1.13687e-13, -3.97904e-13, -1.98952e-13, -1
146, 59.8303, 175.81, 61.611, 184.039, -1
147, 4.26326e-14, -4.26326e-14, -1.42109e-13, -1.42109e-14, -1
148, 1.13687e-13, 2, 3.12639e-13, 2, -1
149, -4.40536e-13, -1.13687e-13, -4.12115e-13, -1.98952e-13, -1
150, 0.482327, 5.03605, 0.766771, 5.51311, -1
151, -7.10543e-14, 9.9476e-14, 1.42109e-14, -2.84217e-14, -1
152, -4.26326e-13, -1.13687e-13, -3.97904e-13, -1.98952e-13, -1
153, -1.42109e-14, 1.42109e-13, -7.10543e-14, 5.68434e-14, -1
154, -5.68434e-14, 1.13687e-13, -4.54747e-13, 2.84217e-13, -1
155, 6, 46.1837, 6, 35.0944, -1
156, 4.26326e-14, -8.52651e-14, 1.13687e-13, -1.42109e-14, -1
157, 2.94921, 6.15, 4.31429, 10.1645, -1
158, 4.26326e-13, -1.98952e-13, -1.98952e-13, 2.27374e-13, -1
159, 18.0055, 36.0055, 12.0055, 24.0055, -1
160, -2.55795e-13, 4.54747e-13, 3.12639e-13, 4.9738e-13, -1
161, 1.2301, 93.2908, 1.23754, 89.3285, -1
162, -1.42109e-13, -5.68434e-14, -2.27374e-13, 0, -1
163, 3.69482e-13, 0.0833333, 2.70006e-13, -5.68434e-14, -1
164, 6.11067e-13, 1.42109e-14, -3.2685e-13, -1.13687e-13, -1
165, 0.00250103, 0.0026821, 0.00204949, 0.00222491, -1
166, -1.42109e-13, -1.7053e-13, -8.52651e-14, -1.13687e-13, -1
167, 5.68434e-14, 0.0833333, 2.62901e-13, 0.142857, -1
168, 3.03259, 11.4795, 3.5143, 11.3619, -1
169, 1.42109e-13, 2.84217e-13, 3.12639e-13, -2.84217e-13, -1
170, 1.13687e-13, 1.42109e-14, -1.7053e-13, 1.42109e-14, -1
171, 64.2826, 86.1093, 64.2935, 88.3899, -1
172, -2.84217e-14, -4.26326e-14, -2.84217e-14, -4.26326e-14, -1
173, 0.0839672, 15.1632, 0.0839756, 16.1685, -1
174, -4.26326e-14, 22.815, -1.7053e-13, 21.3734, -1
175, 5.68434e-14, 5.68434e-14, -2.55795e-13, -5.68434e-14, -1
176, 2.4869e-13, 2, 1.27898e-13, -5.68434e-14, -1
177, 0.0136042, 0.0152368, 0.0136125, 0.0152854, -1
178, -2.84217e-14, 0, -2.84217e-14, 0, -1
179, 3.41061e-13, 0, 0, 0, -1
180, -5.15143e-14, 1.00294, 3.55271e-15, 1.00295, -1
181, -1.98952e-13, 5.68434e-14, -1.13687e-13, 5.68434e-14, -1
182, -1.42109e-14, 7.10543e-14, -4.26326e-14, 5.68434e-14, -1
183, 0.0938394, 1.05449, 0.0940192, 1.0548, -1
184, -1.7053e-13, -8.52651e-14, 3.12639e-13, 8.52651e-14, -1
185, -1.7053e-13, -8.52651e-14, 3.12639e-13, 8.52651e-14, -1
186, -1.7053e-13, -8.52651e-14, 3.12639e-13, 8.52651e-14, -1
187, 4.9738e-14, -2.13163e-14, 4.26326e-14, -7.10543e-15, -1
188, 4.26326e-14, 0, -1.27898e-13, 0, -1
189, 5.68434e-14, 0, -1.13687e-13, 0, -1
190, 5.68434e-14, 0, -1.13687e-13, 0, -1
191, 0.0434337, 4.04083, 0.0434471, 4.04089, -1
192, -3.55271e-15, -7.10543e-15, -1.42109e-14, -1.06581e-14, -1
193, 0.847849, 76.1727, 0.857814, 88.074, -1
194, 4.26326e-14, -2.84217e-14, 5.68434e-14, -1.42109e-14, -1
195, 1.13687e-13, -5.68434e-14, 0, 0, -1
196, 31.5581, 81.0127, 22.2496, 67.378, -1
197, -3.69482e-13, 0, 1.98952e-13, 8.52651e-14, -1
198, 109.463, 155.34, 113.11, 179.944, -1
199, -5.68434e-14, -5.68434e-14, 2.84217e-14, 0, -1
200, -3.55271e-14, 1.00971, -7.10543e-15, 1.03569, -1
201, 7.35415, 15.4511, 7.35453, 13.9838, -1
202, -5.68434e-14, 0, 9.9476e-14, 2.84217e-14, -1
203, 6.04058, 13.8762, 11.8429, 11.5368, -1
204, 7.10543e-15, 2.13163e-14, 3.55271e-14, 0, -1
205, 0, -5.68434e-14, 1.13687e-13, 2.84217e-14, -1
206, 7.10543e-15, 2.13163e-14, 3.55271e-14, 0, -1
207, 1.42109e-14, 0, -2.84217e-14, 2.84217e-14, -1
208, 9.05942e-14, 22, 1.75859e-13, 22, -1
209, -2.84217e-14, -5.68434e-14, -1.13687e-13, 5.68434e-14, -1
210, -1.42109e-14, -1.42109e-14, 2.84217e-14, -2.84217e-14, -1
211, 1.77636e-14, -1.42109e-14, 0, -1.06581e-14, -1
212, 12, 173.975, 11, 131.182, -1
213, 12.675, 19.6692, 12.675, 20.6691, -1
214, 13.5016, 48.354, 14.4837, 50.8561, -1
215, 7.10543e-15, -2.84217e-14, 4.26326e-14, 1.42109e-14, -1
216, -7.81597e-14, 2, -6.39488e-14, 2, -1
217, 9.9476e-14, 4.26326e-14, 8.52651e-14, -2.84217e-14, -1
218, -7.10543e-15, -6.39488e-14, 7.10543e-15, -1.42109e-14, -1
219, 3.19744e-14, 1.13687e-13, -1.95399e-13, -3.55271e-14, -1
220, -3.55271e-13, 1.27898e-13, 1.13687e-13, 4.26326e-14, -1
221, 2.84217e-14, 6.50417, 4.26326e-14, 6.9318, -1
222, 1.09091, 3.53919, 0.766667, 4.75165, -1
223, 1.56319e-13, -5.68434e-14, -1.42109e-14, 0, -1
224, 0.00269179, 19.0709, 0.00271647, 18.0724, -1
225, -3.55271e-14, 3.23801, 0, 3.87863, -1
226, 5.32907e-14, 0, 0, -5.68434e-14, -1
227, -1.42109e-14, 2.84217e-14, -5.68434e-14, 2.84217e-14, -1
228, -9.9476e-14, 8.52651e-14, 3.55271e-13, -2.84217e-14, -1
229, -9.9476e-14, 8.52651e-14, 3.55271e-13, -2.84217e-14, -1
230, 25.3363, 24.7682, 23.5556, 24.1143, -1
231, -1.27898e-13, 7.10543e-14, 3.2685e-13, -4.26326e-14, -1
232, 0, 2.84217e-14, -5.68434e-14, 2.84217e-14, -1
233, -8.52651e-14, 6.39488e-14, 3.55271e-13, -4.9738e-14, -1
234, -1.13687e-13, 6.39488e-14, 3.41061e-13, -4.9738e-14, -1
235, 2.11744, 94.241, 2.12018, 82.5438, -1
236, 0.00374532, 8, 0.00374707, 8, -1
237, -9.9476e-14, 7.10543e-14, 3.55271e-13, -4.26326e-14, -1
238, -9.9476e-14, 7.10543e-14, 3.55271e-13, -4.26326e-14, -1
239, -5.68434e-14, 222.85, -5.68434e-14, 215.967, -1
240, -9.9476e-14, 7.10543e-14, 3.55271e-13, -4.26326e-14, -1
241, 0, 0, -2.84217e-14, 0, -1
242, -1.42109e-14, 0, -7.10543e-15, 0, -1
243, -1.9984e-14, 1, -9.19265e-14, 1, -1
244, 2.84217e-14, 7.10543e-15, 2.84217e-14, 7.10543e-15, -1
245, -1.42109e-14, 2.84217e-14, 2.84217e-14, -2.84217e-14, -1
246, -3.19744e-14, 0, -6.39488e-14, -1.42109e-14, -1
247, 0.446621, 2.17928, 0.455573, 2.18321, -1
248, -1.42109e-14, 0, -4.26326e-14, 1.42109e-14, -1
249, 0, -7.10543e-15, -5.32907e-15, -7.10543e-15, -1
250, 2.13163e-14, -2.13163e-14, -3.55271e-15, -1.42109e-14, -1
251, 7.10543e-15, -7.10543e-15, 0, 0, -1
252, -7.10543e-15, 0, -7.10543e-15, 0, -1
253, 1.06581e-14, 0, 0, 0, -1
254, -2.4869e-14, 0, -1.77636e-14, 0, -1
255, -2.13163e-14, 0, -2.13163e-14, 0, -1
256, -1.77636e-14, 0, -7.10543e-15, 0, -1
257, -1.42109e-14, 0, -7.10543e-15, 0, -1
258, -1.42109e-14, 0, -7.10543e-15, 0, -1
259, -1.42109e-14, 0, -7.10543e-15, 0, -1
260, -3.55271e-15, -3.55271e-15, -3.55271e-15, 3.55271e-15, -1
261, 0, -7.10543e-15, -1.42109e-14, -7.10543e-15, -1
262, -1.42109e-14, 0, -7.10543e-15, 0, -1
263, 0, 0, -3.55271e-15, 0, -1
264, 0, 0, 0, 0, -1
265, 0, 0, 0, 0, -1
266, 0, 0, 0, 0, -1
267, 0, 0, 0, 0, -1
268, 0, 0, 0, 0, -1
269, 0, 0, 0, 0, -1
270, 0, 0, 0, 0, -1
271, 0, 4.44089e-16, 1.11022e-16, 8.88178e-16, -1
272, 0, 0, 0, 0, -1
273, 2.498e-16, 0, 2.498e-16, 0, -1