0, 13244.9, 14664.1, 13267.1, 14734, 17716
1, 0, 0, 0, 0, 0
2, 63889.4, 47454, 63439.1, 47170, 57417
3, 0, 0, 0, 0, 0
4, 0, 0, 0, 0, 0
5, 7593.34, 20483.8, 7593.44, 20483.9, 85695
6, 0, 0, 0, 0, 0
7, 13225.2, 21010.1, 13225.4, 21011.9, 71320
8, 35868.1, 46997.9, 35886.4, 47021.5, 64407
9, 1, 1, 1, 1, 1
10, 0, 0, 0, 0, 0
11, 17672.6, 19228.6, 17677.9, 19238.5, 24897
12, 0, 0, 0, 0, 0
13, 0, 0, 0, 0, 0
14, 0, 0, 0, 0, 0
15, 0, 0, 0, 0, 0
16, 0, 0, 0, 0, 0
17, 0, 0, 0, 0, 0
18, 15357, 21541.5, 15356.4, 21541.5, 42009
19, 125, 125, 125, 125, 125
20, 0, 0, 0, 0, 0
21, 0, 0, 0, 0, 0
22, 0, 0, 0, 0, 0
23, 0, 0, 0, 0, 0
24, 0, 0, 0, 0, 0
25, 4182.53, 7918.33, 4182.53, 7918.43, 11777
26, 14642.1, 14401.2, 14642.4, 14403.4, 32095
27, 0, 0, 0, 0, 0
28, 787.815, 2111.48, 787.81, 2111.48, 3022
29, 569.547, 2169.42, 569.549, 2169.43, 4584
30, 0, 0, 0, 0, 0
31, 114931, 131593, 114945, 131604, 258647
32, 0, 0, 0, 0, 0
33, 3712.7, 9986.42, 3712.82, 9986.47, 42029
34, 0, 0, 0, 0, 0
35, 3186.74, 3993.75, 3203.75, 4044.44, 11629
36, 0, 0, 0, 0, 0
37, 61.2236, 25.7926, 61.2236, 25.7926, 0
38, 0, 0, 0, 0, 0
39, 0, 0, 0, 0, 0
40, 27100.5, 34657.6, 27103.8, 34660.2, 44488
41, 99848.2, 105461, 99878.2, 105480, 125682
42, 0.825643, 0.977782, 0.825643, 0.977782, 0
43, 12456.5, 14447.4, 12495.5, 14531.8, 19413
44, 0, 0, 0, 0, 0
45, 0, 0, 0, 0, 0
46, 892.7, 1348.82, 892.724, 1348.82, 1581
47, 11033.4, 19124.4, 11034.1, 19125.9, 42503
48, 0, 0, 0, 0, 0
49, 6605.07, 13408.1, 6605.12, 13408.5, 22433
50, 6837.95, 14104.2, 6838.11, 14104.2, 56068
51, 8142.01, 12782.2, 8146.91, 12791.5, 22893
52, 5726.44, 11948.7, 5726.45, 11948.9, 12784
53, 995.343, 996.637, 995.343, 996.637, 995
54, 0, 0, 0, 0, 0
55, 2470.82, 3989.65, 2470.82, 3989.65, 10182
56, 80.2293, 98.8153, 80.2443, 98.839, 13
57, 1296.13, 5198.35, 1296.14, 5198.35, 22662
58, 0, 0, 0, 0, 0
59, 1189.74, 3147.66, 1189.74, 3147.66, 11900
60, 3456.22, 3597.85, 3454.22, 3595.85, 4716
61, 3382.58, 11580, 3382.6, 11580, 58867
62, 27958.3, 36384.7, 27956.3, 36381.7, 100067
63, 0, 0, 0, 0, 0
64, 0, 0, 0, 0, 0
65, 0.101651, 0.051199, 0.101651, 0.051199, 0
66, 35628.9, 43354.2, 35633.3, 43358.4, 69195
67, 5591.22, 10645.3, 5591.74, 10645.8, 34281
68, 61.6654, 40.8561, 61.6654, 40.8562, 0
69, 507.232, 1703.89, 507.241, 1703.89, 2669
70, 1.32161e-12, 2.84217e-14, 1.32161e-12, 2.84217e-14, 0
71, 35231, 50674.4, 35240.4, 50693.6, 83140
72, 4784.62, 12094.8, 4785.52, 12097.7, 41146
73, 8077.7, 20515.8, 8078.8, 20519.3, 68515
74, 1086.71, 1748.4, 1086.71, 1748.4, 728
75, 1674.27, 1673.01, 1674.27, 1673.01, 1673
76, 0, 0, 0, 0, 0
77, 2.68172, 2, 2.68172, 2, 2
78, 28.1572, 247.228, 28.1828, 247.228, 196
79, 535.935, 712.328, 535.942, 712.328, 2553
80, 293.949, 95.0162, 294.101, 95.0163, 0
81, 0, 0, 0, 0, 0
82, 14.4513, 29.3366, 14.4513, 29.3366, 25
83, 3075.93, 2542.79, 3074.61, 2540.41, 4084
84, 747.994, 299.658, 745.968, 297.524, 59
85, 61.6894, 207.79, 61.6812, 207.781, 169
86, 73.752, 135.996, 73.7521, 135.996, 242
87, 5561.95, 12484.7, 5562.08, 12484.9, 82740
88, 0, 0, 0, 0, 0
89, 1854.57, 3174.48, 1854.57, 3174.48, 7318
90, -1.70641e-13, 2.84217e-13, -1.70641e-13, 2.84217e-13, 0
91, 0, 0, 0, 0, 0
92, 90.9543, 21.5798, 90.9543, 21.5798, 484
93, 593.247, 578.149, 593.247, 578.149, 576
94, 30524, 25960.8, 30532.3, 25968.4, 38135
95, 3.64329, 411, 3.64329, 411, 411
96, 15747.5, 31295.2, 15747.7, 31295.3, 106674
97, 15.6244, 31.647, 15.6244, 31.647, 31
98, 1067.17, 3142.05, 1067.21, 3142.22, 7855
99, 2.04636e-12, 0, -9.09495e-13, -4.54747e-13, 0
100, 6275.54, 13036.1, 6276.59, 13038.2, 63714
101, 613.541, 1718.59, 613.541, 1718.6, 6762
102, 77587.6, 103841, 77598.2, 103854, 192765
103, 13.698, 9.93871, 13.698, 9.93871, 0
104, 82224.1, 77238, 82229.3, 77245.1, 98720
105, 1.13687e-12, 6.82121e-13, 1.13687e-12, 6.82121e-13, 0
106, 0, 0, 0, 0, 0
107, 0, 0, 0, 0, 0
108, 1442.92, 2552.46, 1444.12, 2554.85, 5021
109, 0.808142, 3.6584, 0.808142, 3.6584, 0
110, 0, 0, 0, 0, 0
111, 0, 0, 0, 0, 0
112, 0, 0, 0, 0, 0
113, 221.352, 745.679, 221.355, 745.679, 3310
114, 0, 0, 0, 0, 0
115, 0, 0, 0, 0, 0
116, 0, 0, 0, 0, 0
117, 1250.36, 1188.27, 1250.41, 1188.27, 820
118, 1188.01, 2357.31, 1188.01, 2357.33, 4811
119, 1599.6, 2189.27, 1599.6, 2189.27, 3196
120, 120.791, 167.631, 120.791, 167.631, 217
121, 0, 0, 0, 0, 0
122, 0, 0, 0, 0, 0
123, 7303.04, 14098, 7305.65, 14099.5, 26792
124, 15.1885, 0.0215269, 15.1885, 0.0215269, 0
125, 0, 0, 0, 0, 0
126, 512.243, 789.464, 512.258, 789.684, 1595
127, 34717.8, 41790.4, 34720.4, 41790.8, 52730
128, 22.2607, 171.173, 22.2607, 171.173, 6756
129, 0, 0, 0, 0, 0
130, 2616.46, 5119.96, 2616.47, 5120, 7183
131, 2248.52, 3549.54, 2248.58, 3550.54, 3340
132, 7.27502, 4.3597, 7.27502, 4.3597, 2
133, 9.12071, 37.9814, 9.12073, 37.9815, 49
134, 3984.51, 4696.61, 3984.76, 4696.75, 8386
135, 0, 0, 0, 0, 0
136, 1, 1, 1, 1, 1
137, 0, 0, 0, 0, 0
138, 0, 0, 0, 0, 0
139, 179.49, 67.2431, 179.49, 67.2431, 139
140, 0, 0, 0, 0, 0
141, 8688.54, 15328.8, 8688.58, 15328.8, 21704
142, 4263.03, 4913.75, 4254.88, 4901.2, 2756
143, 25339.4, 35235.5, 25342.1, 35235.9, 70293
144, 237.692, 259.579, 237.428, 259.579, 182
145, 106.814, 114.609, 106.815, 114.609, 0
146, 57.5545, 295.255, 57.5545, 295.255, 543
147, 0, 0, 0, 0, 0
148, 1907.77, 2202.77, 1907.77, 2202.77, 2691
149, 0, 0, 0, 0, 0
150, 1309.92, 1673.24, 1310.05, 1673.24, 3745
151, 291.736, 926.115, 291.736, 926.115, 4086
152, 0, 0, 0, 0, 0
153, 1228.61, 4649.41, 1228.61, 4649.41, 9462
154, 648.195, 1597.84, 648.202, 1598.12, 31814
155, 0, 0, 0, 0, 0
156, 0, 0, 0, 0, 0
157, 0, 0, 0, 0, 0
158, 0, 0, 0, 0, 0
159, 1081.53, 1086.98, 1081.53, 1086.98, 1109
160, 2407.13, 3313.59, 2407.13, 3313.6, 6845
161, 92.0883, 430.292, 92.0884, 430.292, 608
162, 764.362, 576.658, 764.404, 576.662, 143
163, 457.803, 3165.93, 457.803, 3165.93, 37746
164, 0, 0, 0, 0, 0
165, 0.361675, 2.21565, 0.361675, 2.21565, 4
166, 172.679, 254.787, 172.679, 254.787, 239
167, 77.0942, 202.89, 77.0945, 202.9, 178
168, 0, 0, 0, 0, 0
169, 0, 0, 0, 0, 0
170, 0, -4.54747e-13, 0, -4.54747e-13, 0
171, 1724.07, 2932.29, 1723.99, 2925.76, 2533
172, 194.727, 998.607, 194.751, 998.645, 3070
173, 910.679, 2833.42, 910.695, 2833.42, 9772
174, 3973.98, 5964.75, 3974.08, 5964.82, 19152
175, 21465.7, 29725.3, 21477.2, 29733.2, 34318
176, 1308.67, 4458.51, 1308.67, 4458.5, 39532
177, 0, 0, 0, 0, 0
178, 0, 0, 0, 0, 0
179, 304.83, 774.267, 305.058, 776.279, 640
180, 2246.18, 5749.76, 2246.18, 5749.76, 16107
181, 0, 0, 0, 0, 0
182, 2352.78, 3079.4, 2352.78, 3079.4, 5105
183, 2026.65, 3049.64, 2026.65, 3049.64, 4013
184, 1940.14, 2846.03, 1940.14, 2846.03, 3603
185, -4.54747e-13, 4.54747e-13, 0, 4.54747e-13, 0
186, -5.55112e-17, 0, -5.55112e-17, 0, 0
187, 0, 0, 0, 0, 0
188, 1809.85, 2812.13, 1809.9, 2812.12, 3609
189, 20.871, 35.3002, 20.8717, 35.3002, 524
190, 9065.15, 15875.4, 9063.7, 15873.8, 47104
191, 0, 0, 0, 0, 0
192, 14148.6, 19841.9, 14169.8, 19839.4, 47539
193, 46292.8, 67422.7, 46295.1, 67422.5, 124265
194, 0, 0, 0, 0, 0
195, 0, 0, 0, 0, 0
196, 0, 0, 0, 0, 0
197, 940.606, 2195.37, 940.323, 2195.37, 2495
198, 12114.8, 15340.4, 12110.3, 15336.1, 64595
199, 0, 0, 0, 0, 0
200, 1808.29, 2326.87, 1808.29, 2326.88, 2646
201, 0, 0, 0, 0, 0
202, 21.4707, 5.03457, 21.4707, 5.03457, 1
203, 6731.89, 11815.3, 6732.41, 11816.2, 8284
204, 1, 1.1014, 1, 1.1014, 1
205, 2.27374e-13, 0, 2.27374e-13, 0, 0
206, 0, 0, 0, 0, 0
207, 0, 0, 0, 0, 0
208, 1606.94, 3441.28, 1606.95, 3441.28, 16931
209, 0, 0, 0, 0, 0
210, 2791.17, 4947.75, 2791.19, 4947.74, 9954
211, 24741.1, 45091.8, 24741.2, 45091.9, 114196
212, 0, 0, 0, 0, 0
213, 2666.36, 8023.74, 2666.58, 8023.93, 21053
214, 94.8485, 448.778, 94.8485, 448.778, 2404
215, 0, 0, 0, 0, 0
216, 0, 0, 0, 0, 0
217, 0, 0, 0, 0, 0
218, 2154.07, 2458.64, 2154.41, 2459.08, 4397
219, 2583.43, 9384.9, 2583.58, 9384.98, 42871
220, 852.575, 2909.36, 853.584, 2912.36, 15967
221, 2.71205, -2.27374e-13, 2.71205, -2.27374e-13, 0
222, 0, 0, 0, 0, 0
223, 3853.21, 7115.19, 3853.64, 7114.81, 32242
224, 27.6076, 12.0704, 27.6078, 12.0704, 0
225, 1.56919, 3.23544, 1.56919, 3.23544, 0
226, 1.7053e-13, 1.42109e-13, 1.7053e-13, -5.68434e-14, 0
227, 5268.75, 8249.1, 5268.81, 8249.1, 19715
228, 0, 0, 0, 0, 0
229, 0, 0, 0, 0, 0
230, 0, 0, 0, 0, 0
231, 0.464495, 1.54064, 0.464495, 1.54064, 0
232, 3528.43, 4408.48, 3517.32, 4393.35, 6382
233, 6517.01, 7754.5, 6522.36, 7766.85, 12312
234, 1.11445, 1.7781, 1.11445, 1.7781, 1
235, 4572.49, 13787, 4572.51, 13787, 48031
236, 26.6791, 26.4827, 26.6792, 26.483, 0
237, 0, 0, 0, 0, 0
238, 409.306, 586.019, 409.311, 586.021, 7759
239, 0, 0, 0, 0, 0
240, 3.24603, 0.413903, 3.24603, 0.413903, 0
241, 4697.59, 11248.8, 4697.54, 11248.6, 33803
242, 62.6888, 15, 62.6888, 15, 15
243, 4249.76, 6643.1, 4249.77, 6643.12, 10392
244, 4571.29, 4610.97, 4571.44, 4610.97, 5063
245, 0, 0, 0, 0, 0
246, -2.27374e-13, 0, -2.27374e-13, 0, 0
247, 1845.66, 2722.35, 1845.67, 2722.35, 4522
248, 90656.2, 80687.1, 90675.1, 80764.9, 81189
249, 12196.9, 22397.2, 12197.5, 22396.4, 38326
250, 0, 0, 0, 0, 0
251, 12872, 18996.3, 12872.1, 18996.2, 46730
252, 0, 0, 0, 0, 0
253, 17304.7, 32873.2, 17302.3, 32863.3, 112393
254, -1.13687e-13, 0, -1.13687e-13, 0, 0
255, 2085.5, 3429.02, 2086.21, 3429.02, 5236
256, 2030.8, 2953.35, 2030.81, 2953.35, 2867
257, 0, 0, 0, -2.27374e-13, 0
258, 457.991, 768.658, 457.996, 768.672, 151
259, 8387.86, 14298.8, 8387.86, 14298.8, 49711
260, 85.622, 97.8749, 85.622, 97.8749, 975
261, 0, 0, 0, 0, 0
262, 16296.1, 35509.5, 16296.3, 35509.8, 98255
263, 0, 0, 0, 0, 0
264, 0, 0, 0, 0, 0
265, 6174.48, 14904.3, 6174.61, 14904.3, 38342
266, -4.54747e-13, 3.41061e-13, -4.54747e-13, 2.27374e-13, 0
267, -6.82121e-13, 2.27374e-13, -6.82121e-13, 2.27374e-13, 0
268, 141.015, 910.845, 141.015, 910.845, 3291
269, 0, 0, 0, 0, 0
270, 387.612, 192.036, 387.668, 192.139, 0
271, 3018.37, 6545.08, 3018.37, 6545.09, 15321
272, 18.2417, 8.30907, 18.2417, 8.30907, 1
273, 1307.36, 2394.8, 1307.36, 2394.8, 3194
274, 0, 0, 0, 0, 0
275, 734.352, 2252.42, 734.375, 2252.44, 4904
276, 20630, 29685.5, 20706.6, 29719.3, 70944
277, 980.329, 2476.51, 980.331, 2476.52, 6631
278, 0, 0, 0, 0, 0
279, 2.29301, 1.63343, 2.29301, 1.63343, 0
280, 11666.9, 20010.2, 11695.4, 20058.9, 51770
281, 5782.5, 6712.14, 5783.02, 6713.13, 7210
282, 9228.17, 10302.9, 9228.18, 10302.9, 13139
283, 0, 0, 0, 0, 0
284, 817.558, 1147.49, 817.552, 1147.49, 1406
285, 1139, 1379.84, 1139, 1379.84, 3254
286, 0, 0, 0, 0, 0
287, 2782.42, 6303.56, 2782.48, 6303.56, 17125
288, 7091.04, 22093.9, 7091.13, 22094, 88529
289, 5.03164, 2.72596, 5.03164, 2.72596, 0
290, 1098.02, 1990.6, 1098.02, 1990.6, 7445
291, 0, 0, 0, 0, 0
292, 0, 0, 0, 0, 0
293, 2021.29, 2914.65, 2021.29, 2914.65, 8277
294, -4.54747e-13, 0, -4.54747e-13, 0, 0
295, 7057.66, 9704.85, 7057.73, 9704.86, 14882
296, 20877.3, 35036.1, 20877.3, 35035.9, 106071
297, 2547.08, 2741.66, 2547.1, 2748.12, 2941
298, 3288.79, 4582.94, 3288.79, 4583.01, 8678
299, 2865.19, 3021.26, 2865.19, 3021.26, 4371
300, 6.82121e-13, -2.27374e-13, 2.27374e-13, -2.27374e-13, 0
301, 9351.62, 19584.9, 9353.35, 19584.9, 33988
302, 1451.95, 2744.83, 1454.14, 2747.78, 21277
303, 1731, 1731.1, 1731, 1731.1, 1731
304, 2588.2, 2764.4, 2588.2, 2764.4, 4006
305, 10173.9, 12145.2, 10180.1, 12148.6, 12856
306, 342.215, 696.25, 342.216, 696.25, 1262
307, 24189, 39420.8, 24189.3, 39427.8, 116690
308, 7070.13, 9872.4, 7070.17, 9872.45, 16634
309, -2.27374e-13, 0, -2.27374e-13, 0, 0
310, 543.901, 1404.7, 543.912, 1404.71, 5742
311, 2090.8, 1594.77, 2091.37, 1596.43, 1276
312, 652.951, 1855.93, 652.953, 1855.91, 1578
313, 2558.98, 5895, 2558.99, 5895.04, 16553
314, 262.698, 276.154, 262.698, 276.154, 391
315, 3789.6, 7639.05, 3789.62, 7639.19, 48815
316, 14842.2, 17972, 14842.6, 17971.4, 22188
317, 2967.09, 3398.03, 2967.11, 3399.09, 13091
318, 1602.24, 3038.76, 1602.24, 3038.76, 26722
319, 0, 0, 0, 0, 0
320, 7304.68, 11253.3, 7304.76, 11254.3, 23651
321, 128.498, 126.194, 128.514, 126.194, 88
322, 44389.6, 69114.9, 44393.8, 69116.3, 132896
323, 1317.96, 3412.77, 1317.96, 3412.77, 18125
324, 27557.8, 46189.2, 27555.3, 46178.3, 86902
325, 1472.51, 1935.14, 1472.51, 1935.14, 2316
326, 59.9499, 100.385, 59.9499, 100.385, 11
327, 20.8342, 20.432, 20.8342, 20.432, 0
328, 2490.63, 3400.33, 2490.63, 3400.33, 10705
329, 0, 0, 0, 0, 0
330, 0, 0, 0, 0, 0
331, 561.667, 864.784, 561.667, 864.784, 1808
332, 581.809, 1595.25, 581.813, 1595.29, 12916
333, 1693.07, 3512.81, 1693.07, 3512.81, 5547
334, 88.2325, 254.25, 88.2325, 254.25, 201
335, 27.0788, 144.9, 27.0788, 144.901, 194
336, 4122.61, 6579.22, 4122.65, 6579.2, 12532
337, 3973.73, 4654.83, 3973.73, 4654.83, 15103
338, 3545.77, 6282.43, 3547.84, 6286.44, 11617
339, 236.177, 598.595, 236.177, 598.595, 360
340, 8740.66, 11117.2, 8745.07, 11117.2, 17716
341, 13460.9, 17152.4, 13464.6, 17159.8, 25012
342, 3643.71, 5997.58, 3644.2, 5997.59, 9299
343, 73.698, 615, 73.6987, 615, 9133
344, 2600.07, 3389.61, 2600.08, 3389.69, 3756
345, 9728.68, 10544.6, 9720.57, 10531.7, 11014
346, 0.645123, 3.91442, 0.645123, 3.91442, 0
347, -2.27374e-13, 2.27374e-13, -2.27374e-13, 2.27374e-13, 0
348, 2076.91, 6587.26, 2076.93, 6587.28, 44970
349, 3459.87, 5875.61, 3460.43, 5875.61, 11033
350, 6.96562, 51.1293, 6.96563, 51.1293, 0
351, 702.058, 386.963, 702.045, 386.963, 383
352, 10358, 19882, 10358.5, 19882, 40187
353, 24.114, 256.082, 24.114, 256.082, 1110
354, 514.38, 2180.01, 514.38, 2180.01, 14244
355, 2110.36, 3476.39, 2110.36, 3476.39, 4758
356, 11474.9, 19350.5, 11477.9, 19352.6, 26028
357, 1802.62, 1892.82, 1802.72, 1893.03, 3116
358, 40.8504, 226.696, 40.8504, 226.696, 1817
359, 0, 0, 0, 0, 0
360, 851.544, 1127.92, 851.583, 1127.92, 1035
361, 191.394, 360.421, 191.395, 360.421, 229
362, 79.9272, 320.209, 79.9272, 320.209, 1182
363, 737.099, 3317.06, 737.132, 3317.18, 11023
364, 1283.64, 2733.59, 1283.66, 2733.6, 3507
365, 298.895, 282.641, 299.221, 282.869, 148
366, 1736.5, 4652.2, 1736.35, 4651.65, 18716
367, 11622.1, 22459.1, 11622.1, 22459.1, 56854
368, 0, 0, 0, 0, 0
369, 200.747, 261.833, 200.747, 261.833, 1822
370, 2890.69, 4444.25, 2890.69, 4444.26, 10527
371, 68377.6, 106623, 68379.8, 106617, 186608
372, 288.401, 1508, 288.401, 1508, 5419
373, 0.90489, 0, 0.90489, 0, 0
374, 3003.33, 3559, 3003.33, 3559, 5374
375, 2186.2, 4197.7, 2186.2, 4197.7, 9355
376, 1033.23, 1137.04, 1033.23, 1137.06, 479
377, 4538.83, 12711.8, 4538.8, 12711.9, 43766
378, 1588.5, 3031.97, 1588.5, 3031.97, 4760
379, 0, 0, 0, 0, 0
380, 0, 0, 0, 0, 0
381, 0, 0, 0, 0, 0
382, 0, 0, 0, 0, 0
383, 1.0119, 0, 1.0119, 0, 0
384, 321.164, 1611.37, 321.193, 1611.37, 4446
385, 1318.5, 1970.66, 1318.53, 1970.61, 2204
386, 39.9055, 49.0748, 39.9055, 49.0748, 2
387, 4072.39, 9279.18, 4072.51, 9279.02, 22920
388, 16257.3, 27473.5, 16273.4, 27523.5, 83596
389, 1.36424e-12, 4.54747e-13, 1.36424e-12, 2.27374e-13, 0
390, 2151.47, 5664.42, 2151.49, 5664.53, 8261
391, 8246.74, 10645.6, 8246.94, 10644.6, 11175
392, 7868.94, 11196.3, 7866.71, 11194.3, 13552
393, 3104.58, 3606.18, 3105.79, 3606.74, 6081
394, 35.4857, 93.3863, 35.4857, 93.3863, 195
395, 8086.03, 15771.3, 8086.1, 15771.3, 54136
396, 0, 0, 0, 0, 0
397, 19799.5, 18000.6, 19799.9, 18002.7, 22825
398, 3388.29, 3637.32, 3388.29, 3637.32, 3678
399, 69616.4, 103293, 69621.7, 103294, 150129
400, 1935.77, 3439.78, 1935.77, 3439.78, 4011
401, 2325.66, 3248.37, 2325.67, 3248.33, 7245
402, 44.3655, 63.6056, 44.3655, 63.6056, 0
403, 293.979, 773.448, 293.98, 773.45, 1576
404, 1358.65, 5819.94, 1358.66, 5819.97, 21124
405, 0, 0, 0, 0, 0
406, 2008.52, 3039.97, 2008.52, 3039.97, 9559
407, 611.443, 812.407, 611.445, 812.433, 3863
408, 1241.5, 2184.7, 1241.44, 2184.7, 3646
409, -2.27374e-13, 0, 0, 0, 0
410, 0, 0, 0, 0, 0
411, 0, 0, 0, 0, 0
412, 716.31, 2806.07, 716.31, 2806.07, 18203
413, 44.1335, 87.3243, 44.1336, 87.3243, 49
414, 4458.04, 4395.47, 4458.04, 4395.47, 5106
415, 6.82121e-13, 6.82121e-13, 6.82121e-13, 6.82121e-13, 0
416, 0, 0, 0, 0, 0
417, 1884.88, 2388.66, 1884.88, 2388.66, 2351
418, 0, 0, 0, 0, 0
419, 0, 0, 0, 0, 0
420, 1415.07, 1216.12, 1413.01, 1214.12, 835
421, 3674.71, 5139.18, 3674.71, 5139.55, 10261
422, 1185.11, 1584.75, 1185.12, 1584.75, 1970
423, 13.4807, 84.8554, 13.4807, 84.8554, 120
424, 460.965, 292.333, 460.983, 292.333, 209
425, -2.27374e-13, 4.54747e-13, -1.36424e-12, -2.27374e-12, 0
426, 1691, 1691, 1691, 1691, 1691
427, 0.0473719, 0.0240741, 0.0473719, 0.0240741, 0
428, 6719.95, 8189.15, 6725.46, 8189.97, 27988
429, 736.304, 285.911, 736.336, 285.911, 35
430, 12833.9, 10963.5, 12837.2, 10961.2, 11468
431, 8.57725, 94.6506, 8.57725, 94.6506, 899
432, 0, 0, 0, 0, 0
433, 0, 0, 0, 0, 0
434, 7.95808e-13, 0, 7.95808e-13, 2.27374e-13, 0
435, 0, 0, 0, 0, 0
436, 5138.19, 6752.54, 5138.22, 6752.63, 7730
437, 790.913, 688.597, 790.92, 688.597, 606
438, 1544.09, 2582.47, 1544.11, 2582.55, 4024
439, 1331.9, 2338.94, 1331.9, 2339.12, 8641
440, 1.23533, 11.2561, 1.23533, 11.2561, 0
441, 590.624, 772.345, 590.624, 772.349, 3574
442, 710.432, 205.342, 710.436, 205.343, 194
443, 0, 0, 0, 0, 0
444, 2179.8, 2162.11, 2179.8, 2162.11, 2137
445, 0, 0, 0, 0, 0
446, 4864.37, 4828.97, 4864.44, 4828.98, 3983
447, 5928.7, 18735.2, 5928.89, 18737.2, 47601
448, 1603.07, 4218.97, 1603.07, 4218.97, 10040
449, 0, 0, 0, 0, 0
450, -9.09495e-13, -6.25278e-13, -9.09495e-13, -6.25278e-13, 0
451, 0, 0, 0, 0, 0
452, 0.797222, 1.00112, 0.797222, 1.00112, 1
453, 11851.8, 21941.1, 11852.2, 21941.1, 47227
454, 0, 0, 0, 0, 0
455, 6507.97, 12334.8, 6508.25, 12335, 46778
456, 0, 2.27374e-13, 0, 2.27374e-13, 0
457, 0, 0, 0, 0, 0
458, 0, 0, 0, 0, 0
459, 4816.89, 7500.78, 4816.89, 7500.78, 14829
460, 9.09495e-13, 4, 4.54747e-13, 4, 4
461, 10573.7, 14058.1, 10565.1, 14045.5, 21824
462, 7879.51, 11123.9, 7882.82, 11127.9, 15958
463, 0, 0, 0, 0, 0
464, 240.388, 984.968, 240.388, 984.968, 5338
465, 97.1884, 661.281, 97.1886, 661.281, 762
466, -2.27374e-13, -6.82121e-13, -2.27374e-13, -6.82121e-13, 0
467, 2486.78, 3672.94, 2487.42, 3672.66, 3312
468, 2026.15, 2506.26, 2026.15, 2506.26, 3843
469, 233.164, 364.744, 233.173, 364.744, 130
470, 0, 0, 0, 0, 0
471, 27.1015, 721.749, 27.1015, 721.749, 8154
472, 215.359, 225.525, 215.369, 225.525, 58
473, 17893.1, 25776, 17877.9, 25761.3, 45102
474, 29040.9, 30662.8, 29041.2, 30663.1, 47125
475, 0, 0, 0, 0, 0
476, 1842.52, 2750.33, 1842.57, 2750.34, 2613
477, 0, 0, 0, 0, 0
478, 5533.14, 10296.2, 5532.98, 10296, 26120
479, 6.82121e-13, 2.27374e-13, 6.82121e-13, 4.54747e-13, 0
480, 5232.71, 9706.52, 5232.76, 9706.61, 27085
481, 14556.5, 22050.6, 14558.7, 22051.1, 35866
482, 4823.3, 5319.39, 4823.28, 5319.4, 5217
483, 49.2342, 522.984, 49.2342, 522.984, 2239
484, -9.09495e-13, -2.27374e-13, -9.09495e-13, -4.54747e-13, 0
485, 0, 0, 0, 0, 0
486, 370.118, 813.233, 370.486, 813.542, 1120
487, 1640.43, 1835.14, 1640.43, 1835.14, 2827
488, 5.24724, 31.9528, 5.24733, 31.9531, 0
489, 0, 0, 0, 0, 0
490, 0, 0, 0, 0, 0
491, 2800.83, 2461.21, 2800.86, 2461.21, 3491
492, 0.470317, 19.3195, 0.470317, 19.3195, 14
493, 2599.03, 2670.26, 2599.05, 2670.27, 2689
494, 29374.4, 40228.6, 29371.3, 40231.4, 74207
495, 369.059, 1713.45, 369.059, 1713.45, 6769
496, 206.972, 477.585, 206.972, 477.585, 1636
497, 17887.4, 27210.2, 17891.5, 27211.2, 48201
498, 0, 0, 0, 0, 0
499, 0, 0, 0, 0, 0
500, 539.35, 1234.81, 539.35, 1234.81, 6080
501, 14427.4, 19952.8, 14428.7, 19957.3, 38872
502, 1111.64, 859.363, 1111.66, 859.436, 703
503, 2262.17, 3749.65, 2262.32, 3750.66, 10168
504, 0, 0, 0, 0, 0
505, 0, 0, 0, 0, 0
506, 346.866, 340.478, 346.899, 340.577, 484
507, 57.9995, 188.983, 57.9996, 188.983, 536
508, 9004.16, 14397.3, 9004.76, 14397.3, 36631
509, 0, 0, 0, 0, 0
510, 12.9925, 10.0214, 12.9925, 10.0214, 2
511, 0, 0, 0, 0, 0
512, 13373.3, 23925.1, 13373.3, 23926.3, 40008
513, 4839.06, 11294.7, 4839.03, 11292.4, 18858
514, 73.7054, 204.958, 73.7054, 204.958, 98
515, 1758.06, 874.687, 1758.07, 874.688, 706
516, 1999.34, 3117.03, 1999.77, 3117.03, 5593
517, 2912.97, 3201.43, 2910.82, 3199.19, 3917
518, 0, 0, 0, 0, 0
519, 1239.65, 1464.19, 1239.65, 1464.19, 2717
520, 0, -6.82121e-13, -2.27374e-13, -2.27374e-13, 0
521, 210.386, 168, 210.386, 168, 1
522, 58576.9, 45918.4, 58579.2, 45924, 44614
523, 0, 0, 0, 0, 0
524, 9501.88, 12514.3, 9489.53, 12500.2, 16267
525, -2.27374e-13, 0, -2.27374e-13, 0, 0
526, 4188.61, 5857.71, 4188.62, 5857.72, 16415
527, 0, 0, 0, 0, 0
528, 0, 0, 0, 0, 0
529, 0, 0, 0, 0, 0
530, 0, 0, 0, 0, 0
531, 1233.57, 2992.66, 1233.52, 2992.65, 12954
532, 0, 0, 0, 0, 0
533, 1089.62, 1429.54, 1089.62, 1429.54, 1894
534, 11.3818, 41.2686, 11.3818, 41.2686, 0
535, 15852.3, 20455.4, 15849.8, 20454.6, 31810
536, 2325.67, 1809.72, 2317.94, 1802.79, 1449
537, 5469.63, 9245.8, 5469.3, 9245.35, 16452
538, 97.5928, 744.312, 97.5928, 744.313, 962
539, 3139.73, 6708.68, 3139.58, 6708.55, 16382
540, 0.352258, 0.00940028, 0.352258, 0.00940028, 0
541, 16561.5, 31188.6, 16561.9, 31188.7, 71861
542, 202.744, 289.698, 202.747, 289.698, 197
543, 1937.89, 910.594, 1947.45, 927.667, 418
544, 2285.06, 4249.49, 2287.07, 4252.52, 6066
545, 5647.08, 9097.2, 5651.23, 9107.41, 13137
546, 6515.07, 8029.18, 6513.39, 8028.8, 9937
547, 81.4402, 198.267, 81.4403, 198.267, 150
548, 886.574, 2450.58, 886.577, 2450.58, 10119
549, 0, 0, 0, 0, 0
550, 253.653, 304.162, 253.653, 304.162, 40
551, 18.8077, 3.65091, 18.8078, 3.65091, 0
552, 81.1644, 656.209, 81.1644, 656.209, 1587
553, 15.1682, 81.2833, 15.1682, 81.2833, 154
554, 5398.58, 8541.96, 5398.7, 8543.13, 14482
555, 0, 0, 0, 0, 0
556, 7924.39, 7816.39, 7922.2, 7813.41, 8645
557, 0, 0, 0, 0, 0
558, 0.0830918, 0.0614411, 0.0830918, 0.0614411, 0
559, 1523.12, 3897.03, 1523.17, 3896.89, 4844
560, 12547.6, 13686.7, 12534.1, 13647.1, 20834
561, 15.9844, 146.35, 15.9844, 146.35, 1677
562, 1350.1, 1350.01, 1350.1, 1350.01, 1350
563, 0, 0, 0, 0, 0
564, 0, 0, 0, 0, 0
565, 0, 0, 0, 0, 0
566, 2367.46, 4594.83, 2367.48, 4594.84, 8489
567, -3.55271e-13, -1.1724e-13, -3.55271e-13, -1.1724e-13, 0
568, 7475.47, 13936.9, 7475.48, 13935.9, 47173
569, 37.3638, 29.7516, 37.3638, 29.7516, 14
570, 154.66, 512.899, 154.66, 512.899, 808
571, 0, 0, 0, 0, 0
572, 2948.08, 6153.59, 2950.49, 6156.68, 30348
573, 23.7091, 25.3496, 23.7091, 25.3496, 0
574, 1506.59, 1626.93, 1506.59, 1626.93, 1720
575, 7057.24, 12438.6, 7057.03, 12437.1, 21911
576, 0.0414915, 0.00450797, 0.0414915, 0.00450797, 0
577, 8.38075, 6.20603, 8.38075, 6.20603, 2
578, 0, 0, 0, 0, 0
579, 9.09495e-13, 6.82121e-13, 9.09495e-13, 4.54747e-13, 0
580, 790.641, 2245, 790.641, 2245, 2245
581, 2665.78, 2549.75, 2664.54, 2547.61, 2694
582, 1824.6, 5687.1, 1824.61, 5687.1, 10576
583, 0, 0, 0, 0, 0
584, 297.183, 239.749, 297.207, 239.749, 18
585, 12777.2, 24115.6, 12780.9, 24115.7, 56110
586, 12.1615, 3.83391, 12.1615, 3.83391, 0
587, 2142.9, 4080.71, 2142.89, 4080.49, 5980
588, 27.5865, 19.435, 27.5865, 19.435, 4
589, 6785.98, 14320.1, 6786.03, 14320.1, 30192
590, 1.47834, 1.00765, 1.47834, 1.00765, 0
591, 2354.07, 3552.68, 2354.1, 3552.69, 5912
592, 411.982, 2646.46, 411.982, 2646.46, 20055
593, 1433.43, 1147.47, 1433.43, 1147.48, 916
594, 3989.79, 4559.4, 3993.53, 4562.91, 6495
595, 6496.5, 11248.5, 6496.61, 11247.8, 24126
596, 8.55341, 1.55734, 8.55341, 1.55734, 0
597, 46951.2, 62786.9, 46959.7, 62793.5, 110568
598, 1969.15, 4236.91, 1969.16, 4236.93, 24069
599, 196.84, 105.369, 196.841, 105.369, 0
600, 222.294, 199.28, 222.72, 199.28, 319
601, 8.84052, 15.8937, 8.84052, 15.8937, 0
602, 2073.14, 3561.66, 2073.14, 3561.66, 7219
603, 0, 0, 0, 0, 0
604, 16099.1, 28536.1, 16097.8, 28520.5, 75264
605, 2222.92, 3217.22, 2218.85, 3212.22, 3813
606, 1815, 4451.5, 1815.05, 4451.65, 6152
607, 2.27374e-13, 0, 2.27374e-13, 0, 0
608, 5820.26, 5345.14, 5822.49, 5349.22, 7644
609, 21.578, 10.236, 21.578, 10.236, 19
610, -4.54747e-13, 0, -4.54747e-13, 0, 0
611, 0.0564548, -9.09495e-13, 0.0564548, -9.09495e-13, 0
612, 0, 0, 0, 0, 0
613, 0.111111, -2.27374e-13, 0.111111, -2.27374e-13, 0
614, 12498, 14201.9, 12498.1, 14201.9, 21326
615, 1220.81, 3439.43, 1220.81, 3439.43, 8009
616, 31248, 62345.3, 31265.3, 62370.7, 150807
617, 4.54747e-13, -2.27374e-13, 2.27374e-13, -4.54747e-13, 0
618, 7.62863, 36.6832, 7.62863, 36.6832, 0
619, 2801.64, 4012.53, 2801.98, 4013.19, 6941
620, 9178.89, 12605.2, 9189.11, 12621.7, 21083
621, 3.88453, 4.21782, 3.88493, 4.21818, 0
622, 0, 0, 0, 0, 0
623, 45.0817, 66.7064, 45.0824, 66.7101, 27
624, 5001.4, 5117.14, 5001.42, 5117.14, 6409
625, 32186.8, 43359.4, 32189.8, 43360.9, 58583
626, 2355.7, 4161.19, 2355.7, 4161.19, 10148
627, 0, 0, 0, 0, 0
628, 145.498, 628.09, 145.498, 628.088, 1533
629, 0, 0, 0, 0, 0
630, 2.41585e-13, 3.41061e-13, 8.52651e-14, 2.27374e-13, 0
631, 433.416, 1129.95, 433.416, 1129.96, 2616
632, 0, 0, 0, 0, 0
633, 12.1352, 5.08402, 12.1356, 5.08453, 0
634, 161.381, 368.43, 161.381, 368.43, 284
635, 270.523, 1621.69, 270.524, 1621.69, 15549
636, 0, 0, 0, 0, 0
637, 55684.3, 84255.9, 55684.7, 84255.9, 122156
638, 11956.1, 13696.3, 11955.1, 13696.5, 14971
639, 6412.62, 12104.5, 6412.84, 12104.4, 20441
640, 9.91299, 5.16856, 9.91299, 5.16856, 0
641, 5411.93, 12501.1, 5411.99, 12501.1, 33001
642, 1522.45, 2053.32, 1523.69, 2055.72, 4915
643, 16438.1, 28661.6, 16440.7, 28665, 68778
644, 1015.01, 1648.83, 1015.08, 1649.06, 2808
645, 434.927, 2066.65, 434.946, 2066.8, 1761
646, 0.172678, 1.01476, 0.17268, 1.01477, 0
647, 2.84217e-13, 6.39488e-14, 2.84217e-13, 6.39488e-14, 0
648, 1118.5, 3137.46, 1118.55, 3137.56, 16305
649, 0, 0, 0, 0, 0
650, 51.8989, 180.672, 51.9054, 181.74, 28
651, 15678.5, 14915.1, 15669.5, 14889.4, 19625
652, 0, 0, 0, 0, 0
653, 9436.18, 14048.4, 9436.97, 14048.6, 16762
654, 4.66738e-13, -6.75016e-13, 4.66738e-13, -6.18172e-13, 0
655, 0, 0, 0, 0, 0
656, 6.46195, 1.13687e-13, 6.46195, 1.13687e-13, 0
657, 1497.33, 3730.79, 1497.35, 3730.8, 6444
658, 399.411, 1116.67, 399.412, 1116.67, 2098
659, 46.4813, 73.7534, 46.4813, 73.7534, 3
660, 0, 0, 0, 0, 0
661, 4.2928, 3.09546, 4.2928, 3.09546, 3
662, 0, 0, 0, 0, 0
663, 0, 0, 0, 0, 0
664, 5.93946, 7.66889, 5.93946, 7.66889, 0
665, 120.057, 849.894, 120.057, 849.894, 731
666, 795.23, 2172.69, 794.835, 2172.45, 3385
667, 0, 0, 0, 0, 0
668, 1.8997, 0.275026, 1.8997, 0.275026, 0
669, 0, 0, 0, 0, 0
670, 0, 0, 0, 0, 0
671, 0, 0, 0, 0, 0
672, 3553.7, 6577.43, 3553.83, 6577.79, 24052
673, 1291.54, 3241.43, 1291.55, 3241.43, 3315
674, 13.435, 41.5581, 13.435, 41.5582, 159
675, 307.186, 298.43, 307.186, 298.43, 242
676, 0.00653262, 6.35743, 0.00653262, 6.35743, 0
677, 159.06, 1406.06, 159.061, 1406.07, 3085
678, 29445.6, 39479.6, 29452, 39492.4, 44570
679, 5.11177, 9.83492, 5.11177, 9.83492, 0
680, 5196.3, 11694, 5196.18, 11692.8, 21436
681, 0, 0, 0, 0, 0
682, 11348.3, 25529, 11348.3, 25530.1, 58984
683, 0, 0, 0, 0, 0
684, 4.54747e-13, 0, 4.54747e-13, 0, 0
685, 2984.97, 6875.57, 2987.75, 6878.75, 13372
686, 16100.2, 29103.8, 16101.5, 29103.8, 62006
687, 138.852, 796.479, 138.852, 796.479, 3248
688, 2536.78, 3191.28, 2536.78, 3191.28, 3313
689, 0, 0, 0, 0, 0
690, 0, 0, 0, 0, 0
691, 0, 0, 0, 0, 0
692, 0, 0, 0, 0, 0
693, 0, 0, 0, 0, 0
694, 0, 0, 0, 0, 0
695, 4.54747e-13, 4.54747e-13, 4.54747e-13, 9.09495e-13, 0
696, 17773.5, 19248.9, 17771.7, 19248.4, 32750
697, 4.1521, 10.422, 4.15221, 10.422, 18
698, 1047.24, 1803.51, 1047.13, 1801.51, 1756
699, 438.413, 369.475, 438.418, 369.476, 326
700, 9151.53, 12571.6, 9151.53, 12571.7, 22064
701, 0, 0, 0, 0, 0
702, 0, 0, 0, 0, 0
703, 33725.4, 57853, 33732.6, 57844.6, 91726
704, 6.90606, 167, 6.90606, 167, 167
705, 5506.58, 8194.86, 5507.91, 8197.06, 11557
706, 0, 0, 0, 0, 0
707, 5655.04, 12082.3, 5659.45, 12089.8, 36511
708, 0.852229, 0.0050589, 0.852229, 0.0050589, 0
709, 3829.73, 2703.16, 3826.01, 2700.23, 3125
710, 12317.3, 17706.6, 12318, 17707.5, 26279
711, 10064.7, 17966.5, 10064.6, 17966.1, 38890
712, 46392.4, 43204.5, 46407.3, 43218.1, 45624
713, 5348.04, 5247.08, 5348.22, 5246.32, 4232
714, 5.30953, 2.08367, 5.30953, 2.08367, 2
715, 360.744, 757.878, 362.753, 760.678, 1535
716, 0, 0, 0, 0, 0
717, 0, 0, 0, 0, 0
718, 8271.23, 13453.2, 8271.28, 13454.5, 24534
719, 6.35118, 6.2031, 6.35118, 6.2031, 4
720, 2147.89, 4875.1, 2148.06, 4875.94, 8701
721, 0, 0, 0, 0, 0
722, 0.013245, 18.5299, 0.013245, 18.5299, 46
723, 101.681, 132.427, 101.681, 132.427, 78
724, 8441.01, 9458.26, 8441.24, 9458.79, 17399
725, 656.298, 1366.32, 656.323, 1366.35, 1435
726, 471.131, 806.841, 471.206, 806.888, 1764
727, 151.571, 660.948, 151.581, 660.963, 2005
728, 0, 0, 0, 0, 0
729, 0, 0, 0, 0, 0
730, 55.7481, 54.2845, 55.524, 54.0151, 42
731, 80.1814, 176.567, 80.1822, 176.567, 0
732, 2332.3, 3165.03, 2332.34, 3165.04, 4104
733, 727.41, 1533.52, 727.41, 1533.52, 7088
734, 1331.06, 2105.69, 1331.07, 2105.69, 3313
735, 0.885434, 2.08546, 0.885465, 2.08546, 0
736, 2.27374e-13, 2.27374e-13, -2.27374e-13, -2.27374e-13, 0
737, 1760.61, 2335.4, 1758.62, 2333.4, 5864
738, 917.319, 2183.71, 917.319, 2182.72, 4448
739, 324.773, 603.719, 324.987, 603.814, 1399
740, 1412.11, 5370.46, 1412.24, 5370.42, 10913
741, 0, 0, 0, 0, 0
742, 0, 0, 0, 0, 0
743, 0, 0, 0, 0, 0
744, 0, 0, 0, 0, 0
745, 2.27374e-13, -4.54747e-13, 2.27374e-13, -4.54747e-13, 0
746, -5.11591e-13, -5.82645e-13, -5.11591e-13, -5.82645e-13, 0
747, 0, 0, 0, 0, 0
748, 1470.97, 1893.8, 1470.97, 1893.74, 2149
749, 0, 0, 0, 0, 0
750, 24.2497, 86.4141, 24.2499, 86.4141, 266
751, 913.66, 1253.42, 915.429, 1255.42, 1784
752, 10725.1, 22323.1, 10725.2, 22323.5, 39159
753, 266.519, 625.976, 266.519, 625.976, 302
754, 312.774, 860.442, 312.774, 860.442, 579
755, 0, 0, 0, 0, 0
756, 14.0957, 59.8426, 14.0957, 59.8426, 217
757, 5409.69, 14723.9, 5409.33, 14722.8, 33445
758, 0, 0, 0, 0, 0
759, 67.8208, 86.5079, 67.8256, 86.5104, 1303
760, 1715.02, 2403.1, 1715.02, 2403.1, 3058
761, 4474.08, 6116.61, 4474.46, 6117.06, 12652
762, 0, 0, 0, 0, 0
763, 0, 0, 0, 0, 0
764, 12733.4, 17932.8, 12733.4, 17931.6, 23715
765, 2308.38, 5270.82, 2308.4, 5270.84, 13625
766, 0.31149, 1.11682, 0.31149, 1.11682, 0
767, 8283.82, 12846.7, 8282.14, 12843.2, 28814
768, 0, 0, 0, 0, 0
769, 8737.1, 15268, 8737.24, 15268.1, 33964
770, 955.563, 1684.92, 955.597, 1685.09, 5014
771, 0, 0, 0, 0, 0
772, 0, -2.27374e-13, -4.54747e-13, -2.27374e-13, 0
773, 489.816, 1729.43, 489.816, 1729.43, 5050
774, 0, 0, 0, 0, 0
775, 295.313, 1160.73, 295.337, 1160.73, 567
776, 3571.96, 6860.45, 3570.01, 6858.47, 10779
777, 2461.03, 2593.51, 2462.41, 2593.5, 3306
778, 5376.07, 7700.41, 5376.85, 7700.41, 9527
779, -1.08002e-12, -4.54747e-13, -1.08002e-12, -4.54747e-13, 0
780, 6083.36, 7930.03, 6084.47, 7930.35, 7310
781, 474.951, 1114.08, 474.957, 1114.08, 2206
782, 18793.9, 24620.2, 18799.6, 24624.2, 34740
783, 0, 0, 0, 0, 0
784, 868.288, 1478.18, 868.288, 1478.18, 2204
785, 119.792, 571.113, 119.792, 571.113, 1652
786, 1955.62, 1929.71, 1955.62, 1929.71, 1892
787, 953.557, 1762.58, 953.643, 1762.61, 4083
788, -2.27374e-13, 0, -2.27374e-13, 0, 0
789, 17.1769, 7.41378, 17.1769, 7.41378, 6
790, 0, 0, 0, 0, 0
791, 5535.87, 9900, 5537.48, 9902.07, 12863
792, 1343.38, 3491.75, 1343.38, 3491.75, 3860
793, 2337.86, 2222.94, 2338.08, 2223.05, 5827
794, 307.71, 1311.96, 307.71, 1311.96, 2559
795, 0, 0, 0, 0, 0
796, 11367.7, 10768.6, 11368.7, 10768.7, 12792
797, 78.5237, 277.889, 78.5238, 277.889, 307
798, 5123.73, 6156.87, 5116.88, 6146.32, 12957
799, 1448.73, 2761.22, 1448.5, 2761.14, 2727
800, 849.796, 727.007, 849.838, 727.008, 464
801, 212.366, 563.369, 212.367, 563.369, 2061
802, 0, 0, 0, 0, 0
803, 0, 0, 0, 0, 0
804, 473.556, 933.402, 473.556, 933.402, 933
805, 4.54747e-13, 6.82121e-13, 0, 6.82121e-13, 0
806, 0, 0, 0, 0, 0
807, 1635.74, 1633, 1635.74, 1633, 1633
808, 9530.47, 11810, 9528.03, 11806.9, 25325
809, 2470.92, 3556.18, 2472.33, 3558.34, 3554
810, 4.6963, 201, 4.6963, 201, 201
811, 268.291, 447.119, 268.913, 446.916, 923
812, 0, 0, 0, 0, 0
813, 5453.82, 6456.79, 5453.86, 6456.83, 7879
814, 3714.25, 6887.97, 3714.26, 6888.01, 9584
815, 0, 0, 0, 0, 0
816, 4559.66, 6866.05, 4559.71, 6866.06, 11005
817, 312.949, 267.388, 312.977, 267.434, 435
818, 1917.33, 2476.7, 1917.33, 2476.7, 2457
819, 0, 0, 0, 0, 0
820, 273.356, 453.013, 273.359, 453.013, 381
821, 3998.8, 3557.05, 3998.39, 3556.77, 2687
822, 18450.7, 24821.5, 18451.8, 24876.3, 35661
823, 437.686, 818.888, 437.464, 818.619, 792
824, 0, 0, 0, 0, 0
825, -5.96856e-13, -5.82645e-13, -5.96856e-13, -4.68958e-13, 0
826, -2.27374e-13, 4.54747e-13, -4.54747e-13, 4.54747e-13, 0
827, 2.14495, 0, 2.14495, 0, 0
828, 0, 0, -6.82121e-13, -4.54747e-13, 0
829, 4837.38, 12990.2, 4837.44, 12991.6, 39687
830, 7114.6, 12233.3, 7115.38, 12234.4, 30657
831, 7.62142, 0, 7.62142, 3.41061e-13, 0
832, 0, 0, 0, 0, 0
833, 9174.48, 15480.5, 9175.25, 15480.2, 29156
834, 8375.28, 14512.1, 8375.34, 14513.3, 22502
835, 1.64596, 0.664602, 1.64597, 0.664602, 0
836, -2.27374e-13, -2.27374e-13, -2.27374e-13, -4.54747e-13, 0
837, 85.5672, 73.1638, 85.5673, 73.1638, 0
838, 0, 0, 0, 0, 0
839, 20551.4, 34072.1, 20552.4, 34071.8, 49790
840, 1885.12, 3099.43, 1885.12, 3099.43, 7649
841, 7.78076, 2.74375, 7.78077, 2.74375, 0
842, 13241.4, 14904.5, 13242, 14906.3, 18685
843, 0, 0, 0, 0, 0
844, 4.54747e-13, 0, 4.54747e-13, 0, 0
845, 25.6212, 25.3955, 25.6212, 25.3955, 0
846, 6534.83, 4720.77, 6533.58, 4720.81, 2975
847, 8.51697, 1.18581, 8.51697, 1.18581, 0
848, 0, 0, 0, 0, 0
849, 0, 0, 0, 0, 0
850, 158.556, 641.382, 158.556, 641.382, 405
851, 4331.09, 5869.82, 4331.25, 5869.82, 7222
852, 1504.1, 1868.34, 1504.1, 1868.34, 2081
853, 0, 0, 0, 0, 0
854, 0, 0, 0, 0, 0
855, 1083.84, 1740.93, 1083.84, 1740.93, 1631
856, 0.053303, 329, 0.053303, 329, 329
857, 2.24899, 0.719205, 2.24899, 0.719205, 0
858, 1245.88, 2188.05, 1245.91, 2188.05, 1058
859, 0, 0, 0, 0, 0
860, 13.8564, 451.839, 13.8564, 451.839, 1013
861, 0, 0, 0, 0, 0
862, 0, 0, 0, 0, 0
863, 452.627, 1611.62, 452.635, 1611.62, 4424
864, 34.7788, 75.1509, 34.787, 75.151, 1023
865, 26.3444, 144, 26.3444, 144, 144
866, 0, 0, 0, 0, 0
867, 2605.67, 2037, 2605.79, 2037.08, 1471
868, 5.68434e-13, 6.82121e-13, 5.68434e-13, 6.82121e-13, 0
869, 1055.47, 1078.8, 1055.57, 1078.8, 502
870, 7977.73, 13506.5, 7983.28, 13511, 26586
871, 0, 0, 0, 0, 0
872, 50.0048, 113.477, 50.0057, 113.48, 642
873, 519.518, 1456.99, 519.534, 1456.99, 8177
874, 0, 0, 0, 0, 0
875, 9.09495e-13, 2.27374e-13, 6.82121e-13, 4.54747e-13, 0
876, 0, 0, 0, 0, 0
877, 8907.93, 13163.4, 8913.26, 13163.2, 27355
878, 0, 0, 0, 0, 0
879, 0, 0, 0, 0, 0
880, 5688.12, 5286.88, 5688.12, 5286.88, 5878
881, 1492.52, 3120.32, 1492.55, 3120.32, 4339
882, 766.095, 449.41, 766.095, 449.41, 376
883, 1876.99, 4306.03, 1877.05, 4306.12, 12961
884, 0.0836293, 26.0173, 0.0836293, 26.0173, 124
885, 257.295, 112.422, 257.296, 112.342, 0
886, 0, 0, 0, 0, 0
887, 0, 0, 0, 0, 0
888, 0, 0, 0, 0, 0
889, 0, 0, 0, 0, 0
890, 0, 0, 0, 0, 0
891, 0, 0, 0, 0, 0
892, 89.5158, 102.659, 89.5169, 102.659, 100
893, 0, 0, 0, 0, 0
894, 0, 0, 0, 0, 0
895, 0, 0, 0, 0, 0
896, 0, 0, 0, 0, 0
897, 82.2179, 5.24231, 82.2179, 5.24231, 0
898, 177.934, 636.931, 177.934, 636.95, 2741
899, 0, 0, 0, 0, 0
900, 184.701, 849.241, 184.701, 849.244, 2199
901, 0, 0, 0, 0, 0
902, 245.175, 1287.07, 245.175, 1287.08, 2791
903, 0, 0, 0, 0, 0
904, 0, 0, 0, 0, 0
905, 0, 0, 0, 0, 0
906, 0, 0, 0, 0, 0
907, 292.785, 849.475, 292.785, 849.475, 853
908, 0, 0, 0, 0, 0
909, 0, 0, 0, 0, 0
910, 0, 0, 0, 0, 0
911, 903.329, 2675.21, 903.329, 2675.21, 4744
912, 4439.14, 12805.5, 4439.2, 12805.8, 40245
913, 0, 0, 0, 0, 0
914, 835.656, 1633.03, 835.658, 1633.03, 3997
915, 0, 0, 0, 0, 0
916, 6.18574, 14.3002, 6.18574, 14.3002, 0
917, 0, -2.27374e-13, -4.54747e-13, -4.54747e-13, 0
918, 6445.03, 6491.59, 6446.22, 6496.67, 9313
919, -1.47793e-12, -6.82121e-13, -1.47793e-12, -6.82121e-13, 0
920, 101.086, 302.219, 101.088, 302.221, 385
921, 0, 0, 0, 0, 0
922, 44.9392, 52.3095, 44.9392, 52.3095, 60
923, 324.936, 726.295, 324.937, 726.295, 2048
924, 542, 542, 542, 542, 542
925, 3169.09, 3905.95, 3169.09, 3905.95, 3696
926, 10.334, 0.185285, 10.2086, -9.09495e-13, 0
927, 11540.3, 15974, 11541.5, 15973.7, 28689
928, 0, 0, 0, 0, 0
929, 0, 0, 0, 0, 0
930, 0, 0, 0, 0, 0
931, 13.465, 6.27693, 13.465, 6.27693, 0
932, 1755.19, 2389.21, 1757, 2391.38, 3605
933, 1205.84, 1552.49, 1205.84, 1552.49, 3001
934, 6.82121e-13, 2.27374e-13, 4.54747e-13, -4.54747e-13, 0
935, 2.27374e-13, 0, 2.27374e-13, 0, 0
936, 0, 0, 0, 0, 0
937, 7701.9, 10335.7, 7702.09, 10335.8, 14521
938, 3502.27, 5024.36, 3502.27, 5024.37, 8325
939, 2362.94, 6206.08, 2364.05, 6206.14, 18725
940, 4.54636e-13, -4.54747e-13, -1.11022e-16, 0, 0
941, 936.693, 2369.44, 937.285, 2369.44, 1699
942, 106.389, 152.821, 106.389, 152.821, 1382
943, 20.293, 114.021, 20.293, 114.021, 970
944, 0, -4.54747e-13, 0, -4.54747e-13, 0
945, 0, 0, 0, 0, 0
946, 0, 0, 0, 0, 0
947, 0, 0, 0, 0, 0
948, 742.163, 2577.12, 742.167, 2577.13, 5541
949, 11299.2, 19867.6, 11303.4, 19867.8, 35830
950, 1.36424e-12, 0, 2.27374e-13, -4.54747e-13, 0
951, 1375.41, 2829.63, 1376.09, 2829.63, 8505
952, -1.98952e-13, -1.95399e-13, -1.27898e-13, -1.95399e-13, 0
953, 445.733, 484.624, 445.734, 484.632, 125
954, 0, 0, 0, 0, 0
955, 1.01269, 11.2461, 1.01269, 11.2461, 15
956, 0, 0, 0, 0, 0
957, 1732.09, 2770.16, 1732.1, 2770.16, 2886
958, 69.2861, 2.77975, 69.2861, 2.77975, 0
959, 0, 0, 0, 0, 0
960, 44.3366, 94.8345, 44.8442, 94.8345, 855
961, 313.97, 28.5899, 313.969, 28.5899, 0
962, 196.517, 71.4887, 196.517, 71.4888, 8
963, 3804.98, 3659.89, 3804.99, 3659.91, 4289
964, 5.68434e-13, 2.27374e-13, 5.68434e-13, 2.27374e-13, 0
965, 1806.3, 3527.23, 1806.31, 3527.26, 4869
966, 1646.44, 2009.42, 1646.44, 2009.42, 2480
967, 0, 0, 0, 0, 0
968, 7755.83, 7449.79, 7756.66, 7480.48, 16841
969, 1339.38, 2106.8, 1341.87, 2119.74, 3021
970, 2876.74, 4202.19, 2876.86, 4202.19, 8864
971, -4.54747e-13, 4.54747e-13, -4.54747e-13, 4.54747e-13, 0
972, 1410.22, 1941.21, 1410.23, 1941.22, 1938
973, 95.2151, 61.9213, 95.2151, 61.9213, 8
974, 2101.6, 3986.84, 2104.96, 3994.62, 6209
975, 0, 0, 0, 0, 0
976, 4.54747e-13, 0, 2.27374e-13, 0, 0
977, 2736.2, 3392.62, 2736.21, 3392.62, 2303
978, 0, -4.54747e-13, 0, -4.54747e-13, 0
979, 130.492, 182.645, 130.493, 182.646, 222
980, 5.14694, 103.534, 5.14694, 103.534, 891
981, 0, 0, 0, 0, 0
982, 1959.34, 2835.31, 1959.34, 2835.31, 3667
983, 404.921, 188.944, 405.168, 188.977, 57
984, 171.44, 208.198, 171.44, 208.198, 189
985, 2245.27, 6482, 2245.28, 6482, 15373
986, 0, 0, 0, 0, 0
987, 388.919, 1307.78, 388.943, 1307.8, 3890
988, 0, 0, 0, 0, 0
989, 2280.83, 2412.7, 2280.83, 2412.78, 2973
990, 3521.11, 4909.18, 3521.12, 4909.52, 10248
991, 1031.28, 2589.13, 1031.29, 2589.54, 2386
992, 1503.86, 2633.84, 1503.74, 2633.87, 3247
993, 3116.94, 4497.89, 3117.08, 4497.89, 4967
994, 926.164, 787.119, 926.196, 791.775, 361
995, 194.715, 1148.46, 194.717, 1148.46, 5108
996, 1218.87, 2847.27, 1218.87, 2847.27, 3951
997, 55.7162, 137.274, 55.7162, 137.274, 84
998, 321.182, 1351.27, 321.085, 1351.13, 8302
999, 7265.5, 9314.02, 7265.51, 9314.02, 16187
1000, 0.195994, 0.265243, 0.195994, 0.265243, 0
1001, 376.029, 212.696, 376.029, 212.696, 127
1002, 1.1766, 9.09495e-13, 1.1766, 6.82121e-13, 0
1003, 5619.42, 10864.1, 5619.44, 10864.2, 23253
1004, 127.493, 1322.53, 127.57, 1322.53, 3224
1005, 1619.51, 2242.49, 1619.89, 2244.36, 1557
1006, 0, 0, 0, 0, 0
1007, 1.15621, 1.10842, 1.15621, 1.10842, 1
1008, 250.291, 513.36, 250.753, 513.514, 504
1009, -6.82121e-13, 0, -6.82121e-13, 0, 0
1010, 0, 0, 0, 0, 0
1011, 0, 0, 0, 0, 0
1012, 3408.65, 3076.13, 3408.68, 3076.13, 3989
1013, 3498.16, 5685.05, 3498.16, 5685.05, 8912
1014, 0, 0, 0, 0, 0
1015, 0, 0, 0, 0, 0
1016, -4.54747e-13, 4.54747e-13, -4.54747e-13, 4.54747e-13, 0
1017, 7337.59, 9200.63, 7340.51, 9200.64, 10493
1018, 206.695, 608.885, 206.703, 608.885, 805
1019, 0, 0, 0, 0, 0
1020, 9535.25, 10012.3, 9543.72, 10029.7, 10112
1021, 23.489, 94.7518, 23.489, 94.7525, 32
1022, 1638.36, 3168.87, 1638.36, 3168.88, 7127
1023, 0, 0, 0, 0, 0
1024, 16.4644, 16.052, 16.4644, 16.052, 0
1025, 5184.02, 7065.14, 5178.71, 7062.16, 11175
1026, 0, 0, 0, 0, 0
1027, -3.41061e-13, -2.27374e-13, -3.41061e-13, -3.41061e-13, 0
1028, 1690.16, 1633.05, 1687.39, 1629.72, 2084
1029, 0, -4.54747e-13, 0, -4.54747e-13, 0
1030, 3435.24, 3499.11, 3435.24, 3499.11, 5479
1031, 3451.07, 3682.7, 3451.1, 3682.74, 3087
1032, 15150.4, 24667.8, 15152.9, 24670, 39448
1033, 5346.96, 8494.82, 5346.97, 8494.74, 12256
1034, 83.7669, 355.282, 83.7669, 355.282, 1772
1035, 3656.11, 3380.57, 3656.16, 3380.68, 4348
1036, 683.851, 1025.16, 683.852, 1025.14, 759
1037, 55.4853, 63.2692, 55.4861, 63.2692, 32
1038, 3743.26, 4251.49, 3743.53, 4251.52, 8622
1039, 201.081, 1247.28, 201.081, 1247.28, 904
1040, 1079.62, 1497.62, 1079.62, 1497.63, 2581
1041, 7578.96, 12159.3, 7581.1, 12162.2, 25143
1042, 660.457, 743.254, 659.875, 743.255, 750
1043, 13.3095, 5.78551, 13.3095, 5.78554, 0
1044, 243.574, 365.624, 243.574, 365.628, 176
1045, -6.82121e-13, 4.54747e-13, 0, 4.54747e-13, 0
1046, 2.13201, 9.7731, 2.13201, 9.7731, 0
1047, 0, 0, 0, 0, 0
1048, 506.114, 1138.83, 506.122, 1138.81, 2909
1049, 3741.74, 3078.81, 3741.76, 3078.81, 4515
1050, 11.2513, 16.2425, 11.2513, 16.2425, 0
1051, 3795.75, 2200.37, 3795.77, 2200.37, 2389
1052, 0, 0, 0, 0, 0
1053, 26.3965, 147.193, 26.3965, 147.193, 178
1054, 0, 0, 0, 0, 0
1055, 663.555, 1604.07, 663.56, 1604.07, 2671
1056, 0, 0, 0, 0, 0
1057, 39.1512, 34.8453, 39.1629, 34.8453, 0
1058, 193.435, 206.689, 193.435, 206.689, 593
1059, 1735.33, 2500.6, 1733.71, 2498.61, 5001
1060, 2.27374e-13, 2.27374e-13, 2.27374e-13, 2.27374e-13, 0
1061, 3493.31, 3233.21, 3493.4, 3233.89, 2722
1062, -2.27374e-13, 0, -2.27374e-13, 0, 0
1063, 5.68434e-13, -5.11591e-13, 2.84217e-13, -5.68434e-14, 0
1064, 122.109, 534.713, 122.111, 534.714, 1395
1065, 276.661, 1250.23, 276.662, 1250.23, 3910
1066, 0, 0, 0, 0, 0
1067, 1039.58, 1847.03, 1039.58, 1847.04, 4338
1068, 1492.08, 1647.29, 1490.08, 1645.29, 3890
1069, 46.506, 201.588, 46.506, 201.588, 967
1070, 26.9614, 126.387, 26.9615, 126.387, 784
1071, 7630.44, 11118, 7628.21, 11112.1, 16056
1072, 0, 0, 0, 0, 0
1073, 222.669, 324.104, 222.669, 324.104, 305
1074, 43.1789, 40.4661, 43.5164, 40.4661, 23
1075, 683.389, 699.951, 683.389, 699.951, 699
1076, 4.54747e-13, -2.27374e-13, 0, -2.27374e-13, 0
1077, 9.09495e-13, 4.4853e-13, 9.09495e-13, 3.34843e-13, 0
1078, 987.323, 361.964, 987.359, 361.964, 374
1079, 79.0336, 76.1719, 79.0337, 76.1766, 594
1080, 4.2443, 0, 4.2443, -1.13687e-13, 0
1081, 0, 0, 0, 0, 0
1082, 683.424, 1024.1, 683.451, 1024.1, 1554
1083, 0, 0, 0, 0, 0
1084, 0, 0, 0, 0, 0
1085, 0, 0, 0, 0, 0
1086, -8.52651e-13, 3.97904e-13, -8.81073e-13, 3.97904e-13, 0
1087, 0, 0, 0, 0, 0
1088, -6.82121e-13, 0, -2.27374e-13, 2.27374e-13, 0
1089, 2, 0, 2, 0, 0
1090, 691, 691, 691, 691, 691
1091, 0, 0, 0, 0, 0
1092, 1976.22, 2338.31, 1976.24, 2338.31, 4920
1093, 3.12963, 4.54747e-13, 3.12963, 4.54747e-13, 0
1094, 0, 0, 0, 0, 0
1095, 0, 0, 0, 0, 0
1096, 1710.19, 2963.93, 1710.22, 2963.93, 7241
1097, 0, 0, 0, 0, 0
1098, 2.27374e-13, 2.27374e-13, 2.27374e-13, 2.27374e-13, 0
1099, 113.691, 547.184, 113.691, 547.184, 1181
1100, 376.74, 296.959, 376.741, 296.961, 12
1101, 0.572438, 0.796456, 0.572438, 0.796456, 0
1102, 1283.29, 1827.96, 1283.32, 1827.96, 4524
1103, 47.6759, 68.3432, 47.6759, 68.3432, 43
1104, 898.596, 1233.62, 898.67, 1233.62, 5887
1105, 0, 0, 0, 0, 0
1106, 61.0863, 84.1769, 61.0863, 84.1769, 83
1107, 0, 0, 0, 0, 0
1108, 0, 0, 0, 0, 0
1109, 315.138, 274.162, 316.306, 274.429, 30
1110, 339.724, 512.976, 341.301, 515.764, 946
1111, 0, 0, 0, 0, 0
1112, 14795.4, 21974, 14802.3, 21977.7, 32336
1113, 6.82121e-13, 0, 1.13687e-12, 0, 0
1114, 0, 0, 0, 0, 0
1115, 0, 0, 0, 0, 0
1116, 1098.45, 823.07, 1098.4, 823.071, 1036
1117, 5088.82, 7605.8, 5088.41, 7598.28, 13304
1118, -2.27374e-13, 2.27374e-13, -1.13687e-13, 2.27374e-13, 0
1119, 5.11591e-13, -3.41061e-13, 4.54747e-13, -4.54747e-13, 0
1120, 92.6043, 379.527, 92.6043, 379.527, 780
1121, 0, 0, 0, 0, 0
1122, 19.1136, 76.5998, 19.1136, 76.5998, 517
1123, 5.77806, 24.6526, 5.77806, 24.6526, 83
1124, 0, 0, 0, 0, 0
1125, 46.6546, 46.3886, 46.6546, 46.3886, 0
1126, 16791.6, 15616.9, 16791.8, 15618, 23289
1127, 1.13687e-13, 1.13687e-13, 1.13687e-13, 1.13687e-13, 0
1128, 9.09495e-13, 0, 9.09495e-13, 0, 0
1129, 1947.86, 1289.28, 1945.24, 1286.54, 728
1130, 295.217, 419.614, 295.221, 419.614, 182
1131, 1660.19, 1113.9, 1662.65, 1114.85, 1050
1132, 0, 0, 0, 0, 0
1133, 0, 0, 0, 0, 0
1134, 0, 0, 0, 0, 0
1135, 3485.69, 4346.72, 3483.77, 4344.77, 3860
1136, 309.079, 450.491, 309.081, 450.492, 312
1137, 5190.95, 10104.2, 5191, 10104.2, 18741
1138, 0, 0, 0, 0, 0
1139, 4.54747e-13, 0, 2.27374e-13, -4.54747e-13, 0
1140, 0, 0, 0, 0, 0
1141, 7256.24, 8418.11, 7257.57, 8420.28, 8528
1142, 0, 0, 0, 0, 0
1143, 0, 0, 0, 0, 0
1144, 0, 0, 0, 0, 0
1145, 17.4623, 212, 17.4623, 212, 212
1146, 0, 0, 0, 0, 0
1147, 0, 0, 0, 0, 0
1148, 0, 0, 0, 0, 0
1149, 0, 0, 0, 0, 0
1150, 0, 0, 0, 0, 0
1151, 0, 0, 0, 0, 0
1152, 407.942, 501.382, 407.942, 501.382, 142
1153, 2.27374e-13, 2.27374e-13, 2.27374e-13, 0, 0
1154, 0, 2.27374e-13, 0, 2.27374e-13, 0
1155, 0, 0, 0, 0, 0
1156, 0, 0, 0, 0, 0
1157, 6774.38, 6959.61, 6775.77, 6959.27, 9703
1158, 0, 0, 0, 0, 0
1159, 0, 0, 0, 0, 0
1160, 80.3417, 28.002, 80.3417, 28.002, 28
1161, 5.44533, 12.4586, 5.44533, 12.4586, 48
1162, 15.4772, 41.6945, 15.4772, 41.6945, 51
1163, 0, 0, 0, 0, 0
1164, 44.3387, 94.8256, 44.3388, 94.8442, 117
1165, -6.82121e-13, 2.27374e-13, -6.82121e-13, 2.27374e-13, 0
1166, 4652.38, 3515.74, 4652.39, 3515.76, 3262
1167, 6047.63, 7966.82, 6048.33, 7967.02, 8284
1168, 218.681, 283.152, 218.681, 283.172, 466
1169, 0, 0, 0, 0, 0
1170, 7.83056, 1.597, 7.83056, 1.597, 0
1171, 0, 0, 0, 0, 0
1172, 3161.37, 3658.16, 3161.14, 3657.87, 3852
1173, 182.589, 234.833, 182.685, 234.833, 408
1174, 42.213, 6.40337, 42.2137, 6.40337, 0
1175, 43.4586, 280.173, 43.4602, 280.173, 266
1176, 4.54747e-13, -2.27374e-13, 2.27374e-13, -2.27374e-13, 0
1177, 352.422, 944.848, 352.425, 944.848, 832
1178, 50.3734, 72.2844, 50.3743, 72.236, 0
1179, 159.829, 1078.27, 159.829, 1078.27, 12609
1180, 6375.78, 10564.7, 6370.29, 10555.6, 13441
1181, 44.4361, 229.366, 44.4362, 229.366, 504
1182, 9025.14, 13802.5, 9021.42, 13798.5, 21490
1183, 3340.47, 3668.14, 3340.3, 3667.48, 9338
1184, 14621.9, 15922.8, 14623.1, 15924.3, 26063
1185, 1493.09, 2465.28, 1493.1, 2465.29, 5306
1186, 385.416, 617.821, 385.416, 617.822, 876
1187, 0.0624895, 21.9491, 0.0624895, 21.9491, 90
1188, 48586.9, 52667.2, 48591, 52672.4, 70330
1189, 4684.15, 4823.39, 4687.14, 4822.5, 4361
1190, 0, 0, 0, 0, 0
1191, 0, 0, 0, 0, 0
1192, 0, 0, 0, 0, 0
1193, 1.02326, -4.54747e-13, 1.02326, -2.27374e-13, 0
1194, 22.3698, 50.7729, 22.3698, 50.7729, 0
1195, 1520.24, 2451.03, 1520.24, 2451.03, 2878
1196, 0, 0, 0, 0, 0
1197, 1622.24, 1424.48, 1622.24, 1424.48, 1430
1198, 1022.1, 853.236, 1022.1, 853.236, 821
1199, 0, 0, 0, 0, 0
1200, 0, 0, 0, 0, 0
1201, 1.17673, 0.0075188, 1.17673, 0.0075188, 0
1202, -1.13687e-13, 0, -1.13687e-13, 0, 0
1203, 0, 0, 0, 0, 0
1204, 0, 0, 0, 0, 0
1205, 0.865477, 2, 0.865477, 2, 2
1206, 17.5439, 54.7015, 17.5439, 54.7015, 47
1207, 0, 0, 0, 0, 0
1208, 375.9, 1686.73, 375.9, 1686.73, 3750
1209, 0, 0, 0, 0, 0
1210, 1864.38, 3509.28, 1859.7, 3495.21, 6300
1211, 0, 0, 0, 0, 0
1212, 161.223, 395.823, 161.226, 395.829, 304
1213, 15.0256, 203.573, 15.0256, 203.573, 392
1214, 2439.97, 2611.78, 2439.94, 2611.98, 3132
1215, 177.983, 211.956, 177.996, 211.961, 201
1216, 2075.37, 2433.22, 2077.63, 2437.78, 5408
1217, 2.27374e-13, 0, 2.27374e-13, 0, 0
1218, 1032.38, 1074.78, 1032.17, 1074.68, 1487
1219, 4.21814, 2.93413, 4.21814, 2.93413, 0
1220, 0, 0, 0, 0, 0
1221, 0, 0, 0, 0, 0
1222, 29.812, 18.5496, 29.812, 18.5496, 0
1223, 1665.63, 1697.7, 1667.51, 1697.7, 3101
1224, 1.9373, 0, 1.9373, 0, 0
1225, 2.27374e-13, 0, 2.27374e-13, 0, 0
1226, 1053.12, 942.758, 1053.12, 942.776, 1277
1227, 17.1429, 0.1078, 17.1429, 0.1078, 0
1228, 0, 0, 0, 0, 0
1229, 0, 0, 0, 0, 0
1230, 14118, 19054.9, 14112.1, 19044.1, 26257
1231, 0, 0, 0, 0, 0
1232, 7.60211, 2.27374e-13, 7.60211, 2.27374e-13, 0
1233, 1498.64, 2930.59, 1498.67, 2930.59, 3512
1234, 186.317, 670.371, 186.317, 670.371, 1505
1235, 16632.8, 17725.8, 16633.1, 17725.4, 20903
1236, 2055.47, 1429.34, 2055.37, 1429.34, 1259
1237, 784.47, 399.3, 784.473, 399.302, 97
1238, 2.5337, 1.30628, 2.53371, 1.30628, 1
1239, 4.99649, 0.189434, 4.99649, 0.189434, 0
1240, 925.428, 929.204, 925.565, 929.247, 1304
1241, -1.13687e-13, -1.36424e-12, 4.54747e-13, -1.25056e-12, 0
1242, 0, 0, -2.27374e-13, 0, 0
1243, 2524.84, 3821.06, 2525.12, 3821.76, 11874
1244, 0, 4.54747e-13, 0, 4.54747e-13, 0
1245, 5257.91, 9233.76, 5260.72, 9237.63, 20034
1246, 19.9705, 106, 19.9705, 106, 106
1247, 1371.11, 3783.39, 1371.12, 3783.41, 6239
1248, 28.8937, 1, 28.8937, 1, 0
1249, 0, 0, 0, 0, 0
1250, 0, 0, 0, 0, 0
1251, 421.601, 516.18, 421.672, 516.196, 646
1252, 9743.26, 13561.4, 9745.34, 13562.6, 21365
1253, -1.11022e-16, 0, -1.11022e-16, 0, 0
1254, 29184.2, 32954.2, 29190, 32948.7, 46765
1255, 336.672, 1371.87, 336.672, 1371.87, 2534
1256, 0, 0, 0, 0, 0
1257, -1.11022e-16, 0, -1.11022e-16, 0, 0
1258, -1.13687e-12, 6.82121e-13, -1.13687e-12, 9.09495e-13, 0
1259, 4836.19, 6258.75, 4836.73, 6259.15, 9859
1260, 4.16075, 18.1131, 4.22528, 18.3587, 44
1261, 9.43737, 5.81422, 9.43737, 5.81422, 0
1262, 2.27374e-13, -4.54747e-13, 6.82121e-13, -2.27374e-13, 0
1263, 43.2371, 200.375, 43.2371, 200.375, 1663
1264, 22.4102, 6.71462, 22.4102, 6.71462, 1
1265, 0, 0, 0, 0, 0
1266, 59.5304, 67.9322, 59.5304, 67.9322, 65
1267, 5641.65, 6711.18, 5641.65, 6711.18, 3555
1268, 15129.1, 16318, 15129.2, 16319, 18536
1269, 1474.07, 1676.27, 1474.65, 1676.05, 2935
1270, 935.34, 2635.65, 935.419, 2635.65, 3504
1271, 915.14, 1391.91, 915.254, 1391.91, 844
1272, 5.68434e-14, 1.98952e-13, 5.68434e-14, 1.98952e-13, 0
1273, 1065.17, 1632.91, 1065.27, 1633.1, 2128
1274, 0, 0, 0, 0, 0
1275, 0, 0, 0, 0, 0
1276, 0, 0, 0, 0, 0
1277, 0, 0, 0, 0, 0
1278, 100.434, 285.761, 100.441, 285.762, 1296
1279, 18580.9, 21806.8, 18571.8, 21794.4, 26745
1280, 39164.3, 49907.5, 39175.5, 49922.3, 74879
1281, 3359.89, 2568.51, 3353.08, 2559.8, 2244
1282, 46869, 59903.4, 46874.5, 59903.1, 73693
1283, 2278.74, 4222.86, 2278.93, 4222.86, 4305
1284, 14279.6, 11416.1, 14377.1, 11600.6, 12719
1285, 21.8573, 60.0894, 22.2213, 60.0894, 152
1286, 289.203, 404.242, 289.204, 404.243, 772
1287, -2.27374e-13, 0, -2.27374e-13, 0, 0
1288, 48.0453, 17.6195, 48.0453, 17.6195, 11
1289, 973, 973, 973, 973, 973
1290, 504.651, 1099.07, 504.821, 1099.07, 1918
1291, 146.924, 187.206, 146.929, 187.206, 213
1292, 0, 0, 0, 0, 0
1293, 211.705, 36.4384, 211.705, 36.4384, 34
1294, 605.609, 1458.3, 605.614, 1458.3, 2660
1295, 0, 0, 0, 0, 0
1296, 884.71, 1608.69, 885.142, 1608.46, 1547
1297, 77.9597, 450.063, 77.9598, 450.063, 467
1298, 115.154, 162.572, 115.154, 162.572, 293
1299, -9.09495e-13, 0, -9.09495e-13, 0, 0
1300, 0, 0, 0, 0, 0
1301, 3249.94, 5394.8, 3250.64, 5394.8, 7718
1302, 0, 4.54747e-13, 2.27374e-13, 4.54747e-13, 0
1303, 257.384, 335.036, 257.389, 335.036, 143
1304, 0.532695, 0, 0.532695, 0, 0
1305, 10.5738, 62.0954, 10.5738, 62.0954, 40
1306, 0, 0, 0, 0, 0
1307, 1753.56, 1573.32, 1753.86, 1573.32, 1889
1308, 0, 0, 0, 0, 0
1309, 690.784, 1743.27, 690.777, 1743.26, 3132
1310, 0, -4.54747e-13, 0, 0, 0
1311, 9857.02, 12858.1, 9866.92, 12881, 24583
1312, 10050.8, 10904.5, 10067.5, 10944.5, 14391
1313, 64.7167, 732.184, 64.7183, 732.184, 734
1314, 128.972, 329.552, 128.972, 329.552, 43
1315, 497.69, 674.638, 500.141, 678.388, 691
1316, 1308.62, 3913.61, 1308.8, 3913.62, 7197
1317, 0, 0, 0, 0, 0
1318, 69.8452, 26.0107, 69.8459, 26.0107, 26
1319, 11.7126, 40.6749, 11.7126, 40.6749, 54
1320, 7.33564, 3.5, 7.33564, 3.5, 2
1321, 0, 0, 0, 0, 0
1322, 153.818, 152.311, 153.818, 152.311, 150
1323, 0, 0, 0, 0, 0
1324, 530.307, 1207.31, 530.332, 1207.32, 7784
1325, 1364.62, 2864.21, 1364.65, 2864.3, 8921
1326, 2.27374e-13, -1.13687e-13, -2.27374e-13, -1.13687e-13, 0
1327, 1549.78, 2909.75, 1549.79, 2909.75, 3374
1328, 1326.4, 406.492, 1326.4, 406.492, 391
1329, 0, 0, 0, 0, 0
1330, 0, -2.27374e-13, -1.13687e-13, -2.27374e-13, 0
1331, 7419.44, 4539.1, 7421.36, 4546.3, 3878
1332, 0, 0, 0, 0, 0
1333, 177.661, 451.353, 177.699, 451.353, 933
1334, 211.646, 238.179, 211.646, 238.179, 111
1335, 2.41203, 41.9796, 2.41203, 41.9796, 46
1336, 0, 0, 0, 0, 0
1337, 5487.93, 9347.89, 5488.31, 9348.05, 13331
1338, 14396.6, 22216.9, 14397, 22217, 33590
1339, 1381.46, 4715.16, 1381.58, 4715.42, 6019
1340, 0, 0, 0, 0, 0
1341, 1219.44, 879.674, 1210.28, 860.797, 1267
1342, 12862.6, 11287, 12885.8, 11300.2, 15431
1343, 1344, 1044.67, 1348, 1056.67, 1062
1344, 0, 0, 0, 0, 0
1345, 11628.1, 9601.62, 11603.1, 9560.96, 8707
1346, 0, 0, 0, 0, 0
1347, 0, 0, 0, 0, 0
1348, 471.37, 772.072, 471.361, 772.071, 3229
1349, 519.766, 612.108, 519.767, 612.109, 270
1350, 0, 0, 0, 0, 0
1351, 24.5016, 10.1396, 24.5016, 10.1396, 0
1352, 12.3258, 16.1854, 12.3258, 16.1854, 0
1353, 1578.5, 1483.64, 1578.78, 1483.64, 1153
1354, 32.1635, 18.2007, 32.1635, 18.2007, 0
1355, 895.701, 1474.89, 896.313, 1474.89, 4154
1356, 0, 0, 0, 0, 0
1357, 43.303, 41.2721, 43.303, 41.2721, 20
1358, 2050.46, 3333.33, 2050.55, 3334.41, 4033
1359, 0, 0, 0, 0, 0
1360, 0.242852, 0.131117, 0.242852, 0.131117, 0
1361, 3795.77, 2735.17, 3792.49, 2730.14, 2508
1362, 0, 0, 0, 0, 0
1363, 101.995, 86.9337, 101.995, 86.934, 0
1364, 5581.6, 5610.99, 5587.1, 5618.87, 6831
1365, 0, 0, 0, 0, 0
1366, 55.0234, 64.6536, 55.0236, 64.6536, 45
1367, 13.4822, 4.62445, 13.3156, 4.62445, 0
1368, 1.21381, 2.57606, 1.21381, 2.57606, 0
1369, 116.772, 642.852, 116.772, 642.852, 3342
1370, -1.13687e-13, -2.27374e-13, -1.13687e-13, -2.27374e-13, 0
1371, 0, 0, 0, 0, 0
1372, 3741.62, 4595.33, 3745.88, 4603.94, 7894
1373, 10.8412, 5.00713, 10.8412, 5.00713, 4
1374, 785.16, 2093.53, 785.192, 2093.53, 2894
1375, 5.4439, 17.2774, 5.4439, 17.2774, 31
1376, 139.885, 125.467, 139.905, 125.479, 112
1377, 121.844, 916, 121.844, 916, 916
1378, 1587.72, 4682.97, 1587.8, 4682.97, 10953
1379, 0, 0, 0, 0, 0
1380, 5646.62, 10362.5, 5646.95, 10362.7, 17409
1381, 52.8473, 1096.93, 52.8473, 1096.93, 1340
1382, 2891.49, 1995.16, 2891.65, 1995.21, 1950
1383, 273.555, 195.032, 273.555, 195.032, 198
1384, 0, 0, 0, 0, 0
1385, 66.2094, 206.095, 66.2094, 206.095, 789
1386, 2487.79, 5152.53, 2486.83, 5150.31, 6171
1387, 0, 0, 0, 0, 0
1388, 0, 0, 0, 0, 0
1389, 0, 0, 0, 0, 0
1390, 203.55, 84.0468, 203.552, 84.0469, 0
1391, 0, 0, 0, 0, 0
1392, 3904.57, 4389.47, 3905.57, 4390.47, 4540
1393, 0, 0, 0, 0, 0
1394, 2530.82, 2828.41, 2531.23, 2828.41, 2606
1395, 16.0276, 0, 16.0276, 0, 0
1396, 674.818, 225.952, 674.819, 225.952, 33
1397, 1254.83, 1123.86, 1254.83, 1123.86, 1080
1398, -2.27374e-13, 0, -2.27374e-13, 0, 0
1399, 1235.81, 1831.45, 1236.08, 1831.45, 2859
1400, 207.009, 275.869, 207.01, 275.869, 155
1401, 33320.1, 41764.5, 33327.7, 41771.4, 52770
1402, 2102.44, 3030.33, 2104.35, 3031.24, 2323
1403, 2.27374e-13, -1.13687e-13, 1.13687e-13, -2.27374e-13, 0
1404, 1.7053e-13, -1.7053e-13, 2.84217e-13, -1.7053e-13, 0
1405, 9378.74, 11447, 9387.82, 11469.6, 16875
1406, 2.93453, 0.778404, 2.93453, 0.778404, 0
1407, 1138.26, 2022.64, 1135.51, 2021.64, 1995
1408, 162.191, 152.539, 162.191, 152.539, 237
1409, -2.27374e-13, 4.54747e-13, -2.27374e-13, 4.54747e-13, 0
1410, 0, 0, 0, 0, 0
1411, 219.336, 297.109, 219.674, 297.109, 263
1412, 3946.95, 4086.11, 3946.91, 4087.7, 6086
1413, 2.27374e-13, 0, 2.27374e-13, 0, 0
1414, 201.995, 235.781, 202.083, 235.781, 103
1415, 54.7498, 36.8872, 54.7498, 36.8872, 21
1416, 216.886, 305.863, 216.886, 305.863, 462
1417, 0, 0, 0, 0, 0
1418, -4.54747e-13, 0, -4.54747e-13, 0, 0
1419, 1.13687e-13, 0, 5.68434e-14, -2.27374e-13, 0
1420, 1299.11, 1541.26, 1299.11, 1541.26, 1630
1421, 8.87299, 78.9569, 8.87314, 78.9569, 174
1422, 1161.89, 826.34, 1162.34, 826.36, 141
1423, 26.3693, 104, 26.3693, 104, 104
1424, 212.245, 501.446, 212.245, 501.446, 429
1425, 921.508, 1470.2, 921.51, 1470.2, 1412
1426, 2.27374e-13, 0, 2.27374e-13, 0, 0
1427, 0, 0, 0, 0, 0
1428, 728.304, 964, 728.304, 964, 964
1429, 0, 0, 0, 0, 0
1430, 57.5172, 157.131, 57.5174, 157.131, 289
1431, 0, 0, 0, 0, 0
1432, 1360.94, 3157.01, 1360.94, 3157.01, 2683
1433, 3825.37, 5613.08, 3826.16, 5615.25, 8346
1434, 4.65812, 4.18377, 4.65812, 4.18377, 0
1435, 5734.85, 5434.75, 5723.86, 5424.95, 5305
1436, 1224.79, 2221.21, 1224.79, 2221.21, 2189
1437, 1204.32, 1787.51, 1204.39, 1788.03, 2662
1438, 0, -2.27374e-13, 0, -2.27374e-13, 0
1439, 5852.39, 8777.24, 5903.88, 8785.08, 13595
1440, 147.619, 178.444, 147.619, 178.444, 148
1441, 1.98988, 0, 1.98988, 0, 0
1442, 16.1395, 8.51383, 16.1395, 8.51383, 5
1443, 1285, 2309.81, 1285.31, 2311.58, 3292
1444, 0, 0, 0, 0, 0
1445, 2.11737, 1.29275, 2.11737, 1.29275, 0
1446, 1860.08, 1826.39, 1860.08, 1826.39, 1816
1447, 0, 0, 0, 0, 0
1448, 1366.21, 1857.34, 1370.86, 1861.84, 2599
1449, 0, 0, 0, 0, 0
1450, 0, 0, 0, 0, 0
1451, 73.2822, 121.735, 73.2822, 121.735, 5
1452, 0, 0, 0, 0, 0
1453, -2.27374e-13, 1.13687e-13, 2.27374e-13, 0, 0
1454, 0, 0, 0, 0, 0
1455, 0, 0, 0, 0, 0
1456, 0, 0, 0, 0, 0
1457, 0, 0, 0, 0, 0
1458, 0, 0, 0, 0, 0
1459, 0, 0, 0, 0, 0
1460, 0.432746, 9.95738, 0.432746, 9.95738, 72
1461, 0, 0, 0, 0, 0
1462, 2821.38, 5515.91, 2823.55, 5517.18, 19903
1463, 0, 0, 0, 0, 0
1464, 0, 0, 0, 0, 0
1465, 0, 0, 0, 0, 0
1466, 238.195, 92.6723, 238.199, 92.6747, 66
1467, 1093.29, 1002.24, 1093.39, 1002.24, 1505
1468, 0, 0, 0, 0, 0
1469, 0, 0, 0, 0, 0
1470, 0, 0, 0, 0, 0
1471, 2639.9, 2029.49, 2640.1, 2029.71, 3585
1472, 0, 0, 0, 0, 0
1473, 771.849, 634.717, 772.02, 634.717, 833
1474, -1.13687e-13, -1.13687e-13, -5.68434e-14, 0, 0
1475, 67.5866, 59.0725, 67.5866, 59.0725, 52
1476, 0, 0, 0, 0, 0
1477, 0, 0, 0, 0, 0
1478, 81.5263, 197.146, 81.5263, 197.146, 140
1479, -3.41061e-13, 1.13687e-13, -3.41061e-13, 0, 0
1480, 0, 0, 0, 0, 0
1481, 0, 0, 0, 0, 0
1482, 0, 0, 0, 0, 0
1483, 0, 0, 0, 0, 0
1484, 149.719, 87.327, 149.719, 87.327, 73
1485, -2.27374e-13, -2.27374e-13, -2.27374e-13, 0, 0
1486, 3820.62, 5364.42, 3820.7, 5364.42, 6170
1487, 9251.6, 7701.35, 9251.71, 7702.4, 7585
1488, 6306.75, 6438.9, 6307.19, 6440.45, 9482
1489, 0, -3.41061e-13, 0, -3.41061e-13, 0
1490, 97.2717, 44.4841, 97.2717, 44.4841, 43
1491, -2.27374e-13, 4.54747e-13, -4.54747e-13, 4.54747e-13, 0
1492, 3690.96, 2963.71, 3695.63, 2959.08, 2487
1493, 0, 0, 0, 0, 0
1494, 0, 0, 0, 0, 0
1495, 53.0257, 44.6103, 53.0257, 44.6103, 102
1496, 1374.77, 1196.35, 1374.99, 1196.62, 1723
1497, 0, 0, 0, 0, 0
1498, 0, 0, 0, 0, 0
1499, 1626.01, 1742.45, 1623.08, 1738.24, 2026
1500, 88.0769, 47, 88.0769, 47, 47
1501, 2431.25, 1974, 2429.25, 1972, 1972
1502, 0, 792, -4.54747e-13, 792, 1584
1503, 4.88533, 1, 4.88533, 1, 1
1504, 0, 0, 0, 0, 0
1505, 0, 0, 0, 0, 0
1506, 1544.23, 2305.46, 1544.25, 2305.46, 2277
1507, 720.622, 1572.96, 720.743, 1573, 3283
1508, 6176.13, 7736.81, 6208.43, 7757.28, 7993
1509, 1697.82, 1580.78, 1705.33, 1589.47, 4587
1510, 0, 0, 0, 0, 0
1511, 0, 0, 0, 0, 0
1512, 509.355, 299.675, 509.741, 299.884, 166
1513, 895.991, 1983.45, 895.991, 1983.45, 2762
1514, 0, 0, 0, 0, 0
1515, -1.13687e-13, 2.27374e-13, -1.13687e-13, 0, 0
1516, 1837.42, 1518.24, 1838, 1518.24, 2578
1517, 1324.58, 1255.47, 1325.25, 1257.93, 1779
1518, 0, 0, 0, 0, 0
1519, 3768.38, 3344.94, 3767.42, 3342.14, 3497
1520, 338.283, 1068.01, 338.305, 1068.03, 1165
1521, 1570.64, 4215.16, 1572.42, 4218.13, 9938
1522, 9.62873, 7.24064, 9.62873, 7.24064, 0
1523, 0, 0, 0, 0, 0
1524, 0, 0, 0, 0, 0
1525, 85.5175, 73.883, 86.277, 73.8833, 71
1526, 2.27374e-13, 1.13687e-13, 0, 0, 0
1527, -3.41061e-13, -3.41061e-13, -2.27374e-13, -2.27374e-13, 0
1528, 0, 0, 0, 0, 0
1529, 0, 0, 0, 0, 0
1530, 0, 0, 0, 0, 0
1531, -1.13687e-13, -1.13687e-13, -1.13687e-13, -1.13687e-13, 0
1532, 318.424, 202, 318.424, 202, 202
1533, 217.921, 491.88, 218.099, 492.233, 1397
1534, 209.29, 1448.24, 209.29, 1448.24, 1929
1535, 0, 0, 0, 0, 0
1536, 0, 361, 0, 361, 361
1537, 0, 0, 0, 0, 0
1538, 8299.63, 17490.1, 8301.8, 17493, 20349
1539, 11263.5, 10443.9, 11257.5, 10428, 11404
1540, 0, 0, 0, 0, 0
1541, 1220.38, 523.642, 1221.52, 523.664, 457
1542, 34343.6, 27634, 34344.1, 27642.2, 30903
1543, 0, 0, 0, 0, 0
1544, 4651.58, 7763.04, 4652.09, 7763.04, 15847
1545, 1840.18, 4982.99, 1845.13, 4989.42, 7689
1546, 0, 0, 0, 0, 0
1547, 582.393, 1120.06, 578.852, 1112.19, 2425
1548, 0, 0, 0, 0, 0
1549, 0, 0, 0, 0, 0
1550, 1392.26, 1248.31, 1392.26, 1248.31, 1134
1551, 1, 1, 1, 1, 1
1552, 925.965, 941.123, 925.965, 941.123, 915
1553, 2535.34, 4047.91, 2531.09, 4038.64, 5849
1554, 16.0135, 1, 16.0135, 1, 1
1555, 2425.76, 1577.27, 2425.76, 1577.27, 1900
1556, 1461.32, 1322, 1461.32, 1322, 1322
1557, 0, 0, 0, 0, 0
1558, 0, 0, 0, 0, 0
1559, 0, 0, 0, 0, 0
1560, 255.308, 393.678, 256.31, 396.68, 25
1561, 1484.62, 1345.06, 1484.64, 1344.65, 2515
1562, 0, 0, 0, 0, 0
1563, 2.27374e-13, -2.27374e-13, 2.27374e-13, -2.27374e-13, 0
1564, 8550.42, 9640.3, 8560.38, 9656.17, 13643
1565, -1.13687e-13, 0, -2.27374e-13, 1.13687e-13, 0
1566, 0, 0, 0, 0, 0
1567, 2547.73, 2505.76, 2549.73, 2511.76, 3004
1568, -6.82121e-13, 2.27374e-13, -2.27374e-13, 1.13687e-13, 0
1569, 2.27374e-13, 1.13687e-13, 0, 1.13687e-13, 0
1570, 0, 0, 0, 0, 0
1571, 11.4043, 0, 11.4043, 0, 0
1572, 1266.29, 1243.41, 1266.28, 1243.39, 1277
1573, 0, 0, 0, 0, 0
1574, 26.2911, 46.0357, 26.2911, 46.0357, 46
1575, 650.939, 1220.03, 652.009, 1223.19, 6329
1576, 175.793, 131.063, 175.793, 131.063, 40
1577, 282.295, 1354.12, 282.296, 1354.12, 2208
1578, 1020.77, 1725.78, 1022.78, 1736.36, 4466
1579, 6675.03, 7270.9, 6678.16, 7274.02, 10512
1580, 0, 0, 0, 0, 0
1581, 459.547, 983.435, 460.111, 984.435, 1477
1582, 0, -4.54747e-13, -2.27374e-13, -5.68434e-13, 0
1583, 0, -1.13687e-13, 2.27374e-13, -1.13687e-13, 0
1584, 7788.97, 4362.49, 7781.79, 4357.21, 3607
1585, 995.408, 1019.8, 995.41, 1019.8, 1059
1586, 45.887, 10.4242, 45.8871, 10.4242, 4
1587, 116.479, 24.7167, 116.479, 24.7167, 13
1588, 0, 0, 0, 0, 0
1589, -3.41061e-13, 0, -4.54747e-13, 0, 0
1590, 0, 0, 0, 0, 0
1591, 0.501374, 0, 0.501374, 0, 0
1592, 0, 0, 0, 0, 0
1593, 2001.16, 2338.27, 2001.48, 2338.6, 3912
1594, 0, 0, 0, 0, 0
1595, 0, 0, 0, 0, 0
1596, 0, 0, 0, 0, 0
1597, 2495.13, 3635.96, 2493, 3632.22, 4019
1598, 0, 0, 0, 0, 0
1599, 0, 0, 0, 0, 0
1600, 11781.5, 10149.9, 11781.9, 10146.4, 13255
1601, 5.91222, 775, 5.91222, 775, 775
1602, 2593.26, 2336.56, 2593.44, 2336.56, 2034
1603, 0, 0, 0, 0, 0
1604, 4.54747e-13, 0, 4.54747e-13, 0, 0
1605, 1.13687e-13, -4.54747e-13, 4.54747e-13, -4.54747e-13, 0
1606, 0, 0, 0, 0, 0
1607, 853.391, 1577.97, 856.558, 1580.99, 1657
1608, 0, 0, 0, 0, 0
1609, 0, 0, 0, 0, 0
1610, 0, 0, 0, 0, 0
1611, 0, 0, 0, 0, 0
1612, 0, 0, 0, 0, 0
1613, -1.13687e-13, 0, -1.13687e-13, 0, 0
1614, 0, 0, 0, 0, 0
1615, 2532.69, 4441.9, 2533.05, 4441.66, 10759
1616, 94.8803, 2.27374e-13, 94.8806, 1.13687e-13, 0
1617, 0, 0, 0, 0, 0
1618, 1664.2, 3256.6, 1667.33, 3261.93, 4786
1619, 0, 0, 0, 0, 0
1620, 1874.39, 1874.58, 1874.39, 1874.58, 1874
1621, 0, 0, 0, 0, 0
1622, 37.227, 87.8437, 37.2271, 87.8437, 31
1623, 60105, 36043.2, 60112.5, 36043.5, 27611
1624, 0.0644367, -2.27374e-13, 0.0644367, -3.41061e-13, 0
1625, 672.85, 448.594, 672.85, 449.112, 273
1626, 4.87678, 0.734103, 4.88312, 0.734103, 0
1627, 0, 0, 0, 0, 0
1628, 249.921, 195.586, 250.493, 196.393, 665
1629, 1.33451, 0.883496, 1.33451, 0.883496, 0
1630, 0, 0, 0, 0, 0
1631, 3.41061e-13, 1.13687e-13, 1.13687e-13, 0, 0
1632, 0, 0, 0, 0, 0
1633, 0, 0, 0, 0, 0
1634, 0, 0, 0, 0, 0
1635, 15.5972, 67.2867, 15.5972, 67.2867, 65
1636, 84.451, 425.18, 84.451, 425.18, 1871
1637, 6.82121e-13, 0, 3.41061e-13, 1.13687e-13, 0
1638, 34.5459, 26.8268, 34.5459, 26.8268, 0
1639, 0, 0, 0, 0, 0
1640, 642.476, 1481.85, 644.702, 1485.85, 3995
1641, 2207.81, 3574.66, 2209.47, 3577.66, 7684
1642, 0, 0, 0, 0, 0
1643, 13270.6, 11681, 13266.5, 11677.6, 12534
1644, 0, 0, 0, 0, 0
1645, 1095.96, 1381.54, 1096.26, 1381.54, 2220
1646, 17459.8, 16785.2, 17512.6, 16775.1, 22055
1647, 4096.91, 4748.75, 4098.31, 4751.35, 6700
1648, 0, 0, 0, 0, 0
1649, 0, 0, 0, 0, 0
1650, 0, 0, 0, 0, 0
1651, 9.53288, 1.13687e-12, 9.53288, 1.13687e-12, 0
1652, 1.98952e-13, 2.41585e-13, -5.68434e-14, 2.41585e-13, 0
1653, 0, 0, 0, 0, 0
1654, 1008.53, 1470.71, 1008.65, 1472.3, 3986
1655, 3.256, 1.18727, 3.25674, 1.18727, 0
1656, 4184.93, 5975.17, 4190.26, 5975.16, 9703
1657, -6.82121e-13, -2.27374e-13, 1.13687e-13, 1.13687e-13, 0
1658, 0, 0, 0, 0, 0
1659, 0, 0, 0, 0, 0
1660, 2.27374e-13, 0, -1.7053e-13, -1.13687e-13, 0
1661, 0, 0, 0, 0, 0
1662, 1.13687e-13, -2.27374e-13, 0, -1.13687e-13, 0
1663, 0, 0, 0, 0, 0
1664, 1951.34, 5163.61, 1954.25, 5168.97, 12567
1665, 0, 0, 0, 0, 0
1666, 4525.85, 5906.64, 4528.13, 5922.07, 11748
1667, 108.607, 343.148, 108.607, 343.148, 1047
1668, 2847.2, 2646.26, 2863.16, 2643.48, 3328
1669, 1.13687e-13, -1.13687e-13, 0, -2.27374e-13, 0
1670, 4.14226, 0.00331126, 4.14226, 0.00331126, 0
1671, 0, 0, 0, 0, 0
1672, 971.313, 525.719, 978.925, 533.147, 375
1673, 0, 0, 0, 0, 0
1674, 1790.27, 1574.1, 1790.44, 1574.47, 1650
1675, 1310.26, 2185.38, 1310.36, 2185.38, 3468
1676, 9.69707, 4.53089, 9.69712, 4.53089, 0
1677, 955.03, 1118.55, 956.202, 1119.55, 1116
1678, 40.7843, 30.678, 40.7844, 30.678, 19
1679, 0, 0, 0, 0, 0
1680, 85.1514, 58.1296, 85.1514, 58.134, 128
1681, 0, 0, 0, 0, 0
1682, 0, 0, 0, 0, 0
1683, 0, 0, 0, 0, 0
1684, 0, 0, 0, 0, 0
1685, 1624.3, 1245.26, 1628.77, 1249.7, 1176
1686, 0, 0, 0, 0, 0
1687, 493.729, 619.345, 508.929, 621.8, 753
1688, 0, 0, 0, 0, 0
1689, 427.76, 370.7, 429.76, 378.7, 555
1690, 0, 0, 0, 0, 0
1691, 0, 0, 0, 0, 0
1692, 0, 0, 0, 0, 0
1693, 47.148, 184.001, 47.148, 184.001, 184
1694, 0, 0, 0, 0, 0
1695, 0, 0, 0, 0, 0
1696, 0, 0, 0, 0, 0
1697, 22.2762, 9.68189, 22.2762, 9.68189, 9
1698, 0, 0, 0, 0, 0
1699, 373.651, 228.699, 373.652, 228.699, 184
1700, 0, 0, 0, 0, 0
1701, 0, 0, 0, 0, 0
1702, 0, 0, 0, 0, 0
1703, 0, 1.13687e-13, 0, 1.13687e-13, 0
1704, 0, 0, 0, 0, 0
1705, 0, 0, 0, 0, 0
1706, 0, 0, 0, 0, 0
1707, 0, 0, 0, 0, 0
1708, 0, 0, 0, 0, 0
1709, 0, 0, 0, 0, 0
1710, 0, 0, 0, 0, 0
1711, 455.1, 209, 455.1, 209, 209
1712, 68493.6, 54300, 68001.7, 53708.9, 44329
1713, 0, 0, 0, 0, 0
1714, 0, 0, 0, 0, 0
1715, 146.532, 104.519, 146.563, 104.524, 47
1716, 37.2414, 3.02787, 37.2415, 3.02787, 0
1717, 0, 0, 0, 0, 0
1718, 0, 0, 0, 0, 0
1719, 1, 1.13687e-13, 1, 2.27374e-13, 0
1720, 0, 3.41061e-13, -2.27374e-13, 3.41061e-13, 0
1721, 0, 0, 0, 0, 0
1722, -1.13687e-13, 1.13687e-13, -1.13687e-13, 1.13687e-13, 0
1723, 7213.79, 4996.38, 7216.8, 4996.36, 4714
1724, 2.84862, 1.41739, 2.84869, 1.41739, 0
1725, 0, 0, 0, 0, 0
1726, 1865.42, 2831.04, 1861.37, 2826.8, 3153
1727, 9.05566, 10.753, 9.05566, 10.753, 6
1728, 0, 0, 0, 0, 0
1729, 844.842, 3215.26, 844.726, 3215.07, 3133
1730, 124.075, 189.633, 124.075, 189.858, 219
1731, 295.662, 32, 295.662, 32, 32
1732, 2.27374e-13, 2.27374e-13, -4.54747e-13, 7.95808e-13, 0
1733, 38.8511, 20.2336, 38.8511, 21.2336, 5
1734, 0, 0, 0, 0, 0
1735, 1.13687e-13, 1.7053e-13, 1.13687e-13, 1.7053e-13, 0
1736, 2962.75, 2332.16, 2994.86, 2351.87, 2985
1737, 20.3757, 11.301, 20.3779, 11.301, 0
1738, 62.9631, 71.6976, 104.743, 76.5621, 421
1739, 0, 0, 0, 0, 0
1740, 4720.41, 4335.65, 4735.2, 4346.95, 3802
1741, 91.7625, 26.8571, 91.7625, 26.8571, 27
1742, 0, 0, 0, 0, 0
1743, 119.359, 252.204, 119.359, 253.204, 328
1744, 0, 0, 0, 0, 0
1745, 7.86432, 15.7826, 7.86703, 15.7826, 27
1746, 0, 0, 0, 0, 0
1747, 2266.56, 2030.29, 2266.89, 2038.32, 1975
1748, 571.449, 425.857, 571.575, 427.273, 444
1749, 1040.54, 2054.56, 1040.54, 2054.56, 2269
1750, 0, 0, 0, 0, 0
1751, 4.79044, 2.27374e-13, 4.79044, 2.27374e-13, 0
1752, 0, 0, 0, 0, 0
1753, 2.84217e-13, 0, 2.84217e-13, 0, 0
1754, 0, 0, 0, 0, 0
1755, 8318.43, 4281.59, 8318.88, 4294.17, 5000
1756, 0, 0, 0, 0, 0
1757, 1956.94, 1747.56, 1956.94, 1747.56, 1852
1758, 0, 0, 0, 0, 0
1759, 0, 0, 0, 0, 0
1760, 0, 0, 0, 0, 0
1761, 164.621, 79.1693, 164.621, 79.1693, 38
1762, -3.97904e-13, -2.84217e-13, -3.97904e-13, -2.84217e-13, 0
1763, 0, 0, 0, 0, 0
1764, 7.55964, 41.3637, 7.55964, 41.3637, 0
1765, 0, 0, 0, 0, 0
1766, 0, 0, 0, 0, 0
1767, 0, 0, 0, 0, 0
1768, 0, 0, 0, 0, 0
1769, 0, 0, 0, 0, 0
1770, 1443.09, 2116.17, 1443.09, 2116.17, 2038
1771, 392.611, 439.628, 392.611, 439.628, 486
1772, 44.6589, 9.90693, 44.6589, 9.90693, 4
1773, 0, 0, 0, 0, 0
1774, 310.943, 596.265, 310.953, 596.265, 620
1775, 0, 0, 0, 0, 0
1776, 0, 0, 0, 0, 0
1777, -4.26326e-14, -1.42109e-14, -4.26326e-14, -1.42109e-14, 0
1778, 0, 0, 0, 0, 0
1779, 0, 1.13687e-13, 0, 1.13687e-13, 0
1780, 2509.64, 1504.95, 2509.87, 1505.34, 2043
1781, 0, 0, 0, 0, 0
1782, 8280.67, 5785.82, 8280.98, 5786.09, 2009
1783, 1.42109e-14, -1.42109e-14, 1.42109e-14, -1.42109e-14, 0
1784, -1.98952e-13, 1.13687e-13, -1.98952e-13, 1.13687e-13, 0
1785, 442.447, 453.147, 442.473, 453.162, 551
1786, 0, 0, 0, 0, 0
1787, -1.13687e-13, -5.68434e-14, -1.13687e-13, -5.68434e-14, 0
1788, 805.499, 645.046, 805.5, 645.054, 203
1789, 0, 0, 0, 0, 0
1790, 823.198, 566.446, 823.198, 566.446, 563
1791, 1596.06, 1458.79, 1596.43, 1458.79, 1487
1792, 36.7648, 32, 36.7648, 32, 32
1793, 0, 0, 0, 0, 0
1794, 0, 0, 0, 0, 0
1795, 2709.93, 1571.7, 2710.01, 1571.78, 1292
1796, 0, 0, 0, 0, 0
1797, 0, 0, 0, 0, 0
1798, 3.4564, 9, 3.4564, 9, 9
1799, 1445, 1445, 1445, 1445, 1445
1800, -2.84217e-14, -5.68434e-14, -2.84217e-14, -5.68434e-14, 0
1801, 0, 0, 0, 0, 0
1802, 0, 0, 0, 0, 0
1803, 1.42109e-13, -2.27374e-13, 1.42109e-13, -2.27374e-13, 0
1804, 0, 0, 0, 0, 0
1805, 0, 0, 0, 0, 0
1806, 622.126, 363.499, 622.126, 363.499, 361
1807, 73.9112, 14.2898, 73.9112, 14.2898, 57
1808, 0, 0, 0, 0, 0
1809, 0, 0, 0, 0, 0
1810, 332.312, 1567.46, 332.313, 1567.46, 1580
1811, 0, 0, 0, 0, 0
1812, 0, 0, 0, 0, 0
1813, 32.9894, 27.2834, 32.9894, 27.2834, 67
1814, 5.68434e-14, 0, 5.68434e-14, 0, 0
1815, 0, 0, 0, 0, 0
1816, 0, 0, 0, 0, 0
1817, 0, 0, 0, 0, 0
1818, 0, 0, 0, 0, 0
1819, 0, 0, 0, 0, 0
1820, 0, 0, 0, 0, 0
1821, 0, 0, 0, 0, 0
1822, 0, 0, 0, 0, 0
1823, 0, 0, 0, 0, 0
1824, 0, 0, 0, 0, 0
1825, 0, 0, 0, 0, 0
1826, 0, 0, 0, 0, 0
1827, 0, 0, 0, 0, 0
1828, 0, 0, 0, 0, 0
1829, 0, 0, 0, 0, 0
1830, 643.083, 152.519, 643.083, 152.525, 77
1831, 0, 0, 0, 0, 0
1832, 0, 0, 0, 0, 0
1833, 0, 0, 0, 0, 0
1834, 0, 0, 0, 0, 0
1835, 2644.49, 2388.28, 2644.52, 2388.28, 2302
1836, 0, 0, 0, 0, 0
1837, 0, 0, 0, 0, 0
1838, 797.609, 342.92, 797.609, 342.92, 114
1839, 0, 0, 0, 0, 0
1840, 0, 0, 0, 0, 0
1841, 0, 0, 0, 0, 0
1842, 0, 0, 0, 0, 0
1843, 0, 0, 0, 0, 0
1844, 0, 0, 0, 0, 0
1845, 0, 0, 0, 0, 0
1846, 0, 0, 0, 0, 0
1847, 10.8474, 8.24662, 10.8474, 8.24662, 5
1848, 0, 0, 0, 0, 0
1849, 0, 0, 0, 0, 0
1850, 0, 0, 0, 0, 0
1851, 356.144, 308.371, 356.147, 308.371, 190
1852, 0, 0, 0, 0, 0
1853, 0, 0, 0, 0, 0
1854, 0, 0, 0, 0, 0
1855, 0, 0, 0, 0, 0
1856, 0, 0, 0, 0, 0
1857, 0, 0, 0, 0, 0
1858, 105.178, 87.3897, 105.178, 87.3897, 118
1859, 1247, 1247, 1247, 1247, 1247
1860, 0, 0, 0, 0, 0
1861, 1684.48, 1499, 1684.48, 1499, 1499
1862, 0, 0, 0, 0, 0
1863, 77.2923, 72.9165, 77.2923, 72.9165, 127
1864, 157.953, 188.986, 157.953, 188.986, 135
1865, 1407.16, 601.09, 1407.16, 601.09, 385
1866, 0, 0, 0, 0, 0
1867, 619.225, 1584.53, 619.225, 1584.53, 1647
1868, 0, 0, 0, 0, 0
1869, 0, 0, 0, 0, 0
1870, -1.45661e-13, 4.26326e-14, -1.45661e-13, 4.26326e-14, 0
1871, 2.84217e-14, 1.42109e-14, 2.84217e-14, 1.42109e-14, 0
1872, 0, 0, 0, 0, 0
1873, 0, 0, 0, 0, 0
1874, 42.0041, 37, 42.0041, 37, 37
1875, 1403.89, 1446.84, 1403.89, 1446.84, 1545
1876, 0, 0, 0, 0, 0
1877, 288.563, 98.3057, 288.563, 98.3057, 88
1878, 91.5176, 64, 91.5176, 64, 64
1879, 0, 0, 0, 0, 0
1880, 251.769, 133.105, 251.769, 133.105, 126
1881, 0, 0, 0, 0, 0
1882, 0, 0, 0, 0, 0
1883, 0, 0, 0, 0, 0
1884, 0, 0, 0, 0, 0
1885, 0, 0, 0, 0, 0
1886, 0, 0, 0, 0, 0
1887, -1.11022e-16, 0, -1.11022e-16, 0, 0
1888, 0, 0, 0, 0, 0
1889, 0, 0, 0, 0, 0
1890, 0, 0, 0, 0, 0
1891, 0, -4.44089e-16, 0, -4.44089e-16, 0
1892, 0, 0, 0, 0, 0
1893, 0, 0, 0, 0, 0
1894, 0, 0, 0, 0, 0
1895, 0, 0, 0, 0, 0
1896, 0, 0, 0, 0, 0
1897, 0, 0, 0, 0, 0
1898, 0, 0, 0, 0, 0