Degree Centrality,Reachability Centrality
0,2.0,0.0015673981191222097
1,1.0,0.0015673981191222097
2,0.0,0.0015673981191222097
3,5.0,0.0031347962382445305
4,1.0,0.0026123301985371272
5,0.0,0.0026123301985371272
6,0.0,0.002089864158829724
7,3.0,0.0026123301985371272
8,3.0,0.0031347962382445305
9,3.0,0.002089864158829724
10,2.0,0.0031347962382445305
11,0.0,0.0015673981191222097
12,3.0,0.002089864158829724
13,3.0,0.0026123301985371272
14,0.0,0.002089864158829724
15,2.0,0.0015673981191222097
16,0.0,0.0015673981191222097
17,0.0,0.0010449320794148065
18,3.0,0.002089864158829724
19,2.0,0.002089864158829724
20,0.0,0.002089864158829724
21,3.0,0.0036572622779519337
22,3.0,0.002089864158829724
23,1.0,0.002089864158829724
24,0.0,0.002089864158829724
25,4.0,0.0026123301985371272
26,3.0,0.0026123301985371272
27,2.0,0.0026123301985371272
28,1.0,0.0026123301985371272
29,0.0,0.0026123301985371272
30,12.0,0.006792058516196464
31,9.0,0.014629049111807735
32,5.0,0.004179728317659337
33,5.0,0.005224660397074143
34,3.0,0.006792058516196464
35,10.0,0.006792058516196464
36,0.0,0.0026123301985371272
37,1.0,0.008881922675026077
38,7.0,0.005224660397074143
39,2.0,0.0031347962382445305
40,4.0,0.005224660397074143
41,0.0,0.006269592476489061
42,7.0,0.009404388714733591
43,8.0,0.00470219435736674
44,4.0,0.00470219435736674
45,8.0,0.005224660397074143
46,3.0,0.00470219435736674
47,10.0,0.006792058516196464
48,6.0,0.005224660397074143
49,0.0,0.002089864158829724
50,5.0,0.0031347962382445305
51,7.0,0.005224660397074143
52,0.0,0.0031347962382445305
53,1.0,0.004179728317659337
54,6.0,0.005747126436781658
55,5.0,0.0031347962382445305
56,1.0,0.004179728317659337
57,3.0,0.0031347962382445305
58,1.0,0.002089864158829724
59,0.0,0.002089864158829724
60,3.0,0.002089864158829724
61,1.0,0.002089864158829724
62,0.0,0.002089864158829724
63,2.0,0.0015673981191222097
64,1.0,0.0015673981191222097
65,2.0,0.002089864158829724
66,0.0,0.002089864158829724
67,3.0,0.002089864158829724
68,1.0,0.0031347962382445305
69,4.0,0.0031347962382445305
70,2.0,0.002089864158829724
71,0.0,0.002089864158829724
72,3.0,0.002089864158829724
73,1.0,0.0015673981191222097
74,0.0,0.0015673981191222097
75,0.0,0.0010449320794148065
76,5.0,0.0031347962382445305
77,4.0,0.0031347962382445305
78,0.0,0.0015673981191222097
79,0.0,0.0026123301985371272
80,1.0,0.0031347962382445305
81,2.0,0.0026123301985371272
82,3.0,0.002089864158829724
83,0.0,0.0015673981191222097
84,0.0,0.0010449320794148065
85,1.0,0.0015673981191222097
86,3.0,0.002089864158829724
87,1.0,0.002089864158829724
88,1.0,0.0026123301985371272
89,2.0,0.002089864158829724
90,4.0,0.0026123301985371272
91,1.0,0.0015673981191222097
92,0.0,0.0010449320794148065
93,2.0,0.0026123301985371272
94,4.0,0.0036572622779519337
95,1.0,0.0010449320794148065
96,0.0,0.0015673981191222097
97,0.0,0.0026123301985371272
98,2.0,0.0031347962382445305
99,3.0,0.005224660397074143
100,3.0,0.0031347962382445305
101,0.0,0.0010449320794148065
102,0.0,0.0010449320794148065
103,3.0,0.002089864158829724
104,1.0,0.004179728317659337
105,7.0,0.006269592476489061
106,2.0,0.004179728317659337
107,6.0,0.0036572622779519337
108,4.0,0.0031347962382445305
109,0.0,0.0036572622779519337
110,6.0,0.005224660397074143
111,6.0,0.00783699059561127
112,4.0,0.005224660397074143
113,3.0,0.00470219435736674
114,5.0,0.009926854754440995
115,0.0,0.00470219435736674
116,7.0,0.006269592476489061
117,1.0,0.00470219435736674
118,5.0,0.0031347962382445305
119,0.0,0.0031347962382445305
120,4.0,0.0031347962382445305
121,3.0,0.0031347962382445305
122,4.0,0.0036572622779519337
123,0.0,0.002089864158829724
124,2.0,0.0026123301985371272
125,3.0,0.005747126436781658
126,1.0,0.002089864158829724
127,4.0,0.0026123301985371272
128,0.0,0.0010449320794148065
129,1.0,0.0010449320794148065
130,0.0,0.0010449320794148065
131,5.0,0.005224660397074143
132,7.0,0.008359456635318674
133,11.0,0.015151515151515138
134,1.0,0.010449320794148398
135,0.0,0.004179728317659337
136,5.0,0.0031347962382445305
137,5.0,0.006269592476489061
138,9.0,0.009404388714733591
139,6.0,0.00470219435736674
140,0.0,0.0031347962382445305
141,13.0,0.00470219435736674
142,8.0,0.005747126436781658
143,0.0,0.0026123301985371272
144,10.0,0.006792058516196464
145,7.0,0.005224660397074143
146,10.0,0.006792058516196464
147,2.0,0.005224660397074143
148,1.0,0.006792058516196464
149,9.0,0.00470219435736674
150,7.0,0.008881922675026077
151,6.0,0.005224660397074143
152,12.0,0.006792058516196464
153,0.0,0.0015673981191222097
154,8.0,0.00470219435736674
155,1.0,0.0026123301985371272
156,5.0,0.006269592476489061
157,3.0,0.005747126436781658
158,1.0,0.0015673981191222097
159,5.0,0.0031347962382445305
160,2.0,0.004179728317659337
161,1.0,0.005224660397074143
162,6.0,0.004179728317659337
163,3.0,0.0036572622779519337
164,0.0,0.00470219435736674
165,7.0,0.00470219435736674
166,4.0,0.005224660397074143
167,1.0,0.0010449320794148065
168,3.0,0.0036572622779519337
169,2.0,0.0036572622779519337
170,5.0,0.010971786833855801
171,1.0,0.0010449320794148065
172,1.0,0.0026123301985371272
173,7.0,0.005747126436781658
174,0.0,0.0010449320794148065
175,3.0,0.004179728317659337
176,2.0,0.004179728317659337
177,0.0,0.0015673981191222097
178,4.0,0.009926854754440995
179,0.0,0.0031347962382445305
180,1.0,0.0010449320794148065
181,3.0,0.002089864158829724
182,0.0,0.0015673981191222097
183,0.0,0.0010449320794148065
184,1.0,0.002089864158829724
185,2.0,0.0031347962382445305
186,1.0,0.0010449320794148065
187,2.0,0.0015673981191222097
188,0.0,0.002089864158829724
189,0.0,0.002089864158829724
190,3.0,0.002089864158829724
191,1.0,0.006269592476489061
192,9.0,0.005747126436781658
193,4.0,0.0026123301985371272
194,2.0,0.0031347962382445305
195,1.0,0.0026123301985371272
196,0.0,0.002089864158829724
197,2.0,0.002089864158829724
198,7.0,0.005224660397074143
199,2.0,0.006269592476489061
200,2.0,0.0026123301985371272
201,2.0,0.0031347962382445305
202,0.0,0.0015673981191222097
203,19.0,0.016196447230929945
204,0.0,0.002089864158829724
205,15.0,0.008881922675026077
206,11.0,0.006269592476489061
207,2.0,0.0015673981191222097
208,1.0,0.0015673981191222097
209,0.0,0.004179728317659337
210,11.0,0.012016718913270608
211,7.0,0.006269592476489061
212,3.0,0.0031347962382445305
213,1.0,0.0026123301985371272
214,2.0,0.0031347962382445305
215,1.0,0.0031347962382445305
216,1.0,0.0036572622779519337
217,1.0,0.005747126436781658
218,0.0,0.002089864158829724
219,6.0,0.006269592476489061
220,0.0,0.00470219435736674
221,1.0,0.0010449320794148065
222,1.0,0.0010449320794148065
223,0.0,0.0010449320794148065
224,3.0,0.002089864158829724
225,1.0,0.0026123301985371272
226,7.0,0.006792058516196464
227,10.0,0.007314524555903867
228,5.0,0.007314524555903867
229,0.0,0.0015673981191222097
230,4.0,0.0031347962382445305
231,6.0,0.008359456635318674
232,11.0,0.008359456635318674
233,15.0,0.012016718913270608
234,1.0,0.005224660397074143
235,8.0,0.03396029258098221
236,5.0,0.0036572622779519337
237,2.0,0.008359456635318674
238,6.0,0.009926854754440995
239,4.0,0.017241379310344862
240,4.0,0.00470219435736674
241,0.0,0.002089864158829724
242,1.0,0.0010449320794148065
243,0.0,0.0010449320794148065
244,3.0,0.0015673981191222097
245,15.0,0.014629049111807735
246,3.0,0.0036572622779519337
247,3.0,0.009926854754440995
248,1.0,0.0031347962382445305
249,13.0,0.010449320794148398
250,1.0,0.006792058516196464
251,4.0,0.005747126436781658
252,3.0,0.009926854754440995
253,1.0,0.0026123301985371272
254,5.0,0.005747126436781658
255,0.0,0.0026123301985371272
256,2.0,0.0026123301985371272
257,12.0,0.006792058516196464
258,11.0,0.008359456635318674
259,2.0,0.006269592476489061
260,6.0,0.008359456635318674
261,13.0,0.008359456635318674
262,13.0,0.008359456635318674
263,6.0,0.006269592476489061
264,6.0,0.006269592476489061
265,1.0,0.006269592476489061
266,4.0,0.00783699059561127
267,3.0,0.007314524555903867
268,11.0,0.008359456635318674
269,0.0,0.011494252873563204
270,2.0,0.0015673981191222097
271,0.0,0.0015673981191222097
272,2.0,0.002089864158829724
273,1.0,0.00470219435736674
274,5.0,0.00470219435736674
275,2.0,0.0031347962382445305
276,4.0,0.0026123301985371272
277,1.0,0.0010449320794148065
278,1.0,0.0026123301985371272
279,1.0,0.0026123301985371272
280,2.0,0.0026123301985371272
281,3.0,0.0036572622779519337
282,0.0,0.0010449320794148065
283,0.0,0.002089864158829724
284,1.0,0.0010449320794148065
285,1.0,0.002089864158829724
286,10.0,0.005747126436781658
287,8.0,0.005224660397074143
288,1.0,0.002089864158829724
289,3.0,0.0031347962382445305
290,4.0,0.0036572622779519337
291,4.0,0.004179728317659337
292,1.0,0.0026123301985371272
293,3.0,0.00470219435736674
294,3.0,0.005224660397074143
295,1.0,0.0036572622779519337
296,0.0,0.005224660397074143
297,1.0,0.0010449320794148065
298,0.0,0.00470219435736674
299,4.0,0.0026123301985371272
300,0.0,0.0010449320794148065
301,1.0,0.0015673981191222097
302,3.0,0.0026123301985371272
303,1.0,0.0031347962382445305
304,3.0,0.002089864158829724
305,0.0,0.0015673981191222097
306,0.0,0.0015673981191222097
307,2.0,0.002089864158829724
308,0.0,0.0010449320794148065
309,8.0,0.00470219435736674
310,4.0,0.0031347962382445305
311,1.0,0.0026123301985371272
312,3.0,0.00470219435736674
313,2.0,0.0031347962382445305
314,5.0,0.004179728317659337
315,2.0,0.0026123301985371272
316,0.0,0.0015673981191222097
317,0.0,0.002089864158829724
318,2.0,0.002089864158829724
319,1.0,0.0010449320794148065
320,1.0,0.0010449320794148065
321,3.0,0.00470219435736674
322,4.0,0.0026123301985371272
323,3.0,0.005747126436781658
324,0.0,0.0031347962382445305
325,1.0,0.0026123301985371272
326,2.0,0.002089864158829724
327,5.0,0.0031347962382445305
328,2.0,0.01253918495297801
329,0.0,0.004179728317659337
330,4.0,0.005224660397074143
331,3.0,0.004179728317659337
332,5.0,0.00470219435736674
333,4.0,0.0026123301985371272
334,2.0,0.006269592476489061
335,1.0,0.0026123301985371272
336,5.0,0.0036572622779519337
337,4.0,0.0026123301985371272
338,10.0,0.006792058516196464
339,11.0,0.008359456635318674
340,9.0,0.008359456635318674
341,1.0,0.0010449320794148065
342,3.0,0.0036572622779519337
343,1.0,0.002089864158829724
344,2.0,0.004179728317659337
345,4.0,0.0026123301985371272
346,2.0,0.0026123301985371272
347,1.0,0.004179728317659337
348,3.0,0.0026123301985371272
349,12.0,0.006792058516196464
350,3.0,0.00470219435736674
351,7.0,0.00470219435736674
352,2.0,0.00470219435736674
353,2.0,0.0031347962382445305
354,0.0,0.00783699059561127
355,6.0,0.00783699059561127
356,0.0,0.0031347962382445305
357,1.0,0.0010449320794148065
358,3.0,0.002089864158829724
359,2.0,0.002089864158829724
360,0.0,0.0031347962382445305
361,2.0,0.0031347962382445305
362,0.0,0.0015673981191222097
363,1.0,0.002089864158829724
364,1.0,0.0010449320794148065
365,1.0,0.0015673981191222097
366,0.0,0.0015673981191222097
367,5.0,0.0031347962382445305
368,4.0,0.0031347962382445305
369,2.0,0.0026123301985371272
370,2.0,0.004179728317659337
371,0.0,0.0031347962382445305
372,1.0,0.0010449320794148065
373,1.0,0.0010449320794148065
374,1.0,0.0015673981191222097
375,3.0,0.002089864158829724
376,0.0,0.0026123301985371272
377,0.0,0.0010449320794148065
378,4.0,0.0026123301985371272
379,0.0,0.002089864158829724
380,1.0,0.0010449320794148065
381,5.0,0.0031347962382445305
382,0.0,0.0031347962382445305
383,2.0,0.002089864158829724
384,1.0,0.0015673981191222097
385,0.0,0.0015673981191222097
386,4.0,0.0026123301985371272
387,3.0,0.00470219435736674
388,1.0,0.004179728317659337
389,0.0,0.004179728317659337
390,0.0,0.0010449320794148065
391,13.0,0.006792058516196464
392,9.0,0.005747126436781658
393,14.0,0.008359456635318674
394,3.0,0.0031347962382445305
395,4.0,0.004179728317659337
396,10.0,0.008881922675026077
397,4.0,0.00470219435736674
398,3.0,0.006792058516196464
399,1.0,0.006792058516196464
400,2.0,0.004179728317659337
401,0.0,0.006792058516196464
402,3.0,0.0026123301985371272
403,5.0,0.005747126436781658
404,4.0,0.0026123301985371272
405,0.0,0.0026123301985371272
406,8.0,0.00470219435736674
407,6.0,0.006269592476489061
408,6.0,0.005747126436781658
409,6.0,0.005224660397074143
410,3.0,0.00470219435736674
411,6.0,0.007314524555903867
412,2.0,0.005747126436781658
413,10.0,0.006792058516196464
414,0.0,0.005224660397074143
415,16.0,0.008881922675026077
416,1.0,0.0026123301985371272
417,2.0,0.0031347962382445305
418,1.0,0.005224660397074143
419,4.0,0.005224660397074143
420,9.0,0.005747126436781658
421,9.0,0.007314524555903867
422,4.0,0.009404388714733591
423,5.0,0.008359456635318674
424,11.0,0.005747126436781658
425,0.0,0.005224660397074143
426,1.0,0.0031347962382445305
427,2.0,0.004179728317659337
428,2.0,0.00470219435736674
429,6.0,0.0036572622779519337
430,3.0,0.0026123301985371272
431,2.0,0.005224660397074143
432,1.0,0.0036572622779519337
433,4.0,0.0036572622779519337
434,4.0,0.006792058516196464
435,3.0,0.002089864158829724
436,2.0,0.008881922675026077
437,1.0,0.0010449320794148065
438,7.0,0.004179728317659337
439,4.0,0.0031347962382445305
440,2.0,0.0026123301985371272
441,3.0,0.0031347962382445305
442,4.0,0.0026123301985371272
443,0.0,0.00783699059561127
444,2.0,0.006792058516196464
