Degree Centrality,Reachability Centrality,Temporal Betweenness
0,8.0,0.0032417845679516555,5.0
1,0.0,3.204927897182408e-06,0.0
2,770.0,0.002610413772216158,0.0877546
3,606.0,0.03747522190119523,24038.3
4,310.0,0.05292938422117843,31813.2
5,437.0,0.10400792258176172,71573.3
6,0.0,0.0014310003060705734,0.0
7,1.0,1.6024639485356929e-06,0.0
8,3.0,0.002131277051594549,883.0
9,0.0,3.204927897182408e-06,0.0
10,0.0,3.204927897182408e-06,0.0
11,63.0,0.003815466661538758,923.839
12,0.0,4.807391845718101e-06,0.0
13,37.0,0.003350752116454303,2436.99
14,0.0,3.204927897182408e-06,0.0
15,118.0,0.001624898443847278,0
16,702.0,0.09957390483607598,125285.0
17,1.0,0.0017819399108068845,0.0
18,0.0,3.204927897182408e-06,0.0
19,0.0,3.204927897182408e-06,0.0
20,0.0,3.204927897182408e-06,0.0
21,0.0,3.204927897182408e-06,0.0
22,0.0,4.807391845718101e-06,0.0
23,0.0,0.001219475064859754,0.0
24,0.0,3.204927897182408e-06,0.0
25,8.0,0.005480426704100205,1758.94
26,75.0,0.006034879230304546,2788.11
27,0.0,3.204927897182408e-06,0.0
28,19.0,0.003148841658934809,429.505
29,1.0,0.0016216935159500956,6.82121e-13
30,0.0,3.204927897182408e-06,0.0
31,1.0,0.0016216935159500956,6.82121e-13
32,0.0,2.0832031331408096e-05,0.0
33,1.0,0.0015495826382645461,1.78998
34,96.0,0.0037257286804189826,3597.69
35,173.0,0.004730473576170735,9757.92
36,304.0,0.019258411733881986,15743.4
37,49.0,0.00280110698209568,173.742
38,73.0,0.004068655965412393,861.964
39,0.0,3.204927897182408e-06,0.0
40,3.0,0.0016024639485673342,4.54747e-13
41,80.0,0.036776547619619904,23338.7
42,0.0,3.204927897182408e-06,0.0
43,0.0,3.204927897182408e-06,0.0
44,1.0,0.0014950988640133334,0
45,0.0,0.0010095522875973595,0.0
46,2.0,1.6024639485356929e-06,0.0
47,4.0,0.001624898443847278,3.41061e-13
48,0.0,0.0012931884064938393,0.0
49,329.0,0.07092345189964089,49290.3
50,2.0,1.6024639485356929e-06,0.0
51,140.0,0.001890907459309421,3.41061e-13
52,0.0,4.807391845718101e-06,0.0
53,1.0,0.001624898443847278,3.41061e-13
54,2.0,3.204927897182408e-06,0.0
55,0.0,4.807391845718101e-06,0.0
56,0.0,4.807391845718101e-06,0.0
57,0.0,4.807391845718101e-06,0.0
58,6.0,0.002094420380777451,2.5815
59,0.0,0.0011569789708656408,0.0
60,245.0,0.0016361156914872499,0
61,1.0,3.204927897182408e-06,0.0
62,1843.0,0.17402598235046207,198683.0
63,140.0,0.011433580273027766,7983.49
64,7.0,6.409855794253794e-06,0.0
65,0.0,4.807391845718101e-06,0.0
66,0.0,4.807391845718101e-06,0.0
67,127.0,0.003377994003579854,2918.24
68,1.0,1.6024639485356929e-06,0.0
69,0.0,4.807391845718101e-06,0.0
70,42.0,0.0015704146695959542,3.56215e-13
71,76.0,0.004276976278726141,1890.02
72,86.0,0.003275436310871571,7205.06
73,36.0,0.003043079038329344,104.841
74,127.0,0.005281721174477894,19786.9
75,6.0,0.001624898443847278,4.77507e-13
76,159.0,0.004635928203205242,2151.87
77,423.0,0.009194938136879216,24113.3
78,1.0,3.204927897182408e-06,0.0
79,50.0,0.003025451934895118,2065.39
80,3.0,0.0021120474842116765,104.801
81,1.0,3.204927897182408e-06,0.0
82,1.0,0.001624898443847278,3.41061e-13
83,19.0,0.004837838660724736,1343.09
84,195.0,0.01732103282006414,30276.7
85,51.0,0.00586181312385925,2631.71
86,98.0,0.01084547600390362,5048.11
87,0.0,3.204927897182408e-06,0.0
88,0.0,0.0011441592592770222,0.0
89,1.0,3.204927897182408e-06,0.0
90,1.0,3.204927897182408e-06,0.0
91,0.0,4.807391845718101e-06,0.0
92,10.0,0.0027530330636386102,258.872
93,136.0,0.001624898443847278,4.25882e-13
94,0.0,4.807391845718101e-06,0.0
95,0.0,4.807391845718101e-06,0.0
96,0.0,4.807391845718101e-06,0.0
97,0.0,4.807391845718101e-06,0.0
98,4.0,0.0008637280682778359,1.0
99,1.0,3.204927897182408e-06,0.0
100,2862.0,0.2286924374918875,267171.0
101,0.0,4.807391845718101e-06,0.0
102,0.0,4.807391845718101e-06,0.0
103,6.0,0.0025238807189935653,0
104,1.0,3.204927897182408e-06,0.0
105,4.0,0.0015784269893388547,2.70276
106,1.0,3.204927897182408e-06,0.0
107,1.0,0.001624898443847278,3.41061e-13
108,1.0,3.204927897182408e-06,0.0
109,0.0,4.807391845718101e-06,0.0
110,1.0,0.001624898443847278,3.41061e-13
111,1.0,3.204927897182408e-06,0.0
112,0.0,4.807391845718101e-06,0.0
113,0.0,6.409855794253794e-06,0.0
114,4.0,0.001624898443847278,1.16529e-12
115,0.0,0.0014550372652991639,0.0
116,1.0,0.001624898443847278,3.41061e-13
117,0.0,4.807391845718101e-06,0.0
118,0.0,4.807391845718101e-06,0.0
119,1.0,3.204927897182408e-06,0.0
120,117.0,0.002717778856770159,334.499
121,0.0,1.6024639485689995e-05,0.0
122,0.0,0.0009775030086260905,0.0
123,0.0,4.807391845718101e-06,0.0
124,0.0,3.204927897182408e-06,0.0
125,61.0,0.00298859526407802,87.4478
126,1.0,3.204927897182408e-06,0.0
127,0.0,0.00143260277001922,0.0
128,0.0,2.0832031331408096e-05,0.0
129,0.0,3.204927897182408e-06,0.0
130,0.0,4.807391845718101e-06,0.0
131,0.0,0.0008380886451007097,0.0
132,0.0,1.7627103434225688e-05,0.0
133,0.0,0.0008380886451007097,0.0
134,0.0,2.0832031331408096e-05,0.0
135,109.0,0.0031568539786775984,1436.78
136,1.0,0.0011601838987627122,0.0
137,0.0,3.204927897182408e-06,0.0
138,0.0,2.8844351074197583e-05,0.0
139,0.0,4.807391845718101e-06,0.0
140,0.0,1.7627103434225688e-05,0.0
141,1.0,3.204927897182408e-06,0.0
142,0.0,4.807391845718101e-06,0.0
143,1.0,3.204927897182408e-06,0.0
144,0.0,4.807391845718101e-06,0.0
145,1.0,0.001624898443847278,3.41061e-13
146,0.0,4.807391845718101e-06,0.0
147,2.0,0.0007787974790036678,0.0
148,3.0,0.0032898584864087255,965.0
149,0.0,0.001038396638671668,0.0
150,2.0,0.001624898443847278,3.41061e-13
151,1.0,3.204927897182408e-06,0.0
152,0.0,4.807391845718101e-06,0.0
153,1.0,3.204927897182408e-06,0.0
154,0.0,3.204927897182408e-06,0.0
155,0.0,4.006159871416948e-05,0.0
156,0.0,3.204927897182408e-06,0.0
157,1.0,0.001624898443847278,3.41061e-13
158,0.0,1.7627103434225688e-05,0.0
159,0.0,4.807391845718101e-06,0.0
160,0.0,3.204927897182408e-06,0.0
161,4.0,0.0031873007937004427,2.6148e-12
162,0.0,4.807391845718101e-06,0.0
163,0.0,0.000543235278564369,0.0
164,0.0,3.204927897182408e-06,0.0
165,1.0,0.001624898443847278,3.41061e-13
166,10.0,0.0029164843863924705,25.4597
167,0.0,2.0832031331408096e-05,0.0
168,0.0,3.204927897182408e-06,0.0
169,2.0,0.001624898443847278,0
170,3.0,0.005182368409666682,2070.31
171,0.0,4.807391845718101e-06,0.0
172,0.0,2.0832031331408096e-05,0.0
173,0.0,0.0009775030086260905,0.0
174,0.0,3.204927897182408e-06,0.0
175,2.0,0.0016152836601558418,6.82121e-13
176,0.0,3.204927897182408e-06,0.0
177,0.0,4.807391845718101e-06,0.0
178,0.0,3.204927897137999e-05,0.0
179,10.0,4.807391845718101e-06,0
180,4.0,0.001753095559732687,0
181,0.0,3.204927897182408e-06,0.0
182,4073.0,0.04804667656989392,83935.8
183,1101.0,0.00343568270572836,14204.5
184,0.0,3.204927897182408e-06,0.0
185,0.0,4.807391845718101e-06,0.0
186,1.0,3.204927897182408e-06,0.0
187,2.0,3.204927897182408e-06,0.0
188,1.0,3.204927897182408e-06,0.0
189,0.0,4.807391845718101e-06,0.0
190,0.0,0.0009775030086260905,0.0
191,1.0,3.204927897182408e-06,0.0
192,1.0,3.204927897182408e-06,0.0
193,0.0,3.204927897182408e-06,0.0
194,133.0,0.003991737695881237,2438.93
195,1.0,3.204927897182408e-06,0.0
196,0.0,3.204927897182408e-06,0.0
197,16.0,0.0018412310769038154,5.16151
198,227.0,0.004469271952554199,27719.1
199,1.0,3.204927897182408e-06,0.0
200,1.0,3.204927897182408e-06,0.0
201,0.0,3.204927897182408e-06,0.0
202,2.0,3.204927897182408e-06,0.0
203,1.0,0.001624898443847278,3.41061e-13
204,71.0,0.004579841965005382,2027.1
205,1.0,3.204927897182408e-06,0.0
206,0.0,2.0832031331408096e-05,0.0
207,0.0,4.807391845718101e-06,0.0
208,1.0,3.204927897182408e-06,0.0
209,1.0,3.204927897182408e-06,0.0
210,0.0,3.204927897182408e-06,0.0
211,0.0,2.0832031331408096e-05,0.0
212,0.0,2.0832031331408096e-05,0.0
213,0.0,2.0832031331408096e-05,0.0
214,0.0,2.0832031331408096e-05,0.0
215,0.0,2.0832031331408096e-05,0.0
216,4.0,3.204927897182408e-06,0.0
217,0.0,2.0832031331408096e-05,0.0
218,0.0,0.0008380886451007097,0.0
219,1.0,3.204927897182408e-06,0.0
220,5.0,0.0006329732596841442,0
221,0.0,2.0832031331408096e-05,0.0
222,0.0,3.204927897182408e-06,0.0
223,0.0,2.0832031331408096e-05,0.0
224,0.0,3.204927897182408e-06,0.0
225,1.0,0.0018732803558751954,0
226,93.0,0.002929304097981089,1724.67
227,17.0,0.002956545985106751,138.714
228,0.0,0.0007419408081866807,0.0
229,0.0,3.204927897182408e-06,0.0
230,1.0,3.204927897182408e-06,0.0
231,1.0,3.204927897182408e-06,0.0
232,0.0,2.243449527994379e-05,0.0
233,0.0,3.204927897182408e-06,0.0
234,0.0,3.204927897182408e-06,0.0
235,0.0,2.4036959228479482e-05,0.0
236,0.0,2.4036959228479482e-05,0.0
237,0.0,3.204927897182408e-06,0.0
238,124.0,0.004352292084308873,2061.75
239,0.0,2.4036959228479482e-05,0.0
240,1.0,3.204927897182408e-06,0.0
241,0.0,2.4036959228479482e-05,0.0
242,0.0,2.8844351074197583e-05,0.0
243,0.0,2.4036959228479482e-05,0.0
244,9.0,0.002381261427571002,0.839636
245,1.0,3.204927897182408e-06,0.0
246,1.0,3.204927897182408e-06,0.0
247,0.0,4.807391845718101e-06,0.0
248,1.0,3.204927897182408e-06,0.0
249,1.0,3.204927897182408e-06,0.0
250,1.0,3.204927897182408e-06,0.0
251,1.0,0.0017979645502925745,1.59162e-12
252,0.0,2.4036959228479482e-05,0.0
253,0.0,2.4036959228479482e-05,0.0
254,0.0,2.5639423177126197e-05,0.0
255,0.0,2.4036959228479482e-05,0.0
256,0.0,4.807391845718101e-06,0.0
257,0.0,4.807391845718101e-06,0.0
258,0.0,2.5639423177126197e-05,0.0
259,0.0,4.807391845718101e-06,0.0
260,0.0,2.5639423177126197e-05,0.0
261,0.0,4.807391845718101e-06,0.0
262,0.0,2.5639423177126197e-05,0.0
263,0.0,4.807391845718101e-06,0.0
264,0.0,4.807391845718101e-06,0.0
265,0.0,4.807391845718101e-06,0.0
266,0.0,2.5639423177126197e-05,0.0
267,0.0,4.807391845718101e-06,0.0
268,0.0,2.5639423177126197e-05,0.0
269,0.0,2.5639423177126197e-05,0.0
270,0.0,2.5639423177126197e-05,0.0
271,0.0,4.807391845718101e-06,0.0
272,0.0,2.5639423177126197e-05,0.0
273,0.0,2.8844351074197583e-05,0.0
274,0.0,2.5639423177126197e-05,0.0
275,0.0,2.5639423177126197e-05,0.0
276,2.0,3.204927897182408e-06,0.0
277,7.0,0.001938981377766491,12.8129
278,0.0,4.807391845718101e-06,0.0
279,0.0,2.5639423177126197e-05,0.0
280,854.0,0.005437160177488853,2498.84
281,0.0,3.204927897182408e-06,0.0
282,0.0,0.0011441592592770222,0.0
283,6.0,0.00517115116202671,2203.76
284,0.0,2.5639423177126197e-05,0.0
285,0.0,2.5639423177126197e-05,0.0
286,0.0,2.5639423177126197e-05,0.0
287,0.0,2.5639423177126197e-05,0.0
288,0.0,2.5639423177126197e-05,0.0
289,0.0,2.5639423177126197e-05,0.0
290,0.0,3.0446815022733276e-05,0.0
291,0.0,6.409855794253794e-06,0.0
292,0.0,2.8844351074197583e-05,0.0
293,0.0,4.807391845718101e-06,0.0
294,0.0,4.807391845718101e-06,0.0
295,0.0,2.5639423177126197e-05,0.0
296,0.0,4.807391845718101e-06,0.0
297,0.0,0.0014293978421220377,0.0
298,0.0,2.8844351074197583e-05,0.0
299,11.0,0.002648872906981792,745.467
300,0.0,2.8844351074197583e-05,0.0
301,0.0,2.8844351074197583e-05,0.0
302,0.0,2.8844351074197583e-05,0.0
303,0.0,2.8844351074197583e-05,0.0
304,0.0,4.807391845718101e-06,0.0
305,0.0,2.8844351074197583e-05,0.0
306,0.0,2.8844351074197583e-05,0.0
307,0.0,4.807391845718101e-06,0.0
308,0.0,4.807391845718101e-06,0.0
309,1.0,3.204927897182408e-06,0.0
310,8.0,8.012319742789487e-06,0.0
311,0.0,3.204927897182408e-06,0.0
312,1.0,3.204927897182408e-06,0.0
313,6.0,3.204927897182408e-06,0
314,0.0,2.8844351074197583e-05,0.0
315,0.0,4.807391845718101e-06,0.0
316,0.0,2.8844351074197583e-05,0.0
317,1.0,3.204927897182408e-06,0.0
318,0.0,2.8844351074197583e-05,0.0
319,0.0,4.807391845718101e-06,0.0
320,0.0,3.204927897137999e-05,0.0
321,1029.0,0.021532308076898987,47550.3
322,783.0,0.025971133214430453,23630.6
323,2.0,0.001705021641275617,1.59162e-12
324,0.0,2.8844351074197583e-05,0.0
325,250.0,0.005026929406655722,5800.0
326,1.0,3.204927897182408e-06,0.0
327,0.0,3.204927897182408e-06,0.0
328,0.0,4.807391845718101e-06,0.0
329,109.0,0.005238454647866542,2338.38
330,0.0,4.807391845718101e-06,0.0
331,2.0,3.204927897182408e-06,0.0
332,5.0,3.204927897182408e-06,0
333,0.0,3.3651742919915684e-05,0.0
334,2.0,0.001672972362304237,1.13687e-12
335,0.0,3.5254206868451377e-05,0.0
336,1.0,3.204927897182408e-06,0.0
337,0.0,0.0008380886451007097,0.0
338,0.0,4.807391845718101e-06,0.0
339,0.0,4.807391845718101e-06,0.0
340,13.0,0.0027562379915357926,48.4689
341,900.0,0.07614588190802174,64006.1
342,285.0,0.003520613295002417,1188.38
343,0.0,0.0014358076979162915,0.0
344,108.0,0.0066438155307601,3921.62
345,0.0,4.807391845718101e-06,0.0
346,0.0,4.807391845718101e-06,0.0
347,0.0,4.807391845718101e-06,0.0
348,0.0,4.807391845718101e-06,0.0
349,0.0,4.807391845718101e-06,0.0
350,0.0,4.807391845718101e-06,0.0
351,3.0,0.002881230179524019,625.0
352,28.0,0.001624898443847278,0
353,144.0,0.10200644511000112,65622.4
354,367.0,0.005326590165037781,2686.88
355,0.0,0.001427795378173502,0.0
356,143.0,0.003222555000568894,1661.92
357,297.0,0.006397036082680718,2800.94
358,122.0,0.0027690577031243002,296.578
359,1095.0,0.008964183328285524,23153.4
360,16.0,0.0011714011464026841,0.0
361,83.0,0.0025431102863763266,24.7542
362,471.0,0.0030991652765292033,2649.08
363,0.0,0.0009919251841631338,0.0
364,32.0,0.001624898443847278,0
365,300.0,0.003095960348632021,315.454
366,108.0,0.002813926693684188,81.6766
367,25.0,6.409855794253794e-06,1.0
368,0.0,4.807391845718101e-06,0.0
369,46.0,0.0027305985683586664,4.41536
370,69.0,0.006433892753497816,3018.17
371,0.0,0.0012018479614255284,0.0
372,22.0,0.004868285475747469,1415.28
373,76.0,0.002866808003986976,241.585
374,30.0,0.001624898443847278,0
375,341.0,0.004224094968423464,1516.96
376,26.0,0.00363919562719639,847.629
377,0.0,3.204927897182408e-06,0.0
378,2.0,0.002039936606526238,0.219231
379,0.0,0.0011649912906084303,0.0
380,30.0,0.002903664674803963,928.23
381,0.0,6.0893630045577574e-05,0.0
382,0.0,4.807391845718101e-06,0.0
383,258.0,0.007384153874998245,11776.7
384,140.0,0.0028155291576327235,101.772
385,239.0,0.0030494888941235976,1697.61
386,47.0,0.008502673711098141,5069.19
387,30.0,0.0016184885880530242,2.27374e-13
388,54.0,0.00343568270572836,1345.54
389,0.0,0.0011714011464026841,0.0
390,32.0,0.0025751595653477066,0.486278
391,85.0,0.0035943266366365023,1451.71
392,738.0,0.012095397883786108,15350.0
393,21.0,0.0027690577031243002,0.436535
394,425.0,0.00363919562719639,3206.87
395,2.0,0.0018332187571610259,5.92714
396,0.0,0.0011425567953284865,0.0
397,156.0,0.003341137332762867,954.332
398,0.0,1.1217247639971895e-05,0.0
399,2.0,0.0016056688764644056,0
400,11.0,0.003520613295002417,749.944
401,4.0,0.0028107217657871164,7.95808e-13
402,0.0,0.0011970405695798103,0.0
403,400.0,0.003653617802733433,1365.55
404,7.0,0.0016056688764644056,5.68434e-14
405,3.0,0.001753095559732687,13.1764
406,694.0,0.006921041793862215,9792.22
407,180.0,0.012893424930172648,7868.84
408,0.0,0.0012066553532711355,0.0
409,19.0,0.002546315214273509,0.652888
410,44.0,3.204927897182408e-06,0
411,0.0,0.000996732576008852,0.0
412,21.0,0.0016184885880530242,0
413,24.0,0.0016232959798987423,2.84217e-14
414,466.0,3.204927897182408e-06,8.02136e-15
415,0.0,3.204927897182408e-06,0.0
416,5.0,0.0016056688764644056,0
417,72.0,0.0043603044040516625,1793.78
418,8.0,0.0016056688764644056,0
419,76.0,0.0016184885880530242,1.20792e-12
420,22.0,0.0016184885880530242,0
421,244.0,0.0032257599284659655,8381.68
422,23.0,0.0016184885880530242,0
423,4.0,0.0016489354030757575,1.08002e-12
424,22.0,0.0016184885880530242,0
425,0.0,0.00047112440087881957,0.0
426,35.0,0.002184158361897226,103.811
427,0.0,4.166406266270517e-05,0.0
428,10.0,0.002525483182942101,5.41786
429,21.0,0.0016184885880530242,0
430,0.0,3.8459134765633785e-05,0.0
431,115.0,0.003932446529784195,4743.58
432,11.0,0.002802709446044216,155.84
433,167.0,0.003708101576984757,1324.3
434,18.0,0.003953278561115603,877.844
435,7.0,0.002062371101806182,52.12
436,28.0,0.002898857282958245,15.6831
437,268.0,0.01560158900325137,11917.6
438,1706.0,0.005159933914386738,10485.8
439,293.0,0.007281596182289851,3354.69
440,6.0,0.0023572244683425225,3.82087
441,5.0,0.0029373164177238786,6.48889
442,3.0,0.00198705529622345,1.13687e-13
443,0.0,2.724188712566189e-05,0.0
444,10.0,0.0027610453833815107,3.55946
445,22.0,0.0016184885880530242,0
446,22.0,0.0016184885880530242,0
447,55.0,0.0030510913580721333,174.169
448,47.0,0.0016184885880530242,0
449,3.0,0.0023668392520339587,1.02318e-12
450,23.0,0.0016184885880530242,0
451,72.0,0.0016184885880530242,1.98952e-13
452,0.0,0.00011537740429690135,0.0
453,1.0,0.0016441280112300394,3.41061e-13
454,115.0,0.0054307503216946,2744.94
455,47.0,0.003057501213866387,185.634
456,20.0,0.0016056688764644056,1.7053e-13
457,0.0,0.0009887202562660624,0.0
458,0.0,0.0009887202562660624,0.0
459,33.0,0.002519073327147847,7.85651
460,9.0,0.0022979333022454806,14.7422
461,0.0,0.0011681962185056127,0.0
462,0.0,0.0012066553532711355,0.0
463,11.0,0.004065451037515322,810.882
464,39.0,0.00303666918253509,47.5809
465,0.0,0.0009887202562660624,0.0
466,0.0,0.0012066553532711355,0.0
467,21.0,0.00303666918253509,37.8267
468,11.0,0.0033058831258944155,638.399
469,0.0,0.0014181805944820658,0.0
470,52.0,0.001150569115071387,0.0
471,0.0,0.0009887202562660624,0.0
472,1.0,0.0011681962185056127,0.0015528
473,48.0,0.0026729098662102713,12.005
474,0.0,0.001134544475585697,0.0
475,0.0,0.0014181805944820658,0.0
476,25.0,0.002844373508707032,416.77
477,0.0,0.0009887202562660624,0.0
478,3.0,0.002339597364908297,5.41032
479,0.0,0.0011441592592770222,0.0
480,13.0,0.0026280408756503837,3.97904e-13
481,93.0,0.0022706914151199298,452.595
482,7.0,0.0016184885880530242,0
483,99.0,0.008715801416257607,5153.42
484,1.0,3.204927897182408e-06,0.0
485,0.0,6.409855794253794e-06,0.0
486,296.0,0.0016216935159500956,0
487,8.0,0.0024165156344395644,14.0453
488,1.0,0.0015575949580074466,0
489,3.0,0.0016425255472815037,0
490,5.0,0.0016152836601558418,0
491,17.0,0.0013092130459795293,0
492,18.0,0.0015575949580074466,7.38964e-13
493,107.0,0.00278508234260999,45.2697
494,0.0,0.00048073918457014475,0.0
495,0.0,3.204927897182408e-06,0.0
496,2.0,0.0017178413528641245,0
497,2.0,0.0027738650949700183,7.95808e-13
498,23.0,0.0016072713404130523,5.40012e-13
499,8.0,0.0016120787322587704,1.02318e-12
500,6.0,0.0009999375039060343,6.92779e-14
501,0.0,0.0001922956738280579,0.0
502,10.0,0.002104035164468887,48.9953
503,6.0,0.001826808901366772,35.2765
504,0.0,0.0012066553532711355,0.0
505,1.0,0.0017643128073726588,0.00445467
506,4.0,3.204927897182408e-06,0.0
507,3.0,0.001961415873046435,0
508,4.0,3.204927897182408e-06,0.0
509,22.0,0.0016152836601558418,2.55795e-13
510,0.0,0.0009246216983233024,0.0
511,11.0,0.0014197830584306015,0.134487
512,0.0,0.000772387623209414,0.0
513,0.0,0.0014181805944820658,0.0
514,0.0,0.0014374101618649382,0.0
515,91.0,0.0036135562040192637,698.592
516,0.0,0.0012499218798824874,0.0
517,0.0,0.0014181805944820658,0.0
518,0.0,0.0012499218798824874,0.0
519,1.0,0.0014197830584306015,0.00243985
520,4.0,0.001608873804361588,1.13687e-12
521,0.0,0.0012002454974768817,0.0
522,3.0,0.0026280408756503837,1.53906
523,0.0,0.0010912779489743452,0.0
524,5.0,0.0016152836601558418,0
525,0.0,3.204927897137999e-05,0.0
526,0.0,0.0010560237421058938,0.0
527,0.0,0.0008829576356605973,0.0
528,0.0,0.001134544475585697,0.0
529,0.0,0.001134544475585697,0.0
530,0.0,0.001134544475585697,0.0
531,0.0,0.0008877650275063154,0.0
532,0.0,0.0014358076979162915,0.0
533,0.0,0.0011697986824541484,0.0
534,0.0,0.0001922956738280579,0.0
535,22.0,0.0035142034392081634,507.092
536,2.0,0.002060768637857535,0
537,21.0,0.0029421238095695967,81.9504
538,19.0,0.00023556220043940979,2.4869e-14
539,9.0,0.0014902914721676153,0.0
540,19.0,0.0025222782550449185,0
541,27.0,0.0020575637099604638,0.0625
542,13.0,0.00023556220043940979,0
543,0.0,0.0011569789708656408,0.0
544,19.0,0.0016056688764644056,0.0
545,0.0,0.0003958085952960877,0.0
546,44.0,0.0027450207438958207,198.192
547,11.0,0.0018732803558751954,0.166208
548,3.0,0.001991862688069168,0.171526
549,0.0,0.0004374726579589039,0.0
550,25.0,0.0024181180983881,108.043
551,2.0,0.001794759622395392,1.25056e-12
552,1.0,0.0015992590206701518,0.247725
553,1.0,0.0016072713404130523,2.72848e-12
554,11.0,0.0027514305996900745,1.56189
555,13.0,0.0027514305996900745,5.40012e-13
556,0.0,0.0011569789708656408,0.0
557,1.0,0.0013444672528479806,0.0
558,5.0,0.002898857282958245,263.745
559,0.0,0.0011569789708656408,0.0
560,4.0,0.0027514305996900745,0
561,1.0,0.0016024639485673342,0.247725
562,7.0,0.0012451144880367693,1.7053e-13
563,21.0,0.0026969468254387507,0
564,0.0,0.0002083203133137479,0.0
565,14.0,0.0016024639485673342,0
566,0.0,0.0006041289086098356,0.0
567,1.0,0.0015624023498531647,3.41061e-13
568,5.0,0.0015800294532873904,3.41061e-13
569,0.0,0.0002531893038736355,0.0
570,22.0,0.0015800294532873904,0
571,635.0,0.003357161972248557,898.323
572,0.0,0.00029966075838205875,0.0
573,15.0,1.6024639485356929e-06,0.0
574,10.0,1.6024639485356929e-06,0.0
575,2.0,0.0018123867258296178,0.0
576,4.0,0.0028571932202955397,3.15242
577,0.0,0.0014358076979162915,0.0
578,1.0,0.00157201713354449,0.0
579,1.0,0.0016024639485673342,5.45697e-12
580,0.0,0.0011714011464026841,0.0
581,1.0,3.204927897182408e-06,0.0
582,0.0,0.001177811002196938,0.0
583,7.0,0.002168133722411536,0.781941
584,1.0,3.204927897182408e-06,0.0
585,0.0,0.001193835641682628,0.0
586,0.0,3.204927897182408e-06,0.0
587,0.0,0.0008829576356605973,0.0
588,0.0,3.204927897182408e-06,0.0
589,17.0,0.004148779162840732,1000.06
590,40.0,0.00157201713354449,8.2423e-13
591,11.0,0.003589519244790784,883.29
592,54.0,0.00023556220043940979,1.68754e-14
593,0.0,0.0011393518674314151,0.0
594,55.0,0.00157201713354449,0
595,0.0,0.0011393518674314151,0.0
596,14.0,3.204927897182408e-06,0
597,0.0,0.0006858545699868213,0.0
598,16.0,0.006360179411863731,5342.63
599,20.0,0.0015864393090816442,3.41061e-13
600,30.0,0.0015864393090816442,1.08002e-12
601,25.0,1.6024639485356929e-06,0.0
602,2.0,4.807391845718101e-06,0.0
603,1.0,0.00157201713354449,0
604,10.0,0.0015800294532873904,4.54747e-13
605,5.0,4.807391845718101e-06,0.0
606,6.0,0.0018284113653153078,20.4805
607,9.0,0.002241847064045621,185.291
608,64.0,0.0024052983867995925,8.38599
609,36.0,0.002204990393228634,11.4565
610,9.0,0.001544775246418939,0
611,10.0,0.0027193813207186945,0.465208
612,61.0,0.0030382716464836257,162.61
613,9.0,0.0025559299979648342,0
614,5.0,0.0024629870889479877,6.53699e-13
615,0.0,0.0008637280682778359,0.0
616,1.0,0.0015800294532873904,0
617,30.0,0.003063911069660752,283.762
618,0.0,0.0009182118425290486,0.0
619,0.0,0.00048073918457014475,0.0
620,0.0,0.0009166093785805129,0.0
621,0.0,0.0011008927326657814,0.0
622,21.0,0.001890907459309421,0
623,1.0,0.0018796902116694492,0
624,0.0,0.00025479176782217117,0.0
625,3.0,0.00023556220043940979,1.42109e-14
626,10.0,0.001996670079914886,50.4825
627,10.0,0.0015800294532873904,0
628,0.0,0.00025959915966788927,0.0
629,0.0,0.00029966075838205875,0.0
630,6.0,0.00157201713354449,1.13687e-13
631,5.0,0.0027081640730787226,3.04202
632,5.0,0.0012451144880367693,7.1998e-13
633,12.0,0.00157201713354449,1.13687e-13
634,3.0,0.0021296745876460133,5.68434e-13
635,6.0,0.00157201713354449,4.54747e-13
636,1.0,0.00023556220043940979,0.0
637,3.0,0.00157201713354449,0
638,0.0,0.0006954693536782575,0.0
639,7.0,0.002690536969644497,4.64021
640,1.0,0.00157201713354449,0
641,54.0,0.0027834798786614545,340.238
642,0.0,0.00030126322233070546,0.0
643,0.0,0.0010448064944659219,0.0
644,0.0,0.0011329420116370503,0.0
645,10.0,1.6024639485356929e-06,0.0
646,0.0,0.00030446815022777685,0.0
647,1.0,0.002273896343017001,9.09495e-13
648,0.0,0.00029966075838205875,0.0
649,3.0,0.0021809534340001546,191.0
650,2.0,0.001854050788492434,5.68434e-13
651,5.0,0.001874882819823731,2.55795e-12
652,108.0,0.002685729577798779,385.724
653,0.0,0.00103358924682595,0.0
654,11.0,0.002419720562336636,32.3028
655,0.0,0.00031087800602203064,0.0
656,1.0,0.0015688122056474185,0
657,9.0,0.0015672097416988828,6.82121e-13
658,26.0,0.002754635527587257,20.2398
659,5.0,0.0021697361863601827,8.2791
660,1.0,3.204927897182408e-06,0.0
661,88.0,0.002333187509114043,352.36
662,3.0,0.001560799885904518,0
663,2.0,0.00225466677563424,0.0
664,3.0,0.0025286881108391723,4.0
665,1.0,0.00023556220043940979,0.0
666,3.0,3.204927897182408e-06,0
667,11.0,0.0015672097416988828,0
668,0.0,0.00032530018155918494,0.0
669,0.0,0.0008541132845863997,0.0
670,0.0,0.00033491496525062114,0.0
671,0.0,0.00033491496525062114,0.0
672,0.0,0.00033491496525062114,0.0
673,0.0,0.00033811989314769253,0.0
674,0.0,0.0014181805944820658,0.0
675,4.0,0.00265368029882751,2.72848e-12
676,5.0,0.002435745201822326,7.08232
677,4.0,3.204927897182408e-06,0.0
678,26.0,0.001560799885904518,5.11591e-13
679,139.0,0.006344154772378041,3824.64
680,3.0,0.0024742043365879596,0.541911
681,2.0,0.0018476409326980692,0
682,5.0,0.0015511851022131928,0
683,38.0,0.004775342566730623,1432.64
684,2.0,0.0015063161116533053,7.95808e-13
685,0.0,0.00029966075838205875,0.0
686,2.0,3.204927897182408e-06,0.0
687,0.0,0.000905392130940541,0.0
688,4.0,0.0023203677975254244,0
689,38.0,0.0022130027129714236,148.285
690,4.0,0.0021665312584630003,0
691,0.0,0.0004374726579589039,0.0
692,5.0,0.002828348869221342,6.67472
693,4.0,0.0018925099232579567,0
694,0.0,0.00034292728499341063,0.0
695,3.0,0.002088010524983197,0
696,2.0,0.002700151753335933,3.90644
697,0.0,0.0003845913476561158,0.0
698,7.0,0.0021921706816401265,0.0149254
699,23.0,0.003410043282551234,915.492
700,2.0,3.204927897182408e-06,0.0
701,0.0,0.0011329420116370503,0.0
702,13.0,0.002525483182942101,4.82179
703,14.0,0.003068718461506359,372.0
704,1.0,0.0015591974219559823,0
705,5.0,0.002172941114257254,2.1737
706,0.0,0.0003893987395018339,0.0
707,0.0,0.0011746060742998665,0.0
708,2.0,0.0015511851022131928,0
709,1.0,0.001411770738687812,9.09495e-13
710,1.0,0.001411770738687812,9.09495e-13
711,0.0,0.0003845913476561158,0.0
712,0.0,0.000410230770833242,0.0
713,0.0,0.001097687804768599,0.0
714,2.0,0.0015511851022131928,0
715,2.0,0.001022371999185978,1.13687e-13
716,0.0,0.0008877650275063154,0.0
717,0.0,0.0008877650275063154,0.0
718,0.0,0.0010287818549802319,0.0
719,0.0,0.0003893987395018339,0.0
720,32.0,0.002855590756347004,1690.26
721,2.0,0.0015207382871903485,0
722,2.0,3.204927897182408e-06,0.0
723,7.0,0.002951738593261033,4.37606
724,4.0,0.0014614471210934177,1.02318e-12
725,1.0,0.0019421863056635624,0
726,3.0,0.002701754217284469,5.22959e-12
727,50.0,0.0015351604627275028,1.7053e-13
728,2.0,4.807391845718101e-06,0.0
729,0.0,3.204927897182408e-06,0.0
730,0.0,0.00031728786181628443,0.0
731,4.0,0.0034164531383454877,842.749
732,2.0,0.0015383653906245742,6.13909e-12
733,2.0,0.001955006017252181,1.19371e-12
734,3.0,0.0015319555348303204,0.0
735,13.0,0.001491893936116151,6.82232e-14
736,9.0,0.0024966388318679034,0
737,0.0,0.000607333836507018,0.0
738,2.0,3.204927897182408e-06,0.0
739,1.0,0.0015383653906245742,0
740,6.0,0.00243414273787379,6.22742
741,14.0,0.00219056821769148,7.57894e-13
742,0.0,3.204927897182408e-06,0.0
743,1.0,0.0008348837172035273,0.0
744,1.0,0.0016665625065099832,518.0
745,2.0,0.0014710619047847429,0
746,6.0,0.0020751908133946895,0.5
747,2.0,0.0015511851022131928,0.0
748,2.0,1.6024639485356929e-06,0.0
749,3.0,0.0015383653906245742,2.6148e-12
750,1.0,0.0015511851022131928,0
751,1.0,0.0015383653906245742,0
752,3.0,0.0021232647318516484,5.00573
753,4.0,1.6024639485356929e-06,0.0
754,0.0,0.0012066553532711355,0.0
755,12.0,0.0015431727824702923,0.460796
756,0.0,8.332812532552136e-05,0.0
757,0.0,8.332812532552136e-05,0.0
758,0.0,8.332812532552136e-05,0.0
759,0.0,8.332812532552136e-05,0.0
760,0.0,8.332812532552136e-05,0.0
761,0.0,8.332812532552136e-05,0.0
762,0.0,8.332812532552136e-05,0.0
763,0.0,8.332812532552136e-05,0.0
764,0.0,8.332812532552136e-05,0.0
765,0.0,8.332812532552136e-05,0.0
766,0.0,8.332812532552136e-05,0.0
767,2.0,8.493058927405706e-05,0.0
768,0.0,8.332812532552136e-05,0.0
769,0.0,8.332812532552136e-05,0.0
770,0.0,8.332812532552136e-05,0.0
771,0.0,8.332812532552136e-05,0.0
772,0.0,8.332812532552136e-05,0.0
773,45.0,0.002257871703531311,21.8408
774,0.0,8.332812532552136e-05,0.0
775,0.0,8.332812532552136e-05,0.0
776,0.0,8.332812532552136e-05,0.0
777,0.0,8.332812532552136e-05,0.0
778,0.0,8.332812532552136e-05,0.0
779,0.0,0.001166593754556966,0.0
780,0.0,8.332812532552136e-05,0.0
781,0.0,8.332812532552136e-05,0.0
782,0.0,8.332812532552136e-05,0.0
783,1.0,0.0015143284313960947,0
784,2.0,0.00197103065673776,3.41061e-13
785,0.0,0.0008461009648434992,0.0
786,18.0,0.0029341114898268073,3.58582
787,0.0,0.0004374726579589039,0.0
788,0.0,0.0004374726579589039,0.0
789,0.0,0.0011649912906084303,0.0
790,4.0,0.002594389132730468,9.09495e-13
791,4.0,3.204927897182408e-06,0.0
792,3.0,0.001950198625406463,1.19371e-12
793,12.0,0.004310628021646057,1562.0
794,2.0,0.001991862688069168,0
795,15.0,0.0017066241052241526,81.7154
796,2.0,0.0015207382871903485,1.59162e-12
797,1.0,0.0015063161116533053,0
798,0.0,0.0004502923695474115,0.0
799,0.0,0.000442280049804622,0.0
800,3.0,0.001390938707356404,1.13687e-13
801,0.0,0.0004550997613931296,0.0
802,1.0,3.204927897182408e-06,0.0
803,0.0,0.0014245904502763196,0.0
804,0.0,0.0005624648459471304,0.0
805,1.0,0.00023556220043940979,0.0
806,9.0,0.0019838503683263786,0
807,4.0,0.002807516837889934,637.387
808,2.0,0.0019453912335607448,66.297
809,0.0,9.614783691436202e-06,0.0
810,0.0,1.6024639485689995e-05,0.0
811,2.0,0.0021825558979486903,902.0
812,0.0,1.6024639485689995e-05,0.0
813,0.0,9.614783691436202e-06,0.0
814,0.0,1.6024639485689995e-05,0.0
815,0.0,0.0008444985008949635,0.0
816,0.0,1.6024639485689995e-05,0.0
817,2.0,0.002028719358886266,3.83333
818,0.0,1.6024639485689995e-05,0.0
819,0.0,9.614783691436202e-06,0.0
820,0.0,1.6024639485689995e-05,0.0
821,1.0,0.0007483506639809345,5.68434e-14
822,0.0,9.614783691436202e-06,0.0
823,0.0,9.614783691436202e-06,0.0
824,0.0,9.614783691436202e-06,0.0
825,0.0,1.6024639485689995e-05,0.0
826,0.0,1.6024639485689995e-05,0.0
827,1.0,0.0007371334163409626,1.13687e-13
828,0.0,1.7627103434225688e-05,0.0
829,0.0,9.614783691436202e-06,0.0
830,0.0,1.6024639485689995e-05,0.0
831,0.0,6.409855794253794e-06,0.0
832,4.0,0.0014374101618649382,0.887324
833,1.0,1.7627103434225688e-05,0.5
834,3.0,0.0019566084812007167,0
835,1.0,3.204927897182408e-06,0.0
836,6.0,0.0015047136477046585,3.41061e-13
837,2.0,0.0020799982052404076,0
838,2.0,0.0007435432721352164,5.68434e-14
839,1.0,1.6024639485356929e-06,0.0
840,1.0,0.0007275186326495264,1.13687e-13
841,1.0,0.0014518323374019815,452.0
842,3.0,0.001496701327961869,1.13687e-13
843,0.0,0.00044708744165022907,0.0
844,1.0,0.001496701327961869,0.0
845,0.0,0.0008172566137693016,0.0
846,2.0,0.001496701327961869,0
847,2.0,0.0015015087198075872,1.93268e-12
848,2.0,0.001507918575601841,2.27374e-13
849,5.0,0.0015047136477046585,0
850,2.0,0.001496701327961869,0
851,1.0,0.0015015087198075872,0
852,1.0,0.001496701327961869,0.0
853,4.0,0.0014934964000646866,0
854,1.0,0.001966223264892153,1.59162e-12
855,2.0,0.0019630183369949705,30.0603
856,2.0,0.001950198625406463,0
857,1.0,0.001966223264892153,1.81899e-12
858,0.0,0.0010255769270830495,0.0
859,0.0,0.0014181805944820658,0.0
860,38.0,0.004265759031086169,1331.08
861,1.0,3.204927897182408e-06,0.0
862,16.0,0.00263765565934182,0
863,11.0,0.003132817019449119,379.041
864,21.0,0.0026504753709303275,4.54779
865,1.0,0.002695344361490215,0
866,0.0,0.0008861625635577797,0.0
867,4.0,0.00023556220043940979,1.42109e-14
868,1.0,0.0014726643687333896,0
869,16.0,0.003158456442626134,1024.4
870,2.0,0.001491893936116151,0.0
871,2.0,0.0019582109451492524,17.5982
872,29.0,0.0019998750078119576,0
873,7.0,0.002264281559325565,308.235
874,0.0,0.0012066553532711355,0.0
875,0.0,0.0012066553532711355,0.0
876,1.0,0.001491893936116151,0.0
877,3.0,0.0026184260919589475,0
878,0.0,0.0010560237421058938,0.0
879,0.0,0.000511185999592989,0.0
880,5.0,0.0026665000104160175,26.3529
881,0.0,0.0007179038489582013,0.0
882,1.0,1.6024639485356929e-06,0.0
883,1.0,0.001411770738687812,0
884,2.0,0.001491893936116151,0
885,0.0,0.0011858233219398384,0.0
886,3.0,0.001491893936116151,2.27374e-13
887,4.0,0.001491893936116151,0
888,6.0,0.001491893936116151,0
889,1.0,0.001491893936116151,0.0
890,2.0,0.0019886577601719857,23.2891
891,3.0,0.0014886890082190796,2.50111e-12
892,1.0,3.204927897182408e-06,0.0
893,2.0,0.00023556220043940979,0.0
894,1.0,1.6024639485356929e-06,0.0
895,0.0,0.000527210639078679,0.0
896,2.0,0.0020110922554519295,24.1335
897,1.0,0.0014774717605791077,0
898,0.0,0.000607333836507018,0.0
899,7.0,0.0014774717605791077,1.13687e-13
900,2.0,0.0014774717605791077,0.0
901,4.0,3.204927897182408e-06,0.0
902,1.0,0.001390938707356404,5.68434e-13
903,4.0,0.0025286881108391723,4.8829
904,2.0,0.001443820017659192,0
905,0.0,0.0005576574541014123,0.0
906,0.0,0.0011970405695798103,0.0
907,0.0,0.0011425567953284865,0.0
908,8.0,0.002620028555907594,1.81104
909,8.0,0.0027514305996900745,660.024
910,0.0,3.204927897182408e-06,0.0
911,0.0,0.001134544475585697,0.0
912,0.0,0.0006489978991697232,0.0
913,5.0,0.0019165468824865473,0
914,8.0,0.002647270443033256,4.36984e-13
915,2.0,0.001443820017659192,0
916,0.0,2.0832031331408096e-05,0.0
917,1.0,0.0018492433966467159,0.0
918,0.0,3.204927897182408e-06,0.0
919,14.0,0.0025559299979648342,39.5152
920,0.0,0.0014181805944820658,0.0
921,8.0,0.0025078560795078753,1.22926
922,0.0,0.0005624648459471304,0.0
923,255.0,0.006392228690835,4652.25
924,2.0,0.001996670079914886,0
925,5.0,6.409855794253794e-06,0
926,0.0,3.204927897182408e-06,0.0
927,4.0,0.0019838503683263786,1.93268e-12
928,0.0,0.0011040976605628527,0.0
929,0.0,0.0014358076979162915,0.0
930,2.0,0.0020367316786290557,2.84217e-12
931,0.0,0.0005720796296385666,0.0
932,1.0,3.204927897182408e-06,0.0
933,5.0,0.00258958174088475,0
934,0.0,3.204927897182408e-06,0.0
935,0.0,0.0005624648459471304,0.0
936,2.0,0.0019534035533035343,390.445
937,0.0,0.0005624648459471304,0.0
938,0.0,0.0006954693536782575,0.0
939,0.0,0.0005720796296385666,0.0
940,0.0,0.0010143596794430776,0.0
941,0.0,0.000495161360107299,0.0
942,0.0,0.0005720796296385666,0.0
943,2.0,0.0005768870214842847,0.333333
944,0.0,0.0005720796296385666,0.0
945,0.0,0.0005720796296385666,0.0
946,2.0,0.001539967854573221,1.44023
947,6.0,0.0022402446000970855,0
948,1.0,0.0023684417159824944,0
949,1.0,0.001959813409097788,1.13687e-13
950,0.0,0.0012066553532711355,0.0
951,0.0,0.000575284557535638,0.0
952,0.0,0.0006650225386554132,0.0
953,10.0,0.0014197830584306015,0
954,1.0,0.0013893362434078682,0.0
955,0.0,0.0005800919493813561,0.0
956,0.0,0.0009566709772946824,0.0
957,0.0,0.0011842208579913027,0.0
958,6.0,0.002419720562336636,2.84217e-13
959,0.0,0.0005800919493813561,0.0
960,1.0,0.0019886577601719857,1.81899e-12
961,4.0,0.002078395741291761,0
962,0.0,0.0005624648459471304,0.0
963,4.0,0.002142494299234521,1.08002e-12
964,1.0,3.204927897182408e-06,0.0
965,3.0,0.0025815694211419604,361.0
966,1.0,0.0014181805944820658,0
967,4.0,0.00240209345890241,1.02318e-12
968,1.0,0.0013893362434078682,0.0
969,5.0,0.0022931259103998736,0
970,2.0,0.0007595679116209064,0
971,4.0,0.0014101682747392763,0
972,3.0,0.001411770738687812,0
973,1.0,0.001406963346842094,0
974,0.0,0.0005993215167642285,0.0
975,1.0,0.0014101682747392763,1.81899e-12
976,0.0,0.000559259918049948,0.0
977,1.0,0.0014101682747392763,1.81899e-12
978,0.0,0.0005832968772785385,0.0
979,3.0,0.0016954068575841807,2.09129
980,4.0,0.0014101682747392763,0
981,0.0,0.0007066866013182294,0.0
982,2.0,0.0013941436352535863,0
983,0.0,0.0009759005446774438,0.0
984,0.0,0.001134544475585697,0.0
985,0.0,0.0005816944133298918,0.0
986,0.0,0.0007547605197751883,0.0
987,8.0,0.0025927866687819323,62.5139
988,0.0,0.0011057001245114995,0.0
989,2.0,0.0019742355846349424,0.00444444
990,0.0,0.0005961165888670461,0.0
991,0.0,0.0010592286700029652,0.0
992,4.0,0.0019838503683263786,0
993,0.0,3.204927897182408e-06,0.0
994,0.0,3.204927897182408e-06,0.0
995,0.0,3.204927897182408e-06,0.0
996,2.0,0.0013973485631506577,2.16005e-12
997,1.0,0.001993465152017704,0
998,0.0,0.0005881042691242566,0.0
999,5.0,0.0024966388318679034,3.41061e-13
1000,0.0,0.0005816944133298918,0.0
1001,1.0,0.002025514430989084,0.142857
1002,0.0,0.0005816944133298918,0.0
1003,0.0,0.0006329732596841442,0.0
1004,4.0,0.001993465152017704,0
1005,0.0,0.0006041289086098356,0.0
1006,1.0,0.0013733116039221782,1.13687e-13
1007,6.0,0.003922831746092759,854.0
1008,0.0,0.000655407754964088,0.0
1009,0.0,0.000607333836507018,0.0
1010,4.0,0.0020479489262690276,2.98076
1011,0.0,0.0005384278867186509,0.0
1012,0.0,0.0006329732596841442,0.0
1013,0.0,0.0008829576356605973,0.0
1014,1.0,0.0013877337794593325,1.13687e-13
1015,0.0,0.0006361781875812156,0.0
1016,1.0,0.0019902602241206324,1.59162e-12
1017,1.0,0.0013685042120764601,0.0
1018,2.0,0.002733803496255849,852.0
1019,2.0,0.0023892737473139025,1.13687e-13
1020,1.0,3.204927897182408e-06,0.0
1021,0.0,3.204927897182408e-06,0.0
1022,0.0,0.0005608623819985947,0.0
1023,1.0,0.0013781189957678963,3.41061e-13
1024,0.0,4.807391845718101e-06,0.0
1025,0.0,4.807391845718101e-06,0.0
1026,1.0,0.001959813409097788,18.7846
1027,1.0,0.0013669017481279244,3.41061e-13
1028,1.0,0.00023556220043940979,0.0
1029,0.0,0.0007515555918781169,0.0
1030,1.0,0.0013781189957678963,1.59162e-12
1031,6.0,1.6024639485356929e-06,0.0
1032,1.0,3.204927897182408e-06,0.0
1033,0.0,4.807391845718101e-06,0.0
1034,2.0,4.807391845718101e-06,0.0
1035,1.0,3.204927897182408e-06,0.0
1036,2.0,0.0022706914151199298,1.81899e-12
1037,3.0,0.001966223264892153,0
1038,15.0,0.0025703521735019885,26.6278
1039,3.0,0.00201910457519483,0
1040,3.0,0.001966223264892153,1.0739
1041,0.0,0.0006650225386554132,0.0
1042,3.0,0.002339597364908297,1319.39
1043,1.0,0.0020271168949376195,3.41061e-13
1044,3.0,0.0020319242867833376,130.548
1045,84.0,0.0036792572259105594,1696.64
1046,1.0,0.0019854528322749143,0.0
1047,0.0,0.0009614783691404005,0.0
1048,0.0,0.0008861625635577797,0.0
1049,0.0,0.0006666250026039489,0.0
1050,5.0,0.002552725070067763,0.0560336
1051,2.0,0.0020207070391433657,1.93268e-12
1052,1.0,3.204927897182408e-06,0.0
1053,0.0,3.204927897182408e-06,0.0
1054,0.0,0.0005384278867186509,0.0
1055,0.0,0.0009614783691404005,0.0
1056,0.0,0.000740338344238145,0.0
1057,0.0,0.001134544475585697,0.0
1058,6.0,0.002009489791503394,0.153846
1059,2.0,0.0018460384687495335,2.41259
1060,0.0,0.0006105387644042004,0.0
1061,0.0,0.0006105387644042004,0.0
1062,0.0,0.0006105387644042004,0.0
1063,0.0,0.0006105387644042004,0.0
1064,0.0,0.0006105387644042004,0.0
1065,1.0,3.204927897182408e-06,0.0
1066,1.0,3.204927897182408e-06,0.0
1067,0.0,3.204927897182408e-06,0.0
1068,0.0,0.0006842521060382856,0.0
1069,0.0,0.0006842521060382856,0.0
1070,0.0,0.0006730348583983137,0.0
1071,1.0,0.002023911967040548,0
1072,1.0,0.0013092130459795293,2.27374e-13
1073,1.0,0.0013540820365394168,0
1074,2.0,4.807391845718101e-06,0.0
1075,0.0,3.204927897182408e-06,0.0
1076,1.0,0.0013092130459795293,2.27374e-13
1077,0.0,0.0011393518674314151,0.0
1078,3.0,3.204927897182408e-06,0
1079,10.0,0.0026408605872388913,2.27374e-13
1080,7.0,0.0034485024173168677,900.642
1081,0.0,0.0011393518674314151,0.0
1082,1.0,0.002092817916828915,2.27374e-13
1083,2.0,3.204927897182408e-06,0.0
1084,6.0,0.002092817916828915,4.13095
1085,5.0,0.0020207070391433657,0
1086,0.0,3.204927897182408e-06,0.0
1087,0.0,3.204927897182408e-06,0.0
1088,1.0,0.0013396598610022625,9.09495e-13
1089,1.0,0.0013220327575680368,6.82121e-13
1090,2.0,0.0013092130459795293,0
1091,4.0,0.0013252376854652193,0
1092,0.0,3.204927897182408e-06,0.0
1093,0.0,3.204927897182408e-06,0.0
1094,0.0,0.0006986742815753288,0.0
1095,2.0,0.0013076105820308825,1.13687e-13
1096,1.0,1.6024639485356929e-06,0.0
1097,7.0,0.0024645895528965234,12.9754
1098,1.0,0.0013332500052080087,5.68434e-13
1099,2.0,0.001315622901773783,0
1100,1.0,0.002007887327554858,0
1101,4.0,0.0020110922554519295,2.07478e-12
1102,0.0,0.0006970718176267932,0.0
1103,3.0,0.001955006017252181,5.68434e-13
1104,0.0,0.0007002767455238645,0.0
1105,1.0,0.0009678882249346543,178.403
1106,31.0,0.0025911842048333966,61.5395
1107,2.0,0.00023556220043940979,0.0
1108,0.0,0.001427795378173502,0.0
1109,9.0,0.0032353747121574017,604.768
1110,2.0,0.001977440512532014,0.0
1111,0.0,0.001038396638671668,0.0
1112,0.0,0.0007130964571124832,0.0
1113,2.0,0.0013076105820308825,6.82121e-13
1114,2.0,0.0030382716464836257,742.063
1115,2.0,0.00205115385416621,0
1116,1.0,0.0022146051769200703,0
1117,1.0,0.0011970405695798103,0.0
1118,6.0,0.0020223095030919014,1.13687e-13
1119,5.0,0.002023911967040548,1.12976e-12
1120,1.0,0.0013076105820308825,2.27374e-13
1121,2.0,0.0019566084812007167,4.54747e-13
1122,3.0,0.0013076105820308825,0
1123,0.0,0.0007355309523924269,0.0
1124,1.0,0.0012338972403967974,1.13687e-13
1125,1.0,0.001294790870442375,4.54747e-13
1126,0.0,0.000905392130940541,0.0
1127,0.0,0.0010255769270830495,0.0
1128,41.0,0.002435745201822326,242.267
1129,0.0,0.0005448377425129047,0.0
1130,0.0,0.0007419408081866807,0.0
1131,0.0,0.0007419408081866807,0.0
1132,0.0,0.001134544475585697,0.0
1133,0.0,0.0007419408081866807,0.0
1134,2.0,0.0019726331206864067,6.25278e-13
1135,2.0,0.0012451144880367693,7.95808e-13
1136,0.0,0.0007419408081866807,0.0
1137,12.0,0.0022883185185541555,2.27374e-13
1138,0.0,0.0008188590777179483,0.0
1139,0.0,0.0007419408081866807,0.0
1140,2.0,0.0019437887696122091,0
1141,1.0,3.204927897182408e-06,0.0
1142,0.0,0.0007419408081866807,0.0
1143,0.0,0.0005448377425129047,0.0
1144,1.0,0.0019421863056635624,2.84217e-12
1145,0.0,0.0007419408081866807,0.0
1146,1.0,3.204927897182408e-06,0.0
1147,0.0,3.204927897182408e-06,0.0
1148,3.0,3.204927897182408e-06,0
1149,3.0,0.0019053296348465754,7.15612
1150,0.0,0.0007419408081866807,0.0
1151,0.0,0.0007483506639809345,0.0
1152,2.0,0.0019726331206864067,1.13687e-12
1153,0.0,0.0007531580558266526,0.0
1154,0.0,0.0005448377425129047,0.0
1155,3.0,0.0019854528322749143,3.03147
1156,1.0,0.0019437887696122091,6.82121e-13
1157,0.0,0.0011441592592770222,0.0
1158,0.0,0.0007451457360837521,0.0
1159,0.0,0.0007547605197751883,0.0
1160,0.0,0.0007547605197751883,0.0
1161,1.0,0.0012162701369625717,2.16005e-12
1162,7.0,0.0019854528322749143,0
1163,1.0,0.0019646208009435062,1.13687e-13
1164,3.0,0.0019485961614578162,5.49783
1165,1.0,0.0012242824567054722,0
1166,4.0,0.002296330838296945,1.88455
1167,1.0,0.0019485961614578162,1.02318e-12
1168,0.0,3.204927897182408e-06,0.0
1169,0.0,3.204927897182408e-06,0.0
1170,1.0,0.0019485961614578162,1.02318e-12
1171,1.0,0.001203450425374064,2.27374e-13
1172,0.0,0.0007483506639809345,0.0
1173,3.0,0.0009518635854489643,0
1174,1.0,0.0012050528893225998,6.82121e-13
1175,13.0,0.002156916474771564,5.54108
1176,0.0,3.204927897182408e-06,0.0
1177,1.0,0.0010143596794430776,0.0
1178,0.0,0.0007803999429523145,0.0
1179,1.0,0.0012018479614255284,1.02318e-12
1180,1.0,0.0019405838417150267,4.54747e-13
1181,2.0,0.0012018479614255284,0
1182,1.0,0.002397286067056692,365.408
1183,1.0,0.0012018479614255284,1.93268e-12
1184,10.0,0.0021537115468744927,0.210949
1185,0.0,0.0007531580558266526,0.0
1186,0.0,0.0007531580558266526,0.0
1187,3.0,0.001966223264892153,1.0516e-12
1188,0.0,0.0014181805944820658,0.0
1189,7.0,0.001975838048583478,0
1190,0.0,0.0007707851592608783,0.0
1191,1.0,3.204927897182408e-06,0.0
1192,0.0,0.0011473641871742046,0.0
1193,6.0,0.005225634936278034,1920.0
1194,4.0,0.004599071532388255,1546.0
1195,3.0,0.0019357764498693086,0.0629574
1196,3.0,0.00197103065673776,0
1197,0.0,0.00103358924682595,0.0
1198,13.0,0.0032369771761059374,615.675
1199,1.0,0.0011553765069169941,0
1200,33.0,0.002610413772216158,113.853
1201,3.0,0.0031199973078606114,946.703
1202,0.0,0.0008140516858722302,0.0
1203,1.0,0.0011681962185056127,0
1204,0.0,0.0007627728395180888,0.0
1205,0.0,0.0011329420116370503,0.0
1206,0.0,0.0008188590777179483,0.0
1207,0.0,0.0008188590777179483,0.0
1208,0.0,0.0007611703755694421,0.0
1209,0.0,0.0008188590777179483,0.0
1210,1.0,0.0010303843189287676,0.0
1211,1.0,0.0011057001245114995,0
1212,0.0,0.0012499218798824874,0.0
1213,0.0,0.0008332812532549916,0.0
1214,0.0,0.0012499218798824874,0.0
1215,0.0,0.000772387623209414,0.0
1216,0.0,0.000772387623209414,0.0
1217,0.0,0.000772387623209414,0.0
1218,0.0,0.000772387623209414,0.0
1219,0.0,0.000820461541666484,0.0
1220,1.0,0.0011730036103513308,0
1221,0.0,0.000820461541666484,0.0
1222,1.0,1.6024639485356929e-06,0.0
1223,2.0,0.001886100067463703,0.0
1224,0.0,0.0008156541498207659,0.0
1225,1.0,0.0011233272279457251,5.68434e-13
1226,2.0,0.0019453912335607448,0.0
1227,2.0,0.0018812926756179849,6.82121e-13
1228,1.0,0.0011265321558427965,9.09495e-13
1229,2.0,0.0011249296918942608,0.0
1230,2.0,3.204927897182408e-06,0.0
1231,0.0,0.0010448064944659219,0.0
1232,0.0,0.0008252689335122021,0.0
1233,0.0,0.0011441592592770222,0.0
1234,1.0,0.0018412310769038154,1.13687e-13
1235,2.0,0.0017322635284012788,2.54237
1236,0.0,3.204927897182408e-06,0.0
1237,3.0,0.0010303843189287676,0
1238,1.0,0.001134544475585697,3.41061e-13
1239,1.0,0.0011201223000485427,5.68434e-13
1240,2.0,0.0023155604056798174,0.738902
1241,3.0,0.003442092561522614,3375.62
1242,1.0,0.0019566084812007167,3.41061e-13
1243,0.0,0.0008348837172035273,0.0
1244,0.0,0.0008332812532549916,0.0
1245,0.0,0.0008348837172035273,0.0
1246,8.0,0.0027402133520501026,676.903
1247,0.0,0.000820461541666484,0.0
1248,1.0,0.0019101370266922935,0.0
1249,0.0,0.0009582734412432181,0.0
1250,0.0,0.0008412935729978921,0.0
1251,4.0,0.002092817916828915,0.300275
1252,0.0,0.0011057001245114995,0.0
1253,0.0,0.0008428960369464278,0.0
1254,4.0,0.002140891835285985,98.076
1255,1.0,0.0010303843189287676,0.0
1256,1.0,0.0018941123872066035,0.0
1257,2.0,0.0020335267507318733,268.861
1258,1.0,0.0011121099803057533,3.41061e-13
1259,8.0,0.0009582734412432181,1.02318e-12
1260,3.0,0.0019421863056635624,0
1261,0.0,0.0010351917107744857,0.0
1262,11.0,0.0020383341425775914,150.412
1263,0.0,0.0008412935729978921,0.0
1264,12.0,0.001975838048583478,170.995
1265,55.0,3.204927897182408e-06,0.0
1266,6.0,0.00219056821769148,5.15912
1267,1.0,0.0010896754850258095,0
1268,0.0,0.0007659777674151602,0.0
1269,0.0,0.0008348837172035273,0.0
1270,1.0,0.0011089050524085708,0.0
1271,0.0,0.0010351917107744857,0.0
1272,2.0,0.0010303843189287676,0.0
1273,1.0,0.0011008927326657814,9.09495e-13
1274,0.0,0.0004198455545246782,0.0
1275,12.0,0.0004278578742674677,0.0
1276,0.0,0.0004214480184732139,0.0
1277,0.0,0.0009759005446774438,0.0
1278,2.0,0.001065638525797219,2.27374e-13
1279,2.0,0.0007163013850095545,1.0
1280,2.0,3.204927897182408e-06,0.0
1281,0.0,0.0008493058927406816,0.0
1282,1.0,0.001097687804768599,2.27374e-13
1283,0.0,0.0008493058927406816,0.0
1284,1.0,0.0007611703755694421,0
1285,0.0,0.0008509083566892173,0.0
1286,0.0,0.0008509083566892173,0.0
1287,0.0,0.0004214480184732139,0.0
1288,0.0,0.0004214480184732139,0.0
1289,0.0,0.0004214480184732139,0.0
1290,1.0,0.0009662857609861186,0.0
1291,2.0,0.0010303843189287676,1.13687e-13
1292,2.0,6.409855794253794e-06,1.08333
1293,0.0,0.000852510820637864,0.0
1294,1.0,0.0007146989210610188,0.0
1295,0.0,0.0008557157485349354,0.0
1296,2.0,0.0019005222430008573,1.81899e-12
1297,1.0,0.0019053296348465754,0.0
1298,3.0,0.001938981377766491,16.8869
1299,3.0,0.0019053296348465754,0
1300,15.0,3.204927897182408e-06,0
1301,0.0,0.0008829576356605973,0.0
1302,0.0,0.0008573182124834711,0.0
1303,0.0,0.0008829576356605973,0.0
1304,0.0,0.0008829576356605973,0.0
1305,0.0,0.0008829576356605973,0.0
1306,11.0,0.001934173985920773,0.0192308
1307,0.0,0.0008829576356605973,0.0
1308,0.0,0.001134544475585697,0.0
1309,0.0,0.001134544475585697,0.0
1310,2.0,0.0017338659923498145,1.13687e-13
1311,4.0,0.0019405838417150267,0
1312,2.0,0.002120059803954577,0
1313,0.0,0.0008829576356605973,0.0
1314,2.0,0.0021921706816401265,0
1315,1.0,0.0010303843189287676,0.0
1316,0.0,0.0008348837172035273,0.0
1317,1.0,0.0007595679116209064,0
1318,0.0,0.0008477034287921459,0.0
1319,0.0,0.0011313395476885146,0.0
1320,1.0,0.0010512163502601757,2.27374e-13
1321,2.0,0.0018925099232579567,5.83622
1322,0.0,0.000884560099609133,0.0
1323,0.0,0.0008909699554033867,0.0
1324,1.0,0.0010159621433917243,2.27374e-13
1325,3.0,0.00023556220043940979,2.84217e-14
1326,1.0,1.6024639485356929e-06,0.0
1327,0.0,0.0011425567953284865,0.0
1328,1.0,0.0010271793910316962,0
1329,0.0,0.0009390438738604567,0.0
1330,0.0,0.0014310003060705734,0.0
1331,0.0,0.001193835641682628,0.0
1332,0.0,0.0009150069146319773,0.0
1333,0.0,0.0012066553532711355,0.0
1334,0.0,0.001134544475585697,0.0
1335,0.0,0.001134544475585697,0.0
1336,0.0,0.001134544475585697,0.0
1337,2.0,0.001902124706949393,94.893
1338,2.0,0.0019405838417150267,59.6726
1339,0.0,0.0009166093785805129,0.0
1340,2.0,1.6024639485356929e-06,0.0
1341,0.0,0.0009021872030433586,0.0
1342,0.0,3.204927897182408e-06,0.0
1343,2.0,3.204927897182408e-06,0.0
1344,2.0,0.001022371999185978,0.0
1345,0.0,0.0008829576356605973,0.0
1346,1.0,0.0010143596794430776,0
1347,2.0,0.0009935276481117805,4.54747e-13
1348,2.0,0.001858858180338041,1.42675
1349,1.0,0.0007595679116209064,0
1350,9.0,0.0028539882923983573,604.68
1351,0.0,0.0009182118425290486,0.0
1352,3.0,0.0018796902116694492,0
1353,1.0,0.0007595679116209064,0
1354,2.0,0.0021617238666172822,1.13687e-13
1355,0.0,9.614783691436202e-06,0.0
1356,0.0,9.614783691436202e-06,0.0
1357,1.0,3.204927897182408e-06,0.0
1358,1.0,1.6024639485356929e-06,0.0
1359,1.0,0.001022371999185978,5.68434e-13
1360,1.0,3.204927897182408e-06,0.0
1361,1.0,0.0009999375039060343,0
1362,1.0,0.0018716778919266597,0
1363,1.0,0.0016601526507157294,1.13687e-13
1364,3.0,0.0018572557163895054,0
1365,0.0,0.0009037896669920054,0.0
1366,1.0,0.0009534660493975,0
1367,2.0,0.0008957773472491048,0.133333
1368,1.0,0.0009534660493975,0
1369,1.0,0.0009999375039060343,0
1370,0.0,0.0009182118425290486,0.0
1371,0.0,0.0011842208579913027,0.0
1372,1.0,0.0013604918923336706,0.0
1373,1.0,0.0018284113653153078,0
1374,5.0,0.0018877025314123497,373.287
1375,1.0,0.0018893049953608854,0.0
1376,0.0,0.0011489666511227403,0.0
1377,1.0,0.000990322720214598,2.27374e-13
1378,7.0,0.0019245592022293367,31.533
1379,0.0,0.0009390438738604567,0.0
1380,2.0,0.000990322720214598,1.13687e-13
1381,0.0,0.0009390438738604567,0.0
1382,0.0,0.0009406463378089924,0.0
1383,2.0,3.204927897182408e-06,0.0
1384,0.0,0.00104961388631164,0.0
1385,3.0,0.001854050788492434,0
1386,0.0,0.0009438512657061748,0.0
1387,1.0,0.0018492433966467159,1.13687e-13
1388,0.0,0.0009406463378089924,0.0
1389,1.0,0.0009534660493975,0
1390,1.0,0.0009534660493975,0
1391,2.0,0.0018989197790523216,9.25867
1392,7.0,0.0021456992271315922,0.0177742
1393,4.0,0.0020175021112462943,43.2217
1394,0.0,0.0008589206764321178,0.0
1395,0.0,0.0008589206764321178,0.0
1396,0.0,0.0009278266262204848,0.0
1397,1.0,0.0009454537296547105,1.13687e-13
1398,5.0,0.0019566084812007167,0
1399,9.0,0.0028892424992669197,719.419
1400,1.0,0.0009502611215004286,0
1401,4.0,1.6024639485356929e-06,0.0
1402,1.0,0.0009454537296547105,1.13687e-13
1403,0.0,0.0009726956167803724,0.0
1404,0.0,0.001150569115071387,0.0
1405,0.0,0.0009710931528318367,0.0
1406,0.0,0.0011714011464026841,0.0
1407,0.0,0.0009759005446774438,0.0
1408,0.0,0.0009759005446774438,0.0
1409,0.0,0.0009759005446774438,0.0
1410,1.0,0.0021024327005203514,0
1411,0.0,0.0009759005446774438,0.0
1412,2.0,0.0018684729640294773,61.3314
1413,0.0,0.0007627728395180888,0.0
1414,0.0,0.0010287818549802319,0.0
1415,0.0,0.0008589206764321178,0.0
1416,4.0,0.001980645440429196,0.597675
1417,3.0,3.204927897182408e-06,0
1418,0.0,0.0006938668897296107,0.0
1419,0.0,0.0006938668897296107,0.0
1420,1.0,0.0018925099232579567,0.0
1421,7.0,0.0031840958658032603,605.174
1422,2.0,0.0018732803558751954,0
1423,1.0,0.0009598759051918648,2.19251
1424,2.0,0.0018043744060868283,0
1425,1.0,0.0008941748833005692,2.27374e-13
1426,0.0,0.0014342052339677558,0.0
1427,0.0,0.0009951301120603162,0.0
1428,0.0,0.0011569789708656408,0.0
1429,2.0,0.0019325715219722372,464.452
1430,0.0,0.0009887202562660624,0.0
1431,1.0,0.0018652680361324059,3.41061e-13
1432,0.0,0.0009630808330889362,0.0
1433,2.0,0.0008781502438148792,0
1434,4.0,0.0008861625635577797,1.7053e-13
1435,1.0,0.0008573182124834711,0
1436,2.0,0.0018957148511551392,0.0
1437,3.0,0.002765852775227229,627.928
1438,0.0,0.0010079498236488238,0.0
1439,0.0,0.0008380886451007097,0.0
1440,9.0,0.0008541132845863997,0
1441,0.0,0.0010079498236488238,0.0
1442,1.0,0.0027049591451816513,601.0
1443,1.0,0.0020158996472976476,628.0
1444,1.0,0.0008557157485349354,1.13687e-13
1445,0.0,0.001012757215494542,0.0
1446,1.0,1.6024639485356929e-06,0.0
1447,6.0,3.204927897182408e-06,0
1448,0.0,4.807391845718101e-06,0.0
1449,0.0,0.0010047448957517524,0.0
1450,1.0,0.0008060393661293297,0
1451,0.0,0.0008284738614092735,0.0
1452,1.0,0.0008300763253579202,0
1453,0.0,0.0010095522875973595,0.0
1454,1.0,3.204927897182408e-06,0.0
1455,1.0,0.000740338344238145,0.0
1456,0.0,0.000990322720214598,0.0
1457,1.0,0.0018764852837723778,0
1458,1.0,3.204927897182408e-06,0.0
1459,1.0,0.0007050841373695826,5.68434e-14
1460,1.0,3.204927897182408e-06,0.0
1461,0.0,3.204927897182408e-06,0.0
1462,0.0,0.0010255769270830495,0.0
1463,0.0,0.0010095522875973595,0.0
1464,0.0,0.0010255769270830495,0.0
1465,0.0,0.0010287818549802319,0.0
1466,0.0,0.0010095522875973595,0.0
1467,3.0,0.0022194125687657884,0
1468,1.0,0.001656947722818658,0.0
1469,0.0,0.0009775030086260905,0.0
1470,1.0,0.0017819399108068845,0
1471,0.0,0.0010143596794430776,0.0
1472,0.0,0.0010143596794430776,0.0
1473,0.0,0.001012757215494542,0.0
1474,10.0,0.0017034191773270813,1.13687e-13
1475,1.0,0.000990322720214598,0.0
1476,1.0,0.0018155916537268002,0
1477,1.0,0.0007050841373695826,5.68434e-14
1478,1.0,0.0007387358802894983,1.13687e-13
1479,1.0,0.0007050841373695826,5.68434e-14
1480,2.0,0.0017514930957840402,2.01887
1481,1.0,0.0007579654476723707,0
1482,0.0,0.00103358924682595,0.0
1483,1.0,1.6024639485356929e-06,0.0
1484,0.0,0.0014358076979162915,0.0
1485,0.0,0.0011393518674314151,0.0
1486,0.0,0.0008284738614092735,0.0
1487,2.0,0.0017402758481440683,0
1488,0.0,0.0010351917107744857,0.0
1489,1.0,0.0017466857039383221,0.0
1490,0.0,0.0010351917107744857,0.0
1491,0.0,0.0010351917107744857,0.0
1492,0.0,0.0010399991026202038,0.0
1493,3.0,0.0018844976035151673,5.68434e-14
1494,2.0,0.0007211087768552726,0
1495,1.0,0.0007195063129067369,0.0
1496,0.0,0.0010351917107744857,0.0
1497,0.0,0.0010448064944659219,0.0
1498,0.0,0.0010576262060544295,0.0
1499,1.0,0.0006377806515297513,0.0
1500,1.0,0.000708289065266765,6.25278e-13
1501,2.0,0.0015463777103674747,0.0
1502,0.0,0.0007435432721352164,0.0
1503,1.0,6.409855794253794e-06,0.0
1504,0.0,1.6024639485689995e-05,0.0
1505,0.0,1.6024639485689995e-05,0.0
1506,0.0,1.6024639485689995e-05,0.0
1507,0.0,1.6024639485689995e-05,0.0
1508,0.0,1.6024639485689995e-05,0.0
1509,0.0,1.6024639485689995e-05,0.0
1510,0.0,1.6024639485689995e-05,0.0
1511,0.0,1.6024639485689995e-05,0.0
1512,0.0,1.6024639485689995e-05,0.0
1513,0.0,4.807391845718101e-06,0.0
1514,1.0,0.0007050841373695826,0.0
1515,1.0,3.204927897182408e-06,0.0
1516,1.0,3.204927897182408e-06,0.0
1517,0.0,3.204927897182408e-06,0.0
1518,0.0,0.0010464089584144576,0.0
1519,0.0,0.0011040976605628527,0.0
1520,1.0,0.0016922019296871094,0
1521,19.0,0.0018364236850580973,379.432
1522,2.0,0.0017771325189611664,1.13687e-13
1523,0.0,0.001054421278157247,0.0
1524,0.0,0.001054421278157247,0.0
1525,0.0,0.001054421278157247,0.0
1526,0.0,0.001054421278157247,0.0
1527,0.0,0.001054421278157247,0.0
1528,0.0,0.001054421278157247,0.0
1529,0.0,0.001054421278157247,0.0
1530,0.0,0.001054421278157247,0.0
1531,0.0,0.001054421278157247,0.0
1532,0.0,0.001054421278157247,0.0
1533,0.0,0.001054421278157247,0.0
1534,1.0,0.0012883810146481212,2.7825
1535,0.0,0.001054421278157247,0.0
1536,0.0,0.001054421278157247,0.0
1537,0.0,0.001054421278157247,0.0
1538,0.0,0.001054421278157247,0.0
1539,0.0,0.001054421278157247,0.0
1540,0.0,0.001054421278157247,0.0
1541,0.0,0.001054421278157247,0.0
1542,0.0,0.001054421278157247,0.0
1543,0.0,0.001054421278157247,0.0
1544,0.0,0.001054421278157247,0.0
1545,0.0,0.001054421278157247,0.0
1546,0.0,0.001054421278157247,0.0
1547,0.0,0.001054421278157247,0.0
1548,0.0,0.001054421278157247,0.0
1549,0.0,0.001054421278157247,0.0
1550,0.0,0.001054421278157247,0.0
1551,0.0,0.001054421278157247,0.0
1552,0.0,0.001054421278157247,0.0
1553,0.0,0.001054421278157247,0.0
1554,0.0,0.001054421278157247,0.0
1555,0.0,0.001054421278157247,0.0
1556,0.0,0.001054421278157247,0.0
1557,0.0,0.001054421278157247,0.0
1558,0.0,0.0011569789708656408,0.0
1559,1.0,0.0006457929712726518,2.27374e-13
1560,0.0,0.0010560237421058938,0.0
1561,5.0,0.001725853672607025,0
1562,3.0,0.0016922019296871094,0
1563,1.0,0.0017194438168127713,5.68434e-14
1564,1.0,0.0016970093215328275,11.183
1565,0.0,0.0010560237421058938,0.0
1566,0.0,0.0010560237421058938,0.0
1567,1.0,0.0016841896099442089,0.0
1568,0.0,0.0010560237421058938,0.0
1569,1.0,0.0006329732596841442,0
1570,0.0,0.001086470557128627,0.0
1571,0.0,0.0010912779489743452,0.0
1572,0.0,0.0010912779489743452,0.0
1573,2.0,0.0006409855794269337,0
1574,0.0,0.001214667673014036,0.0
1575,1.0,0.0017066241052241526,0.0
1576,4.0,0.0016825871459956732,0
1577,0.0,0.0010912779489743452,0.0
1578,2.0,0.0018364236850580973,0.0
1579,0.0,0.0010912779489743452,0.0
1580,0.0,0.0009775030086260905,0.0
1581,0.0,0.0010912779489743452,0.0
1582,0.0,0.0010912779489743452,0.0
1583,1.0,0.0016857920738928556,0
1584,0.0,0.0010928804129228809,0.0
1585,0.0,0.0010912779489743452,0.0
1586,0.0,0.0010912779489743452,0.0
1587,4.0,0.0020431415344233095,0.17562
1588,1.0,0.0017066241052241526,0.0
1589,2.0,0.002610413772216158,628.092
1590,1.0,1.6024639485356929e-06,0.0
1591,0.0,0.001097687804768599,0.0
1592,2.0,3.204927897182408e-06,0.0
1593,2.0,0.0017194438168127713,0.63681
1594,2.0,0.0006345757236326799,0
1595,0.0,0.001102495196614317,0.0
1596,0.0,0.0010608311339516119,0.0
1597,2.0,0.0038971923229157435,1378.0
1598,3.0,0.0016825871459956732,3.69482e-13
1599,0.0,0.0010047448957517524,0.0
1600,4.0,0.0006169486201984542,0.0
1601,1.0,0.0006201535480955256,1.13687e-13
1602,0.0,0.0011040976605628527,0.0
1603,1.0,0.0005368254227700042,0
1604,8.0,0.0015752220614416723,9.9476e-14
1605,1.0,1.6024639485356929e-06,0.0
1606,1.0,0.0005368254227700042,0
1607,1.0,3.204927897182408e-06,0.0
1608,0.0,0.0011313395476885146,0.0
1609,0.0,0.0011121099803057533,0.0
1610,2.0,0.0018396286129552797,0
1611,1.0,0.0005352229588214685,0.0
1612,2.0,0.0016313082996415318,5.68434e-14
1613,4.0,0.0005336204948729328,3.12639e-13
1614,0.0,0.001134544475585697,0.0
1615,4.0,0.0016601526507157294,0.0197933
1616,0.0,0.0011393518674314151,0.0
1617,0.0,0.001193835641682628,0.0
1618,1.0,0.0016361156914872499,1.13687e-13
1619,3.0,0.002647270443033256,690.333
1620,0.0,3.204927897182408e-06,0.0
1621,0.0,3.204927897182408e-06,0.0
1622,0.0,0.0011425567953284865,0.0
1623,3.0,0.0013348524691565444,2.84217e-14
1624,0.0,3.204927897182408e-06,0.0
1625,1.0,0.0016441280112300394,1.13687e-13
1626,1.0,0.00043587019401025717,0.0
1627,0.0,0.0011441592592770222,0.0
1628,0.0,0.0011089050524085708,0.0
1629,0.0,0.0011441592592770222,0.0
1630,0.0,0.0011441592592770222,0.0
1631,0.0,0.0009775030086260905,0.0
1632,2.0,0.0018444360048009978,5.68434e-14
1633,1.0,0.0015591974219559823,5.68434e-14
1634,2.0,0.0017002142494298988,2.84217e-14
1635,0.0,0.0011441592592770222,0.0
1636,0.0,0.0014358076979162915,0.0
1637,1.0,0.0004182430905760315,0
1638,0.0,0.0011441592592770222,0.0
1639,0.0,0.0011441592592770222,0.0
1640,0.0,0.0011489666511227403,0.0
1641,3.0,0.0005047761437987353,5.68434e-14
1642,7.0,0.0016024639485673342,0.0902857
1643,3.0,0.00162009105200156,21.357
1644,1.0,0.00043587019401025717,0.0
1645,1.0,0.00043587019401025717,0.0
1646,1.0,3.204927897182408e-06,0.0
1647,2.0,0.0004086283068847063,0
1648,1.0,0.0016489354030757575,0.0
1649,1.0,3.204927897182408e-06,0.0
1650,1.0,0.0014934964000646866,0.0
1651,1.0,0.0014678569768876715,0.0
1652,2.0,0.0014390126258134739,0.0
1653,0.0,0.0011681962185056127,0.0
1654,0.0,0.0011714011464026841,0.0
1655,0.0,0.0011697986824541484,0.0
1656,0.0,0.0011569789708656408,0.0
1657,0.0,0.0011569789708656408,0.0
1658,2.0,0.0017627103434240121,412.597
1659,0.0,0.0011714011464026841,0.0
1660,0.0,0.0011714011464026841,0.0
1661,1.0,0.0013508771086422344,10.7611
1662,1.0,0.0014470249455562634,2.84217e-14
1663,1.0,0.0003845913476561158,0
1664,1.0,0.0014470249455562634,0.0
1665,2.0,0.0028892424992669197,903.073
1666,1.0,0.0003749765639647906,0
1667,1.0,0.0003669642442218901,0.0
1668,1.0,0.00027882872705076167,0.0
1669,1.0,1.2819711588507587e-05,0.0
1670,2.0,0.0015031111837561228,0.0
1671,1.0,0.000362156852376172,0
1672,1.0,3.204927897182408e-06,0.0
1673,0.0,3.204927897182408e-06,0.0
1674,5.0,0.0003653617802733544,0
1675,0.0,3.204927897182408e-06,0.0
1676,0.0,3.204927897182408e-06,0.0
1677,20.0,3.3651742919915684e-05,0.0
1678,0.0,3.204927897182408e-06,0.0
1679,0.0,3.204927897182408e-06,0.0
1680,0.0,3.204927897182408e-06,0.0
1681,0.0,3.204927897182408e-06,0.0
1682,0.0,3.204927897182408e-06,0.0
1683,0.0,3.204927897182408e-06,0.0
1684,0.0,3.204927897182408e-06,0.0
1685,0.0,3.204927897182408e-06,0.0
1686,0.0,3.204927897182408e-06,0.0
1687,0.0,3.204927897182408e-06,0.0
1688,0.0,3.204927897182408e-06,0.0
1689,0.0,3.204927897182408e-06,0.0
1690,0.0,3.204927897182408e-06,0.0
1691,0.0,3.204927897182408e-06,0.0
1692,0.0,3.204927897182408e-06,0.0
1693,0.0,3.204927897182408e-06,0.0
1694,0.0,3.204927897182408e-06,0.0
1695,0.0,3.204927897182408e-06,0.0
1696,0.0,3.204927897182408e-06,0.0
1697,2.0,0.0014902914721676153,0
1698,0.0,3.204927897182408e-06,0.0
1699,0.0,0.0012066553532711355,0.0
1700,0.0,0.0011441592592770222,0.0
1701,0.0,0.001193835641682628,0.0
1702,0.0,0.001193835641682628,0.0
1703,0.0,0.001193835641682628,0.0
1704,1.0,0.0014886890082190796,2.84217e-14
1705,6.0,0.0027562379915357926,1072.44
1706,2.0,0.0015015087198075872,11.1309
1707,1.0,0.0012002454974768817,0.0
1708,2.0,0.0014838816163733615,0.0
1709,7.0,0.001842833540852462,96.3697
1710,0.0,0.0011970405695798103,0.0
1711,1.0,3.204927897182408e-06,0.0
1712,1.0,0.00028684104679355116,0.0
1713,2.0,0.0014870865442704329,2.77247
1714,3.0,0.0015912467009273623,0
1715,1.0,3.204927897182408e-06,0.0
1716,0.0,3.204927897182408e-06,0.0
1717,1.0,8.012319742789487e-06,0.0
1718,3.0,0.0012082578172197822,0
1719,0.0,0.001166593754556966,0.0
1720,1.0,3.204927897182408e-06,0.0
1721,0.0,0.0012066553532711355,0.0
1722,0.0,0.0009775030086260905,0.0
1723,0.0,0.0014261929142249663,0.0
1724,0.0,0.001214667673014036,0.0
1725,0.0,0.001214667673014036,0.0
1726,0.0,0.0012066553532711355,0.0
1727,1.0,0.0001858858180338041,0.0
1728,2.0,0.001177811002196938,0
1729,0.0,0.0012066553532711355,0.0
1730,0.0,0.0012066553532711355,0.0
1731,0.0,0.001214667673014036,0.0
1732,3.0,0.000229152344645156,0.0
1733,1.0,0.00022754988069650928,0
1734,1.0,0.00022754988069650928,0
1735,1.0,0.00022754988069650928,0
1736,1.0,0.00022754988069650928,0
1737,1.0,0.00022754988069650928,0
1738,1.0,0.00022754988069650928,0
1739,1.0,0.00022754988069650928,0
1740,1.0,0.00022754988069650928,0
1741,1.0,0.00022754988069650928,0
1742,1.0,0.00022754988069650928,0
1743,1.0,0.00022754988069650928,0
1744,1.0,0.00022754988069650928,0
1745,1.0,0.00022754988069650928,0
1746,1.0,0.00022754988069650928,0
1747,1.0,0.00022754988069650928,0
1748,1.0,0.00022754988069650928,0
1749,1.0,0.00022754988069650928,0
1750,1.0,0.00022754988069650928,0
1751,1.0,0.00022754988069650928,0
1752,1.0,0.00022754988069650928,0
1753,1.0,0.00022754988069650928,0
1754,1.0,0.00022754988069650928,0
1755,1.0,0.00022754988069650928,0
1756,1.0,0.00022754988069650928,0
1757,1.0,0.00022754988069650928,0
1758,1.0,0.00022754988069650928,0
1759,1.0,0.00022754988069650928,0
1760,1.0,0.00022754988069650928,0
1761,1.0,0.00022754988069650928,0
1762,1.0,0.00022754988069650928,0
1763,1.0,0.00022754988069650928,0
1764,1.0,0.00022754988069650928,0
1765,1.0,0.00022754988069650928,0
1766,1.0,0.00022754988069650928,0
1767,1.0,0.00022754988069650928,0
1768,1.0,0.00022754988069650928,0
1769,1.0,0.00022754988069650928,0
1770,1.0,0.00022754988069650928,0
1771,1.0,0.00022754988069650928,0
1772,1.0,0.00022754988069650928,0
1773,1.0,0.00022754988069650928,0
1774,1.0,0.00022754988069650928,0
1775,1.0,0.00022754988069650928,0
1776,1.0,0.00022754988069650928,0
1777,1.0,0.00022754988069650928,0
1778,1.0,0.00022754988069650928,0
1779,1.0,0.00022754988069650928,0
1780,1.0,0.00022754988069650928,0
1781,1.0,0.00022754988069650928,0
1782,1.0,0.00022754988069650928,0
1783,1.0,0.00022754988069650928,0
1784,1.0,0.00022754988069650928,0
1785,1.0,0.00022754988069650928,0
1786,1.0,0.00022754988069650928,0
1787,1.0,0.00022754988069650928,0
1788,1.0,0.00022754988069650928,0
1789,1.0,0.00022754988069650928,0
1790,1.0,0.00022754988069650928,0
1791,1.0,0.00022754988069650928,0
1792,1.0,0.00022754988069650928,0
1793,1.0,0.00022754988069650928,0
1794,1.0,0.00022754988069650928,0
1795,1.0,0.00022754988069650928,0
1796,1.0,0.00022754988069650928,0
1797,1.0,0.00022754988069650928,0
1798,1.0,0.00022754988069650928,0
1799,1.0,0.00022754988069650928,0
1800,1.0,0.00022754988069650928,0
1801,1.0,0.00022754988069650928,0
1802,1.0,0.00022754988069650928,0
1803,1.0,0.00022754988069650928,0
1804,1.0,0.00022754988069650928,0
1805,1.0,0.00022754988069650928,0
1806,1.0,0.00022754988069650928,0
1807,1.0,0.00022754988069650928,0
1808,1.0,0.00022754988069650928,0
1809,1.0,0.00022754988069650928,0
1810,1.0,0.00022754988069650928,0
1811,1.0,0.00022754988069650928,0
1812,1.0,0.00022754988069650928,0
1813,1.0,0.00022754988069650928,0
1814,1.0,0.00022754988069650928,0
1815,1.0,0.00022754988069650928,0
1816,1.0,0.00022754988069650928,0
1817,1.0,0.00022754988069650928,0
1818,1.0,0.00022754988069650928,0
1819,1.0,0.00022754988069650928,0
1820,1.0,0.00022754988069650928,0
1821,1.0,0.00022754988069650928,0
1822,1.0,0.00022754988069650928,0
1823,1.0,0.00022754988069650928,0
1824,1.0,0.00022754988069650928,0
1825,1.0,0.00022754988069650928,0
1826,1.0,0.00022754988069650928,0
1827,1.0,0.00022754988069650928,0
1828,1.0,0.00022754988069650928,0
1829,1.0,0.00022754988069650928,0
1830,1.0,0.00022754988069650928,0
1831,1.0,0.00022754988069650928,0
1832,1.0,0.00022754988069650928,0
1833,1.0,0.00022754988069650928,0
1834,1.0,0.00022754988069650928,0
1835,1.0,0.00022754988069650928,0
1836,1.0,0.00022754988069650928,0
1837,0.0,0.001214667673014036,0.0
1838,1.0,1.6024639485689995e-05,0.0
1839,2.0,0.0014053608828935582,1.42109e-14
1840,2.0,0.001225884920654008,0.0
1841,0.0,0.0012499218798824874,0.0
1842,1.0,0.001555992494058911,0
1843,3.0,0.00016825871459957842,0.0
1844,7.0,0.001592849164875898,0.0
1845,1.0,3.204927897182408e-06,0.0
1846,2.0,3.204927897182408e-06,0.0
1847,1.0,3.204927897182408e-06,0.0
1848,1.0,3.204927897182408e-06,0.0
1849,0.0,0.0014245904502763196,0.0
1850,1.0,0.0011569789708656408,0.0
1851,0.0,0.001427795378173502,0.0
1852,3.0,0.0013396598610022625,0.405358
1853,2.0,3.204927897182408e-06,0.0
1854,1.0,3.204927897182408e-06,0.0
1855,1.0,3.204927897182408e-06,0.0
1856,1.0,3.204927897182408e-06,0.0
1857,1.0,3.204927897182408e-06,0.0
1858,1.0,3.204927897182408e-06,0.0
1859,1.0,3.204927897182408e-06,0.0
1860,1.0,3.204927897182408e-06,0.0
1861,1.0,3.204927897182408e-06,0.0
1862,1.0,3.204927897182408e-06,0.0
1863,1.0,3.204927897182408e-06,0.0
1864,2.0,3.204927897182408e-06,0.0
1865,1.0,0.001219475064859754,0.0
1866,1.0,3.204927897182408e-06,0.0
1867,0.0,3.204927897182408e-06,0.0
1868,1.0,3.204927897182408e-06,0.0
1869,1.0,3.204927897182408e-06,0.0
1870,0.0,3.204927897182408e-06,0.0
1871,2.0,0.0015351604627275028,0
1872,0.0,0.0014293978421220377,0.0
1873,4.0,0.0014293978421220377,0.0
1874,0.0,0.001427795378173502,0.0
1875,2.0,1.7627103434225688e-05,0.0
1876,0.0,0.0014293978421220377,0.0
1877,0.0,0.00143260277001922,0.0
1878,0.0,0.0014342052339677558,0.0
1879,0.0,0.0014358076979162915,0.0
1880,0.0,0.0014358076979162915,0.0
1881,3.0,0.0028732178597812297,895.0
1882,0.0,0.00143260277001922,0.0
1883,0.0,0.0014181805944820658,0.0
1884,0.0,0.0014181805944820658,0.0
1885,0.0,0.0014181805944820658,0.0
1886,0.0,0.0014181805944820658,0.0
1887,1.0,1.6024639485356929e-06,0.0
1888,1.0,3.204927897182408e-06,0.0
1889,1.0,3.204927897182408e-06,0.0
1890,0.0,0.0014374101618649382,0.0
