Temp. Reachability,Stat. Reachability,Temp. Betweenness,Temp. Closeness,Degree Centrality,Stat. Degree
0,0.007226742044214252,0.0022234567885959233,2811.41,9.010305760535424,47.0,9.0
1,0.04099170594493351,0.0022234567885959233,28826.8,31.02386317735704,387.0,31.0
2,0.0025064641296750345,0.0022234567885959233,79.3764,8.003628929849437,42.0,8.0
3,0.005336565111258795,0.0022234567885959233,972.66,8.001980070421373,56.0,8.0
4,0.007935988762226787,0.0022234567885959233,7404.63,27.00498067526347,57.0,27.0
5,0.0041453060606164716,0.0022234567885959233,2.84217e-13,3.0007435701468,3.0,3.0
6,0.004727163805005374,0.0022234567885959233,1351.06,17.003983719736613,66.0,17.0
7,0.002857644543448279,0.0022234567885959233,246.021,5.001271693381556,19.0,5.0
8,0.007522835334258349,0.004443201629297677,5529.16,17.011143928582413,68.0,17.0
9,0.0016663854928059552,0.0022234567885959233,3.41061e-13,3.0007428539305563,3.0,3.0
10,0.004076447155955121,0.0022234567885959233,12.9598,2.0007455441952917,2.0,2.0
11,0.004375983391232241,0.004443201629297677,230.923,6.001029476548603,7.0,6.0
12,0.0041177624987519534,0.0022234567885959233,258.239,3.0006137000744055,3.0,3.0
13,0.005887436348550046,0.0022234567885959233,1466.98,8.001618101588454,21.0,8.0
14,0.004234822636676294,0.0022234567885959233,1829.33,26.02333750761768,224.0,26.0
15,0.016388419309414037,0.0022234567885959233,6856.53,7.003515634678335,45.0,7.0
16,0.004190064348646438,0.0022234567885959233,0,2.0008218278853276,3.0,2.0
17,0.0020692100850752126,0.0022234567885959233,37.6724,3.000367687146018,5.0,3.0
18,0.0022379144014955665,0.0022234567885959233,498.779,2.00032015255963,2.0,2.0
19,0.003349985711777248,0.0022234567885959233,9.9476e-14,1.0000866898067566,6.0,1.0
20,0.004014474141759816,0.0022234567885959233,5.68434e-14,4.001637861424692,8.0,4.0
21,0.0016904861094374501,0.0022234567885959233,0,1.0000201127845434,1.0,1.0
22,0.005560356551408296,0.008875267414912846,3958.39,2.0000779152966492,2.0,2.0
23,0.018578132477646725,0.0022234567885959233,22658.5,36.04011104212628,588.0,37.0
24,0.007450533484363864,0.008872792782983474,2134.1,4.001587236737831,6.0,5.0
25,0.006372891626412858,0.0022234567885959233,877.567,2.0027129281221385,2.0,2.0
26,0.0016422848761744602,0.0022234567885959233,3.76588e-13,17.00281202797316,91.0,17.0
27,0.019855465159115737,0.0022234567885959233,22948.4,7.0068976175150395,36.0,7.0
28,0.004004145306060636,0.0022234567885959233,0,2.0007718657753055,2.0,2.0
29,0.0027199267341254663,0.0022234567885959233,139.305,4.00097310223427,15.0,4.0
30,0.0037011661255504924,0.0022234567885959233,191.992,5.0025876630531565,16.0,5.0
31,0.001614741314309942,0.0022234567885959233,8.24273,7.002557558339529,41.0,7.0
32,0.006331576283616025,0.004443201629297677,2211.17,9.020690380912871,68.0,9.0
33,0.01960757310233463,0.0022234567885959233,16335.1,12.003048148464032,34.0,12.0
34,0.015100757792245845,0.0022234567885959233,14986.0,42.0066236864567,366.0,42.0
35,0.003918071675233836,0.0022234567885959233,425.496,3.0005514517390965,7.0,3.0
36,0.003198496121522232,0.0022234567885959233,8.52651e-14,6.002019947300561,7.0,6.0
37,0.003966272908496826,0.0022234567885959233,0,1.0007738963442525,1.0,1.0
38,0.0040213600322259735,0.004443201629297677,0.0,2.000772598807224,2.0,2.0
39,0.0016594996023397979,0.0022234567885959233,42.3868,12.002875842810704,78.0,12.0
40,0.005605114839438263,0.0022234567885959233,1591.29,14.004906899518515,51.0,14.0
41,0.02024451797045268,0.004443201629297677,11883.2,5.002475704102689,15.0,5.0
42,0.004307124486570779,0.0022234567885959233,679.042,6.001531949443182,14.0,6.0
43,0.004179735512947147,0.0022234567885959233,7.19583,1.0006640807860399,2.0,1.0
44,0.009130690758102133,0.0022234567885959233,5585.63,15.00866547792408,37.0,15.0
45,0.006748172656817597,0.0022234567885959233,5900.71,70.01906978312017,559.0,70.0
46,0.0059287516913468785,0.0022234567885959233,2572.41,18.006761013162226,154.0,18.0
47,0.003962829963263803,0.0022234567885959233,520.995,16.01828346842721,73.0,16.0
48,0.005105887780643026,0.0022234567885959233,1303.36,10.002434396282956,31.0,10.0
49,0.011947019958753469,0.0022234567885959233,12355.6,25.023268294091686,215.0,25.0
50,0.0016526137118736406,0.0022234567885959233,0,13.002838706204631,45.0,13.0
51,0.0020175659065790885,0.0022234567885959233,345.181,26.005181600283695,100.0,26.0
52,0.01135827632389852,0.0022234567885959233,6929.77,14.005407143337973,86.0,14.0
53,0.0017042578903697647,0.0022234567885959233,165.832,9.004294719078482,36.0,9.0
54,0.004861438669095053,0.0022234567885959233,2507.19,9.001118666034152,46.0,9.0
55,0.0029988052980041147,0.0022234567885959233,218.048,2.0000774213205577,2.0,2.0
56,0.013083191885666645,0.0022234567885959233,5125.23,8.003084318239463,183.0,8.0
57,0.004720277914539217,0.0022234567885959233,487.049,8.001250585099745,15.0,8.0
58,0.010242762068383815,0.0022234567885959233,5103.31,16.105875800894555,90.0,16.0
59,0.003298341533281235,0.004443201629297677,0,7.002310244764049,15.0,7.0
60,0.006486508819104175,0.0022234567885959233,1935.34,4.00059714186348,5.0,4.0
61,0.004059232429789783,0.004443201629297677,188.676,16.005053066221354,23.0,16.0
62,0.0067585014925167775,0.0022234567885959233,4946.64,13.00293161813584,96.0,13.0
63,0.0068824475209072755,0.0022234567885959233,2519.09,13.001230465941061,15.0,13.0
64,0.003108979545462409,0.0022234567885959233,335.393,9.001101100127892,26.0,9.0
65,0.002785342693553794,0.0022234567885959233,0,1.00062596689046,2.0,1.0
66,0.003980044689429141,0.0022234567885959233,98.4778,8.003476070126698,33.0,8.0
67,0.0033121133142135495,0.0022234567885959233,1176.67,23.013022231288463,35.0,23.0
68,0.002620081322366352,0.004443201629297677,222.606,2.0000000754185807,2.0,2.0
69,0.009192663772297327,0.0022234567885959233,3732.81,16.003934511476277,48.0,16.0
70,0.006376334571645992,0.0022234567885959233,3588.82,14.159171343043061,197.0,14.0
71,0.007416104032033188,0.0022234567885959233,4753.51,10.043659667230507,71.0,10.0
72,0.003935286401399174,0.0022234567885959233,23.8395,3.0007993381431333,6.0,3.0
73,0.0016457278214075943,0.0022234567885959233,8.86503,6.002159236191167,27.0,6.0
74,0.00729215800364269,0.0022234567885959233,1402.44,14.002608579056814,70.0,14.0
75,0.009564501857468932,0.004443201629297677,4132.17,25.013194317491664,90.0,25.0
76,0.00852817534231487,0.0022234567885959233,3454.69,9.003595594431244,79.0,9.0
77,0.012931702295411629,0.0022234567885959233,7953.96,34.040731350869244,71.0,34.0
78,0.006431421695375139,0.0022234567885959233,3054.64,7.0117463170061685,17.0,7.0
79,0.014126404291286976,0.004443201629297677,15091.2,10.003945638723462,24.0,10.0
80,0.0043897551721644446,0.0022234567885959233,470.028,11.002943448738128,34.0,11.0
81,0.008125350750045612,0.0022234567885959233,10438.4,25.014858963010244,435.0,25.0
82,0.001297990352867484,0.0022234567885959233,9.25194,4.0002274683839785,15.0,4.0
83,0.004276137979473127,0.0022234567885959233,941.258,8.001374855997065,10.0,8.0
84,0.02720959617695362,0.0022234567885959233,40570.7,99.09106321631285,783.0,99.0
85,0.004086775991654301,0.0022234567885959233,418.2,5.0007218440557395,9.0,5.0
86,0.0053916522349879425,0.004443201629297677,1912.6,10.001781975567697,35.0,11.0
87,0.026762013296654508,0.0022234567885959233,30684.7,83.01309506670368,337.0,84.0
88,0.003980044689429141,0.0022234567885959233,413.315,6.002751709755049,26.0,6.0
89,0.001638841930941437,0.0022234567885959233,0,7.0020541711882105,56.0,7.0
90,0.004296795650871599,0.0022234567885959233,656.422,6.001618482684149,14.0,6.0
91,0.013121064283230455,0.0022234567885959233,6101.58,22.006910232890572,190.0,22.0
92,0.0035806630423930175,0.0022234567885959233,254.47,2.0001235213036153,2.0,2.0
93,0.011041525362456062,0.006660471838069948,12123.1,16.01003789158383,67.0,16.0
94,0.005515598263378441,0.0022234567885959233,2118.73,20.001922910959436,88.0,20.0
95,0.00401791708699295,0.0022234567885959233,0.232866,3.001191100001785,3.0,3.0
96,0.003952501127564512,0.0022234567885959233,423.0,1.0,1.0,1.0
97,0.0045584594885849095,0.0022234567885959233,1882.09,11.001907573776581,27.0,11.0
98,0.0004062675375022806,0.0022234567885959233,0.0,1.000003036379711,2.0,1.0
99,0.0016560566571067747,0.0022234567885959233,0,15.001536114652174,27.0,15.0
100,0.004957841135621033,0.0022234567885959233,814.371,8.007923013665282,50.0,8.0
101,0.0034154016712055757,0.0022234567885959233,1111.57,8.001773245611028,16.0,8.0
102,0.01244968996278173,0.0022234567885959233,4799.93,6.007755781531209,27.0,6.0
103,0.0036047636590245125,0.0022234567885959233,859.388,13.04457838032171,36.0,13.0
104,0.00401791708699295,0.0022234567885959233,557.069,10.002889260723896,49.0,10.0
105,0.0052677062065973335,0.0022234567885959233,715.526,13.074871724411306,46.0,13.0
106,0.005370994563589471,0.0022234567885959233,1206.05,18.003861309846535,63.0,18.0
107,0.0016422848761744602,0.0022234567885959233,68.2667,8.002508759891978,37.0,8.0
108,0.003907742839534656,0.0022234567885959233,45.3346,7.004157407255273,30.0,7.0
109,0.007330030401206389,0.004443201629297677,2746.69,25.024899423553503,251.0,25.0
110,0.015217817930170185,0.004443201629297677,5166.93,16.006510060300123,65.0,16.0
111,0.004386312226931421,0.0022234567885959233,702.2,2.0001249853874157,3.0,2.0
112,0.004141863115383448,0.004443201629297677,215.471,4.0017641476354235,13.0,4.0
113,0.004214164965277933,0.0022234567885959233,189.887,4.000563431360308,7.0,4.0
114,0.005773819155858728,0.0022234567885959233,1010.04,13.004852522017742,37.0,13.0
115,0.0016594996023397979,0.0022234567885959233,62.3335,7.002220980080447,69.0,7.0
116,0.0037975685920763613,0.0022234567885959233,2.84217e-14,3.0012238727239997,4.0,3.0
117,0.004062675375022806,0.004443201629297677,46.4538,1.0007760785387394,2.0,1.0
118,0.004382869281698287,0.0022234567885959233,272.87,1.0009137786781557,1.0,1.0
119,0.001638841930941437,0.0022234567885959233,2.84217e-13,1.0006206182044852,1.0,1.0
120,0.0017765597402642497,0.0022234567885959233,236.602,26.007270066511275,95.0,26.0
121,0.01046999645376645,0.0022234567885959233,4662.58,14.006544238814037,69.0,14.0
122,0.0031950531762890977,0.0022234567885959233,162.705,14.002333263343283,65.0,14.0
123,0.0054157528516194375,0.0022234567885959233,3949.23,20.017583400496726,76.0,20.0
124,0.0035049182472653984,0.0022234567885959233,814.81,16.0150710424325,46.0,16.0
125,0.0019487070019177377,0.0022234567885959233,466.013,3.000004729143553,7.0,3.0
126,0.004589445995682562,0.0022234567885959233,1932.63,7.000937838097614,30.0,8.0
127,0.0037046090707835155,0.0022234567885959233,1055.97,3.0,6.0,3.0
128,0.0019246063852862427,0.0022234567885959233,0.0,1.0,1.0,1.0
129,0.0036495219470543683,0.0022234567885959233,4.24549e-13,3.000659868566736,3.0,3.0
130,0.0043622116102999264,0.0022234567885959233,1297.48,14.001609323415401,52.0,14.0
131,0.0029402752290419443,0.0022234567885959233,86.2287,7.0027898489787095,9.0,7.0
132,0.0034842605758670375,0.0022234567885959233,887.167,9.001214013864132,25.0,9.0
133,0.005866778677151574,0.006660471838069948,1116.5,3.001557466818221,15.0,3.0
134,0.0035324618091300275,0.0022234567885959233,86.8919,3.0005386141767634,3.0,3.0
135,0.006063026555436557,0.0022234567885959233,3818.47,10.001405314726226,30.0,10.0
136,0.006593240121329336,0.0022234567885959233,3932.74,33.054491680807594,358.0,33.0
137,0.008256182668902268,0.0022234567885959233,2899.55,23.007240961938553,48.0,23.0
138,0.004279580924706261,0.0022234567885959233,407.536,1.0000468942875145,1.0,1.0
139,0.004100547772586616,0.0022234567885959233,2759.92,18.02477983710238,84.0,18.0
140,0.006627669573660122,0.004443201629297677,2125.65,14.00265928708791,41.0,14.0
141,0.002905845776711269,0.004443201629297677,410.954,35.00425418238397,145.0,35.0
142,0.014054102441392491,0.0022234567885959233,8587.02,31.189163358643125,83.0,31.0
143,0.004324339212736117,0.0022234567885959233,2151.15,6.008683719789121,23.0,6.0
144,0.007433318758198526,0.013297434672810304,3021.24,5.000039595054801,7.0,5.0
145,0.006755058547283643,0.0022234567885959233,5109.07,12.000561394326628,97.0,12.0
146,0.003790682701610315,0.0022234567885959233,3.41061e-13,2.001262327003109,2.0,2.0
147,0.005154089013906016,0.0022234567885959233,663.042,1.0006247087907534,1.0,1.0
148,0.004685848462208542,0.0022234567885959233,4239.66,15.003846497293486,52.0,15.0
149,0.0028266580363506266,0.0022234567885959233,13.3432,5.004376047499682,11.0,5.0
150,0.0027991144744861085,0.0022234567885959233,0,1.00002060152919,1.0,1.0
151,0.004530915926720391,0.0022234567885959233,350.506,4.001951318663108,8.0,4.0
152,0.0035565624257615225,0.0022234567885959233,6.25278e-13,3.000556650918603,3.0,3.0
153,0.0036839513993850437,0.004443201629297677,114.117,8.006513811461149,15.0,8.0
154,0.003518690028197713,0.0022234567885959233,1.42109e-14,3.0003788506494677,3.0,3.0
155,0.0042899097604054415,0.0022234567885959233,802.859,7.002987588704633,26.0,7.0
156,0.013210580859290277,0.0022234567885959233,9191.66,7.003954488124396,20.0,7.0
157,0.003694280235084335,0.0022234567885959233,44.8648,7.006054641915137,30.0,7.0
158,0.0016698284380390893,0.0022234567885959233,39.5044,7.004636304924935,29.0,7.0
159,0.003983487634662164,0.0022234567885959233,488.862,3.0003944095366992,9.0,3.0
160,0.0071027960158237535,0.0022234567885959233,4368.99,12.007581656776885,45.0,12.0
161,0.008166666092842445,0.0022234567885959233,3256.91,20.084211722677903,422.0,20.0
162,0.001322090969498979,0.0022234567885959233,2.13163e-13,4.000232069697168,6.0,4.0
163,0.013496345313635083,0.004443201629297677,7807.14,10.016254993926596,78.0,10.0
164,0.005092115999710822,0.0022234567885959233,1680.26,7.0400917521542175,20.0,7.0
165,0.005133431342507655,0.0022234567885959233,1747.21,25.014288686058766,138.0,25.0
166,0.004372540445999107,0.0022234567885959233,244.685,5.003791378557765,9.0,5.0
167,0.004090218936887324,0.0022234567885959233,306.352,1.001348898614276,4.0,1.0
168,0.003498032356799352,0.0022234567885959233,84.8777,5.003639843298788,9.0,5.0
169,0.002661396665163296,0.0022234567885959233,384.711,2.0000015928631867,2.0,2.0
170,0.0027681279673884562,0.0022234567885959233,297.167,10.015887575795723,33.0,10.0
171,0.0036770655089189974,0.0022234567885959233,0,11.001330477183469,28.0,11.0
172,0.001222245557739865,0.0022234567885959233,5.06786,2.000177120348847,6.0,2.0
173,0.005680859634565771,0.0022234567885959233,1970.58,12.0011674633289,30.0,12.0
174,0.0031709525596576027,0.0022234567885959233,297.229,18.002316737130307,52.0,18.0
175,0.00495439819038801,0.0022234567885959233,1102.44,1.0027006548744708,4.0,1.0
176,0.0005646430182234541,0.004443201629297677,2.84217e-14,1.000023251365887,1.0,1.0
177,0.0027509132412231185,0.0022234567885959233,3.41061e-13,3.0006728028585687,3.0,3.0
178,0.0029712617361395965,0.0022234567885959233,2.84217e-14,1.0007972212099854,5.0,1.0
179,0.003952501127564512,0.0022234567885959233,6.25278e-13,1.0005203004259307,1.0,1.0
180,0.004079890101188144,0.0022234567885959233,155.042,12.009227182164592,66.0,12.0
181,0.00477192209303523,0.0022234567885959233,2897.33,33.006036442134054,198.0,33.0
182,0.004107433663052773,0.0022234567885959233,98.8589,7.0010335084886135,23.0,7.0
183,0.0032398114643190645,0.0022234567885959233,368.112,12.000759003287165,19.0,12.0
184,0.0038078974277756528,0.0022234567885959233,904.244,8.008755852588305,68.0,8.0
185,0.0041453060606164716,0.0022234567885959233,0,5.000915878886659,5.0,5.0
186,0.004396641062630602,0.0022234567885959233,289.406,3.0011284967432372,6.0,3.0
187,0.0064417505310743195,0.004443201629297677,912.315,4.0014721449498705,23.0,4.0
188,0.008748523837231348,0.006660471838069948,2622.83,21.001999479711685,67.0,21.0
189,0.004245151472375475,0.0022234567885959233,620.925,3.0027072268117347,5.0,3.0
190,0.0016801572737382697,0.0022234567885959233,0.0,1.0010685910714907,1.0,1.0
191,0.0033121133142135495,0.0022234567885959233,1075.61,23.007919501455078,111.0,23.0
192,0.004131534279684268,0.0022234567885959233,37.2077,5.000932348335828,6.0,5.0
193,0.0039731587989629835,0.0022234567885959233,120.384,6.00042586042879,9.0,6.0
194,0.0024617058416451787,0.0022234567885959233,203.641,1.0,1.0,1.0
195,0.00332244214991273,0.0022234567885959233,2.84217e-13,1.000804771807238,1.0,1.0
196,0.0049268546285233805,0.0022234567885959233,1270.46,13.005452048206095,42.0,13.0
197,0.0016285130952421456,0.0022234567885959233,0,7.2516706981022425,32.0,7.0
198,0.00312963721686077,0.0022234567885959233,0,1.0165010216626702,1.0,1.0
199,0.003222596738153727,0.0022234567885959233,1.7053e-13,4.0327545793753625,5.0,4.0
200,0.007209527318048914,0.0022234567885959233,2705.21,6.001620578436001,20.0,6.0
201,0.0036116495494906697,0.0022234567885959233,824.011,9.001058351729291,34.0,9.0
202,0.008428329930555756,0.0022234567885959233,3317.41,10.003443223692042,15.0,10.0
203,0.0031881672858229404,0.0022234567885959233,353.646,11.002587212961608,47.0,11.0
204,0.002272343853826353,0.0022234567885959233,46.2688,5.000562264032463,19.0,6.0
205,0.00646240820247268,0.0022234567885959233,5273.51,38.015305874992826,258.0,38.0
206,0.003053892421733262,0.0022234567885959233,160.0,3.0012447744952597,15.0,3.0
207,0.0018695192615570955,0.0022234567885959233,789.88,14.000005358384351,32.0,14.0
208,0.00665521313552464,0.0022234567885959233,4903.07,8.004987515324784,29.0,8.0
209,0.0015803118619792667,0.0022234567885959233,9.41913e-13,23.001556594807788,108.0,23.0
210,0.0028748592696136166,0.0022234567885959233,0.2,10.003080011167814,12.0,10.0
211,0.004059232429789783,0.0022234567885959233,2.27374e-13,1.0005972298454482,1.0,1.0
212,0.001662942547572932,0.0022234567885959233,134.326,24.003759636577826,82.0,24.0
213,0.003642636056588211,0.0022234567885959233,115.138,12.032017905827747,26.0,12.0
214,0.0067344008758852825,0.0022234567885959233,1854.13,19.048332748170758,90.0,19.0
215,0.0030711071478985996,0.0022234567885959233,99.6759,2.000058648473243,2.0,2.0
216,0.008648678425472234,0.0022234567885959233,5072.14,4.010421334469482,33.0,4.0
217,0.011430578173793005,0.0022234567885959233,9371.6,13.003476690476433,26.0,13.0
218,0.0038044544825425186,0.0022234567885959233,35.9355,1.000593621041653,3.0,1.0
219,0.004327782157969251,0.0022234567885959233,289.629,7.000287787333436,8.0,7.0
220,0.0038767563324370036,0.004443201629297677,357.35,11.001463876244582,17.0,11.0
221,0.005663644908400434,0.0022234567885959233,863.752,2.0002316594277527,3.0,2.0
222,0.009612703090731922,0.0022234567885959233,3449.5,32.00864575614234,100.0,32.0
223,0.001611298369076808,0.0022234567885959233,3.68594e-13,25.00301784203952,112.0,25.0
224,0.007894673419429954,0.006660471838069948,1915.24,6.00103423593512,7.0,6.0
225,0.007288715058409556,0.0022234567885959233,4640.94,35.00029058201592,371.0,35.0
226,0.011998664137249593,0.0022234567885959233,6818.06,33.05727889110726,255.0,33.0
227,0.007805156843370131,0.006660471838069948,3030.33,10.002199726125003,29.0,10.0
228,0.010731660291479761,0.0022234567885959233,21813.6,88.04083333918561,1792.0,88.0
229,0.005422638742085484,0.0022234567885959233,539.288,1.0004922119958672,1.0,1.0
230,0.0016526137118736406,0.0022234567885959233,0,12.003795054985586,93.0,12.0
231,0.0016181842595429652,0.0022234567885959233,5.40012e-13,11.002081938865178,75.0,11.0
232,0.004221050855744091,0.004443201629297677,246.856,3.0007343856213256,11.0,3.0
233,0.011199900843177235,0.0022234567885959233,6678.54,14.004416562018505,253.0,14.0
234,0.0026992690627269944,0.0022234567885959233,207.621,1.0,1.0,1.0
235,0.0016078554238437848,0.0022234567885959233,0,2.001564960751499,20.0,2.0
236,0.004114319553518819,0.0022234567885959233,5.68434e-14,2.0006559740229526,3.0,2.0
237,0.0016422848761744602,0.0022234567885959233,0,24.017084925771982,268.0,24.0
238,0.004038574758391311,0.0022234567885959233,0,6.002257817048217,6.0,6.0
239,0.004176292567714124,0.0022234567885959233,2.84217e-13,1.00067657109922,1.0,1.0
240,0.007853358076633121,0.004443201629297677,5531.27,13.003160433105771,96.0,13.0
241,0.004014474141759816,0.0022234567885959233,2446.3,7.004234397548282,16.0,7.0
242,0.0037080520160165387,0.0022234567885959233,1.13687e-13,3.0018984370419934,3.0,3.0
243,0.003694280235084335,0.0022234567885959233,141.849,13.039296883653464,74.0,13.0
244,0.002564994198637316,0.0022234567885959233,89.5777,1.0,2.0,1.0
245,0.00822863910703775,0.0022234567885959233,4021.31,18.002142990509835,129.0,18.0
246,0.001563097135813818,0.0022234567885959233,2.04348,1.0,1.0,1.0
247,0.0030711071478985996,0.0022234567885959233,337.535,2.0002324475821673,3.0,2.0
248,0.002564994198637316,0.0022234567885959233,75.014,1.000004188133299,1.0,1.0
249,0.0016422848761744602,0.0022234567885959233,1.42109e-13,7.001263637782135,9.0,7.0
250,0.0013014332981005072,0.0022234567885959233,0.0,1.000001312763209,1.0,1.0
251,0.009516300624205942,0.0022234567885959233,9503.78,22.02280393928038,271.0,22.0
252,0.005250491480431996,0.0022234567885959233,3364.76,8.001466635557875,24.0,9.0
253,0.0016698284380390893,0.0022234567885959233,187.971,34.03829032330856,415.0,34.0
254,0.002592537760501834,0.0022234567885959233,252.052,2.0,3.0,2.0
255,0.011692242011506315,0.0022234567885959233,8366.3,19.078018540617887,256.0,19.0
256,0.004561902433817933,0.0022234567885959233,968.344,13.001517050939565,22.0,13.0
257,2.0657671398471855e-05,0.0022234567885959233,2.03169,3.0000076290453013,7.0,3.0
258,0.005883993403316912,0.0022234567885959233,5283.35,22.009906731526257,298.0,22.0
259,0.006121556624398727,0.004443201629297677,5473.53,11.028806203033827,53.0,11.0
260,0.003842326880106328,0.0022234567885959233,460.709,4.001042419385663,6.0,4.0
261,0.004086775991654301,0.004443201629297677,75.4283,7.002332097677594,50.0,7.0
262,0.004961284080854167,0.0022234567885959233,1223.89,9.00688735988478,21.0,9.0
263,0.007006393549297774,0.0022234567885959233,3224.04,10.00252893023188,89.0,10.0
264,0.004190064348646438,0.0022234567885959233,345.44,1.0010557829049658,1.0,1.0
265,0.004066118320255829,0.0022234567885959233,7.31859e-13,10.012636770485285,24.0,10.0
266,0.014267565045842812,0.004443201629297677,5200.71,13.008769050508283,36.0,14.0
267,0.0017731167950311155,0.0022234567885959233,500.292,5.0000113951293566,10.0,5.0
268,0.0005818577443889028,0.0022234567885959233,2.14329,2.0,3.0,2.0
269,0.009836494530881534,0.0022234567885959233,6481.92,12.002473885759674,19.0,12.0
270,0.003914628730000813,0.004443201629297677,7.43363,4.000483701787608,9.0,4.0
271,0.0022620150181270615,0.0022234567885959233,0.0,1.0000022883941388,1.0,1.0
272,0.0025340076915396637,0.0022234567885959233,58.4742,1.000007771836649,2.0,1.0
273,0.003866427496737823,0.0022234567885959233,1259.35,6.000038398990464,7.0,6.0
274,0.004937183464222672,0.0022234567885959233,1370.53,2.0020476688419797,6.0,2.0
275,0.0057566044296933905,0.0022234567885959233,2416.85,2.0119063884366737,3.0,2.0
276,0.0037975685920763613,0.004443201629297677,754.672,15.009672575062432,100.0,15.0
277,0.005019814149816337,0.0022234567885959233,1933.38,37.01690362941841,235.0,37.0
278,0.004933740518989538,0.0022234567885959233,1916.35,7.004008998923239,64.0,7.0
279,0.0016044124786106506,0.0022234567885959233,0,9.00246338485442,48.0,9.0
280,0.0029437181742749674,0.0022234567885959233,304.657,19.001810386711984,26.0,19.0
281,0.0033878581093410576,0.0022234567885959233,271.264,9.001262999945489,21.0,9.0
282,0.00834569924496209,0.006660471838069948,1753.72,1.0002766219451447,1.0,1.0
283,0.003986930579895298,0.0022234567885959233,21.0671,4.000488712523908,6.0,4.0
284,0.0033430998213110907,0.0022234567885959233,28.5765,11.001457449084837,11.0,11.0
285,0.003931843456166151,0.0022234567885959233,105.349,3.0015617553729586,6.0,3.0
286,0.0033809722188749003,0.0022234567885959233,136.541,9.004311170433715,125.0,9.0
287,0.006996064713598593,0.004443201629297677,2373.92,3.0152358212810104,3.0,3.0
288,0.003787239756377181,0.0022234567885959233,198.751,8.001002464243882,9.0,8.0
289,0.004103990717819639,0.0022234567885959233,0,1.000837585342418,1.0,1.0
290,0.005236719699499792,0.0022234567885959233,1352.47,7.003549734757983,15.0,7.0
291,0.0014460369978894771,0.006660471838069948,0.0,1.000005178232048,1.0,1.0
292,0.003739038523114191,0.0022234567885959233,93.948,7.0031830707987535,21.0,7.0
293,0.0016285130952421456,0.0022234567885959233,1.20792e-13,4.001607816422227,19.0,4.0
294,0.0014322652169571626,0.0022234567885959233,38.525,9.001770829697328,20.0,9.0
295,0.002661396665163296,0.0022234567885959233,621.082,5.000009059804327,13.0,5.0
296,0.003198496121522232,0.0022234567885959233,22.8742,3.0033773614724004,3.0,3.0
297,0.005725617922595738,0.0022234567885959233,1817.45,11.002735898330661,89.0,11.0
298,0.0013909498741603299,0.0022234567885959233,5.05506,2.000269811004809,2.0,2.0
299,0.0016319560404752798,0.0022234567885959233,1.42109e-13,11.005731980263606,27.0,11.0
300,0.0030917648192970715,0.0022234567885959233,310.638,11.001250330042577,91.0,11.0
301,0.001614741314309942,0.0022234567885959233,28.6013,14.00209692869316,30.0,14.0
302,0.0007849915131400431,0.0022234567885959233,16.6266,1.0,1.0,1.0
303,0.003983487634662164,0.004443201629297677,228.764,1.0007492774788536,1.0,1.0
304,0.0028473157077489875,0.0022234567885959233,0.0,1.000836341582492,1.0,1.0
305,0.005319350385093458,0.0022234567885959233,1634.87,2.001714218215974,43.0,2.0
306,0.004110876608285796,0.0022234567885959233,182.816,6.001278411467425,23.0,6.0
307,0.002323988032322366,0.0022234567885959233,8.18132,1.0,3.0,1.0
308,0.008063377735850308,0.0022234567885959233,3442.67,19.005896719474105,280.0,19.0
309,0.0023136591966231856,0.0022234567885959233,136.03,5.002051148885488,12.0,5.0
310,0.002344645703720838,0.0022234567885959233,174.189,1.0000026297887865,1.0,1.0
311,0.0038078974277756528,0.0022234567885959233,4.98334,7.0023179040433625,18.0,7.0
312,0.004007588251293659,0.006660471838069948,77.0144,1.0020588252102607,1.0,1.0
313,0.00303323475033479,0.0022234567885959233,50.8182,1.0004876571636732,3.0,1.0
314,0.0032432544095520877,0.0022234567885959233,537.091,8.004486379914402,60.0,8.0
315,0.005825463334354741,0.0022234567885959233,1343.2,4.000659929954524,4.0,4.0
316,0.005298692713694986,0.0022234567885959233,2923.12,8.002370478656616,106.0,8.0
317,0.003835440989640171,0.0022234567885959233,1.13687e-13,1.0015724842603264,2.0,1.0
318,0.004048903594090492,0.0022234567885959233,1.49664,3.0005328680987664,3.0,3.0
319,0.001611298369076808,0.0022234567885959233,0,1.000780513271606,1.0,1.0
320,0.0028301009815836498,0.0022234567885959233,4.26326e-14,1.00002925131835,3.0,1.0
321,0.004623875448013237,0.0022234567885959233,296.162,3.0020924967533227,5.0,3.0
322,0.006445193476307343,0.0022234567885959233,1984.45,11.001826149709954,46.0,11.0
323,0.004654861955110889,0.0022234567885959233,612.061,1.0010336755352003,1.0,1.0
324,0.004672076681276227,0.0022234567885959233,712.819,3.0002449435674614,8.0,3.0
325,0.005068015383079327,0.004443201629297677,672.736,11.00115034126803,21.0,11.0
326,0.0016353989857083029,0.0022234567885959233,0,21.007623185313555,255.0,21.0
327,0.004004145306060636,0.0022234567885959233,88.8503,2.002961956902198,2.0,2.0
328,0.0016181842595429652,0.0022234567885959233,9.23706e-14,9.001948747674104,15.0,9.0
329,0.0035118041377315556,0.0022234567885959233,679.598,24.001056036921785,25.0,24.0
330,0.0026751684460954994,0.004443201629297677,211.534,2.00000640713441,5.0,2.0
331,0.004035131813158288,0.006660471838069948,293.734,3.003271315701158,7.0,3.0
332,0.009240865005560317,0.0022234567885959233,5171.74,17.00341605107718,44.0,17.0
333,0.0046101036670809226,0.0022234567885959233,1786.58,1.019694339421597,10.0,1.0
334,0.0027922285840199512,0.0022234567885959233,641.048,13.000821896808082,32.0,13.0
335,0.004186621403413304,0.0022234567885959233,2912.36,30.009176022909763,120.0,30.0
336,0.004740935585937689,0.0022234567885959233,2542.32,13.001792676693189,57.0,13.0
337,0.00501292825935018,0.0022234567885959233,923.765,3.000425788727063,3.0,3.0
338,0.0015768689167461325,0.0022234567885959233,0,11.015891716175297,27.0,11.0
339,0.001611298369076808,0.0022234567885959233,6.63081e-14,9.00291036582855,54.0,9.0
340,0.0025477794724719782,0.0022234567885959233,325.244,1.0,4.0,1.0
341,0.008018619447820452,0.0022234567885959233,4644.44,45.00463895014309,105.0,45.0
342,0.0038767563324370036,0.0022234567885959233,16.1237,1.001579381961025,1.0,1.0
343,0.0016319560404752798,0.0022234567885959233,0,12.0066404794894,90.0,12.0
344,0.00447238585775811,0.0022234567885959233,559.074,4.000692976256589,7.0,4.0
345,0.005811691553422427,0.0022234567885959233,1720.31,27.00263879171554,41.0,28.0
346,0.005160974904372173,0.0022234567885959233,1461.65,9.001012983515631,18.0,9.0
347,0.001611298369076808,0.0022234567885959233,7.99361e-14,10.003428843962935,30.0,10.0
348,0.0032914556428150776,0.0022234567885959233,2.94376,1.0003934403719135,2.0,1.0
349,0.007168211975252081,0.0022234567885959233,7063.13,20.002220793947636,100.0,20.0
350,0.0016009695333776275,0.0022234567885959233,5.68434e-14,5.001225913749114,13.0,5.0
351,0.001638841930941437,0.0022234567885959233,0,42.00738065586399,158.0,42.0
352,0.001614741314309942,0.0022234567885959233,0,21.00756551133621,105.0,21.0
353,0.0016285130952421456,0.0022234567885959233,0,34.005063436978176,134.0,34.0
354,0.0033189992046795957,0.0022234567885959233,0,6.0017473116119655,6.0,6.0
355,0.0015837548072122898,0.0022234567885959233,0,23.00223914495901,159.0,23.0
356,0.004968169971320213,0.0022234567885959233,1422.23,14.000904077478118,89.0,14.0
357,0.005739389703527942,0.0022234567885959233,1578.03,4.001496982489411,10.0,4.0
358,0.0063935492978113295,0.004443201629297677,3013.37,16.00848706333344,54.0,16.0
359,0.003570334206693726,0.0022234567885959233,0,1.000131015936901,1.0,1.0
360,0.003060778312199419,0.0022234567885959233,8.15097,4.001175522273836,9.0,4.0
361,0.001611298369076808,0.0022234567885959233,4.47642e-13,10.002491995743412,27.0,10.0
362,0.006069912445902714,0.0022234567885959233,2810.73,12.00055810045263,27.0,13.0
363,0.006730957930652148,0.0022234567885959233,3006.0,6.003549925384358,12.0,6.0
364,0.0016285130952421456,0.0022234567885959233,8.73968e-13,5.00172322598972,11.0,5.0
365,0.003911185784767679,0.004443201629297677,0,2.000873248509155,2.0,2.0
366,0.0015837548072122898,0.0022234567885959233,8.52651e-14,3.0010733944338424,19.0,3.0
367,0.004097104827353482,0.0022234567885959233,6.58188,11.00146107083432,32.0,11.0
368,0.0017765597402642497,0.0022234567885959233,13.4501,1.0000005892852617,1.0,1.0
369,0.006940977589869446,0.0022234567885959233,2102.75,2.0008087930146274,3.0,2.0
370,0.001614741314309942,0.0022234567885959233,1.13687e-13,8.002103727483888,18.0,8.0
371,0.0099191252164752,0.004443201629297677,3658.36,6.007900324540555,26.0,6.0
372,0.009585159528867404,0.0022234567885959233,5047.65,15.006528752345526,88.0,15.0
373,0.0031365231073269273,0.0022234567885959233,44.2104,2.0006314541563994,2.0,2.0
374,0.0033121133142135495,0.0022234567885959233,5.68434e-14,3.000130875910269,3.0,3.0
375,0.003790682701610315,0.0022234567885959233,347.292,1.0004210697324074,2.0,1.0
376,0.001566540081046952,0.0022234567885959233,5.25802e-13,20.088188158596537,91.0,20.0
377,0.005054243602147013,0.0022234567885959233,1254.52,7.001088933639091,10.0,7.0
378,0.002303330360923894,0.0022234567885959233,314.386,2.000209385132052,4.0,2.0
379,0.0016216272047760993,0.0022234567885959233,7.10543e-15,15.003623457356142,36.0,15.0
380,0.0016353989857083029,0.0022234567885959233,1.42109e-13,3.0042226317684126,13.0,3.0
381,0.003759696194512663,0.0022234567885959233,0,1.0007712854800266,1.0,1.0
382,0.0042658091437739465,0.0022234567885959233,466.727,1.0016598978379623,5.0,1.0
383,0.0034670458497017,0.0022234567885959233,0,1.0016413544136546,1.0,1.0
384,0.009598931309799608,0.0022234567885959233,5680.87,17.004434702330755,68.0,17.0
385,0.0014735805597539953,0.0022234567885959233,0,3.001870834091767,10.0,3.0
386,0.003735595577881168,0.0022234567885959233,0.0,3.0009599418062947,3.0,3.0
387,0.005887436348550046,0.0022234567885959233,2237.86,4.000579739855542,9.0,4.0
388,0.0038319980444071478,0.0022234567885959233,123.269,8.0028235633907,20.0,8.0
389,0.0015837548072122898,0.0022234567885959233,23.3054,10.003308721577826,36.0,10.0
390,0.0015527683001146375,0.0022234567885959233,0,20.0128021241977,103.0,20.0
391,0.012897272843080843,0.004443201629297677,8242.11,52.00066868189411,54.0,52.0
392,0.0016044124786106506,0.0022234567885959233,1.5774e-12,27.006387052165636,292.0,27.0
393,0.004028245922692131,0.0022234567885959233,126.941,4.000941707405604,7.0,4.0
394,0.0046824055169754075,0.004443201629297677,726.534,11.014247381896627,25.0,11.0
395,0.0016250701500091225,0.0022234567885959233,8.52651e-14,7.004519557304239,20.0,7.0
396,0.0043140103770369365,0.004443201629297677,283.053,3.0020355358920097,4.0,3.0
397,0.007030494165929269,0.004443201629297677,1238.41,14.018433331392059,53.0,14.0
398,0.001611298369076808,0.0022234567885959233,2.88269e-13,15.001363234056008,47.0,15.0
399,0.003980044689429141,0.0022234567885959233,129.141,1.0010376576879418,1.0,1.0
400,0.003866427496737823,0.0022234567885959233,0.269517,1.0011152487263966,1.0,1.0
401,0.004076447155955121,0.0022234567885959233,1.17223,1.0007490902793466,1.0,1.0
402,0.002537450636772687,0.0022234567885959233,191.382,1.00000038926372,1.0,1.0
403,0.01974184796642442,0.011087588359826372,13614.8,13.00905394596022,175.0,13.0
404,0.0016216272047760993,0.0022234567885959233,0,2.014505880980076,2.0,2.0
405,0.0016181842595429652,0.0022234567885959233,62.0241,1.0001165442921818,1.0,1.0
406,0.0035014753020323752,0.0022234567885959233,706.47,12.001095009912968,20.0,12.0
407,0.0014804664502201526,0.0022234567885959233,0,5.000926912252902,23.0,5.0
408,0.0036598507827535487,0.0022234567885959233,134.34,7.000259530577293,9.0,7.0
409,0.0025822089248026536,0.0022234567885959233,1.7053e-13,1.0001368018231247,1.0,1.0
410,0.007361016908304041,0.006660471838069948,1674.49,5.004900812408698,22.0,5.0
411,0.0035634483162276798,0.0022234567885959233,62.4668,3.000906064946468,3.0,3.0
412,0.003566891261460703,0.004443201629297677,363.129,3.0005900089805726,3.0,3.0
413,0.006063026555436557,0.0022234567885959233,1846.95,8.010129875549053,19.0,8.0
414,0.0013840639836941726,0.0022234567885959233,0,11.000826094756338,42.0,11.0
415,0.0016078554238437848,0.0022234567885959233,12.6769,4.001269394610063,7.0,4.0
416,0.001614741314309942,0.0022234567885959233,0,15.006171272247368,110.0,15.0
417,0.004417298734029074,0.004443201629297677,2630.86,13.001667210028202,29.0,13.0
418,0.002220699675330229,0.0022234567885959233,3.66008,1.0000018920473466,1.0,1.0
419,0.003859541606271666,0.0022234567885959233,355.375,3.0001190624002008,8.0,3.0
420,0.0034532740687693853,0.0022234567885959233,2254.61,5.002464152769762,20.0,5.0
421,0.006262717378954674,0.0022234567885959233,4177.59,2.00115600440812,16.0,2.0
422,0.0031709525596576027,0.0022234567885959233,21.1203,3.00125679552259,11.0,3.0
423,0.0014839093954532867,0.0022234567885959233,1.13687e-13,2.0005467960301706,2.0,2.0
424,0.007966975269324439,0.008875267414912846,3128.38,2.0001939832125952,2.0,2.0
425,0.0015975265881446044,0.0022234567885959233,0,8.00220690800458,18.0,8.0
426,0.0013909498741603299,0.0022234567885959233,5.68434e-14,7.000747936169665,12.0,7.0
427,0.001418493436024959,0.0022234567885959233,1.62397,2.0000911339953653,2.0,2.0
428,0.003838883934873194,0.0022234567885959233,15.8047,1.0006355119657258,1.0,1.0
429,0.0030366776955679242,0.0022234567885959233,1.59072,1.000025322949229,1.0,1.0
430,0.0014701376145209721,0.0022234567885959233,0,14.00328067190905,72.0,14.0
431,0.0016078554238437848,0.0022234567885959233,4.54747e-13,6.001475406587724,48.0,6.0
432,0.004076447155955121,0.0022234567885959233,1447.31,11.00255914416313,72.0,11.0
433,0.0022826726895255334,0.0022234567885959233,2.84217e-14,3.000085147919823,3.0,3.0
434,0.004678962571742384,0.0022234567885959233,859.511,8.001505348552444,12.0,8.0
435,0.0023790751560515133,0.0022234567885959233,364.664,12.002575888226103,36.0,12.0
436,0.0016078554238437848,0.0022234567885959233,0,29.004105056030337,126.0,29.0
437,0.004613546612314057,0.0022234567885959233,866.52,27.001943706770277,100.0,27.0
438,0.0027750138578546135,0.0022234567885959233,179.14,2.0001368374605923,2.0,2.0
439,0.0013496345313634972,0.0022234567885959233,2.4869e-13,15.00091301248664,27.0,15.0
440,0.001611298369076808,0.0022234567885959233,1.13687e-13,2.001460405803552,2.0,2.0
441,0.0010845277484170524,0.0022234567885959233,2.84217e-13,2.0001098082034248,2.0,2.0
442,0.0034877035211000607,0.0022234567885959233,426.75,8.000799858293421,59.0,8.0
443,0.0032639120809505595,0.0022234567885959233,361.398,11.002305956201374,27.0,11.0
444,0.0015321106287162767,0.0022234567885959233,0,13.002592749906556,31.0,13.0
445,0.0007540050060423908,0.0022234567885959233,21.9345,2.0000873926008023,12.0,2.0
446,0.0041177624987519534,0.004443201629297677,2790.23,5.000110305924912,15.0,5.0
447,0.0006920319918470863,0.0022234567885959233,0,2.000042469140288,2.0,2.0
448,0.0016181842595429652,0.0022234567885959233,0,47.01178885822157,221.0,47.0
449,0.0016078554238437848,0.0022234567885959233,2.13163e-14,20.026540902208964,42.0,20.0
450,0.004427627569728254,0.008875267414912846,909.018,10.007154607419336,58.0,10.0
451,0.0023308739227885233,0.0022234567885959233,31.1241,1.0000014717093315,1.0,1.0
452,0.0025822089248026536,0.0022234567885959233,86.9579,2.0001355170517767,3.0,2.0
453,0.0015011241216186244,0.0022234567885959233,3.97904e-13,10.00166451753928,17.0,10.0
454,0.001563097135813818,0.0022234567885959233,0,15.006814829236426,32.0,15.0
455,0.0016078554238437848,0.0022234567885959233,97.0153,10.002847707072284,50.0,10.0
456,0.0016078554238437848,0.0022234567885959233,2.0,4.002648402875227,5.0,4.0
457,0.002788785638786817,0.0022234567885959233,1.05265,1.0000280578596759,1.0,1.0
458,0.006021711212639724,0.0022234567885959233,1048.21,5.002645609164557,7.0,5.0
459,0.003401629890273372,0.0022234567885959233,1047.35,3.0013785403261073,13.0,3.0
460,0.0035841059876260406,0.0022234567885959233,4.54747e-13,1.0008409130687506,1.0,1.0
461,0.0014735805597539953,0.0022234567885959233,4.02345e-13,13.001069357675071,38.0,13.0
462,0.002048552413676741,0.0022234567885959233,0,1.000001500353141,2.0,1.0
463,0.0015768689167461325,0.0022234567885959233,0,12.00127064144423,65.0,12.0
464,0.0014081646003256676,0.0022234567885959233,17.9765,2.0000006523887857,2.0,2.0
465,0.0035324618091300275,0.0022234567885959233,8.55185,1.0001119407347328,1.0,1.0
466,0.003763139139745686,0.0022234567885959233,130.346,3.001353245578829,4.0,3.0
467,0.0026235242675994863,0.0022234567885959233,2.06208,3.0005476334665557,5.0,3.0
468,0.0015562112453477717,0.0022234567885959233,0,2.000696253764364,13.0,2.0
469,0.001538996519182323,0.0022234567885959233,9.68114e-14,9.048643111689127,68.0,9.0
470,0.0015321106287162767,0.0022234567885959233,0,20.002394393847055,51.0,20.0
471,0.00392151462046697,0.0022234567885959233,411.871,5.002029005737284,9.0,5.0
472,0.0015940836429114702,0.0022234567885959233,0,7.001067892619412,22.0,7.0
473,0.007047708892094606,0.004443201629297677,1311.2,4.000903750256628,15.0,4.0
474,0.0015975265881446044,0.0022234567885959233,0,15.00197777185612,29.0,15.0
475,0.003374086328408743,0.0022234567885959233,215.792,19.00422342041009,36.0,19.0
476,0.0015458824096484802,0.0022234567885959233,5.68434e-14,12.001239285262184,81.0,12.0
477,0.0036254213304228733,0.0022234567885959233,231.688,5.000841029151101,16.0,5.0
478,0.0025994236509679913,0.0022234567885959233,194.767,6.000054573947502,18.0,6.0
479,0.001563097135813818,0.0022234567885959233,0,15.003485865106514,68.0,15.0
480,0.0014288222717241394,0.0022234567885959233,1.30376,2.0001756402427318,12.0,2.0
481,0.003449831123536362,0.0022234567885959233,57.1405,3.000171244933381,3.0,3.0
482,0.0029506040647411247,0.0022234567885959233,0,4.000347943452765,4.0,4.0
483,0.001587197752445313,0.0022234567885959233,0,27.007305085437128,337.0,27.0
484,0.0022413573467287007,0.0022234567885959233,19.8968,3.000081641803376,3.0,3.0
485,0.0060561406649704,0.0022234567885959233,3281.82,8.000835914545886,27.0,8.0
486,0.00401791708699295,0.0022234567885959233,493.28,17.047327235143577,142.0,17.0
487,0.005853006896219259,0.0022234567885959233,2305.72,21.004369184279998,166.0,21.0
488,0.0042658091437739465,0.0022234567885959233,938.249,3.0026766594534005,30.0,3.0
489,0.0015940836429114702,0.0022234567885959233,5.64881e-13,28.01415195826433,271.0,28.0
490,0.0015011241216186244,0.0022234567885959233,0,1.0010536629649844,2.0,1.0
491,0.0014632517240548149,0.0022234567885959233,0,8.002137125065733,12.0,8.0
492,0.00477192209303523,0.0022234567885959233,1409.51,4.001560719530065,22.0,4.0
493,0.005698074360731109,0.0022234567885959233,918.955,5.000428150170177,5.0,5.0
494,0.0006920319918470863,0.0022234567885959233,0.0,1.0000738575906443,5.0,1.0
495,0.0015975265881446044,0.0022234567885959233,0,18.013186559714857,106.0,18.0
496,0.0030883218740639373,0.0022234567885959233,12.414,4.000506994291321,4.0,4.0
497,0.004052346539323626,0.0022234567885959233,126.326,3.0007584911687903,3.0,3.0
498,0.0031709525596576027,0.0022234567885959233,341.366,4.008517361617851,8.0,4.0
499,0.0015837548072122898,0.0022234567885959233,1.13687e-13,5.001170956068724,14.0,5.0
500,0.0015768689167461325,0.0022234567885959233,0,1.0010578539449213,2.0,1.0
501,0.0015940836429114702,0.0022234567885959233,4.47642e-13,12.012271428940497,72.0,12.0
502,0.0014460369978894771,0.0022234567885959233,1.84741e-13,6.001958176261414,7.0,6.0
503,0.0012119167220406846,0.0022234567885959233,0,4.000670976464823,8.0,4.0
504,0.004000702360827502,0.0022234567885959233,943.54,6.0033451542095415,30.0,6.0
505,0.0015493253548816144,0.0022234567885959233,0,11.005121825981684,51.0,11.0
506,0.002251686182427881,0.0022234567885959233,292.553,5.002857627263973,9.0,5.0
507,0.0015837548072122898,0.0022234567885959233,1.7053e-13,6.001051160807136,7.0,6.0
508,6.885890466157285e-06,0.0022234567885959233,0.0,1.0,1.0,1.0
509,0.006830803342411262,0.0022234567885959233,5656.93,30.003918951227046,70.0,30.0
510,0.00351524708296469,0.004443201629297677,233.381,3.0004163406645117,13.0,3.0
511,0.001587197752445313,0.0022234567885959233,0,22.01666708569496,49.0,22.0
512,0.001587197752445313,0.0022234567885959233,5.68434e-14,1.0011945718898043,1.0,1.0
513,0.0028748592696136166,0.0022234567885959233,15.639,5.002410333549126,7.0,5.0
514,0.0037562532492795286,0.0022234567885959233,95.3251,2.000894353678801,15.0,2.0
515,0.0006954749370802205,0.0022234567885959233,58.1686,2.0,6.0,2.0
516,0.0020864248112405503,0.0022234567885959233,108.263,1.0000007761221368,7.0,1.0
517,0.001270446791002855,0.0022234567885959233,4.54747e-13,2.0007987346439884,3.0,2.0
518,0.001587197752445313,0.0022234567885959233,0.0,6.001172222704769,7.0,6.0
519,0.0032570261904844022,0.0022234567885959233,662.357,9.001444848664693,18.0,9.0
520,0.0017662309045649582,0.0022234567885959233,70.0714,2.000124417592717,2.0,2.0
521,0.003862984551504689,0.0022234567885959233,0,1.0017649883624986,1.0,1.0
522,0.0038560986610386427,0.0022234567885959233,0,1.0003977573684308,1.0,1.0
523,0.0015114529573178048,0.0022234567885959233,0,30.002156714185162,278.0,30.0
524,0.0015803118619792667,0.0022234567885959233,0,4.001280619442222,4.0,4.0
525,0.00129454740763435,0.0022234567885959233,0,3.000693027658954,4.0,3.0
526,0.0012497891196044941,0.0022234567885959233,5.68434e-14,1.0002484261221343,2.0,1.0
527,0.0032088249572214123,0.0022234567885959233,1406.94,8.000057768305972,11.0,8.0
528,0.0015217817930169852,0.0022234567885959233,1.42109e-14,7.000964958324471,9.0,7.0
529,0.0015527683001146375,0.0022234567885959233,0,8.001689493221559,20.0,8.0
530,0.0018041033021287678,0.0022234567885959233,34.3359,5.0000972630734095,7.0,5.0
531,0.0014632517240548149,0.0022234567885959233,1.84741e-13,6.001958886199472,14.0,6.0
532,0.001514895902550828,0.0022234567885959233,0,6.001783594320793,13.0,6.0
533,0.0015940836429114702,0.0022234567885959233,0,28.002590729687252,162.0,28.0
534,0.0027509132412231185,0.0022234567885959233,365.356,8.000820790685543,12.0,8.0
535,0.0024617058416451787,0.0022234567885959233,14.0995,7.000181915797321,9.0,7.0
536,0.0015596541905807948,0.0022234567885959233,9.23706e-14,14.00242064770927,102.0,14.0
537,0.003918071675233836,0.0022234567885959233,0,1.0006164511854578,1.0,1.0
538,0.0014701376145209721,0.0022234567885959233,1.7053e-13,1.0006571201109387,1.0,1.0
539,0.004792579764433702,0.004443201629297677,1027.55,6.002915523994394,10.0,6.0
540,0.002303330360923894,0.0022234567885959233,56.9653,3.000492982747305,5.0,3.0
541,0.003594434823325221,0.0022234567885959233,792.22,15.00386558563325,34.0,15.0
542,0.003890528113369318,0.0022234567885959233,40.5998,3.001579100986937,10.0,3.0
543,0.001514895902550828,0.0022234567885959233,2.13163e-13,24.005854138488296,102.0,24.0
544,0.004148749005849606,0.0022234567885959233,861.385,7.000864885839425,18.0,7.0
545,0.001587197752445313,0.0022234567885959233,1.42109e-13,2.0157184572167623,28.0,2.0
546,0.0029919194075379574,0.0022234567885959233,151.659,9.001454130480395,24.0,9.0
547,0.001587197752445313,0.0022234567885959233,0,16.003228704382554,27.0,16.0
548,0.003959387018030669,0.0022234567885959233,50.4772,4.000692535767288,4.0,4.0
549,0.0074677482105292015,0.0022234567885959233,2154.58,15.004136472169584,41.0,15.0
550,0.004131534279684268,0.0022234567885959233,1628.32,10.000801358128644,40.0,10.0
551,0.004747821476403735,0.004443201629297677,1017.94,6.001970233546058,17.0,6.0
552,1.0328835699180416e-05,0.0022234567885959233,0.0,2.0,9.0,2.0
553,0.005102444835410003,0.0022234567885959233,4121.67,20.00168261552075,78.0,20.0
554,0.004431070514961277,0.0022234567885959233,437.416,1.0002164309631218,1.0,1.0
555,0.0014735805597539953,0.0022234567885959233,0,1.0008768429037735,2.0,1.0
556,0.0013152050790328218,0.0022234567885959233,0,1.0004382081314234,1.0,1.0
557,0.004596331886148719,0.006660471838069948,754.683,2.000730842839749,4.0,2.0
558,0.0037734679754448663,0.0022234567885959233,40.9216,5.000584406077486,14.0,5.0
559,0.0014804664502201526,0.0022234567885959233,0,6.0053376706663,18.0,6.0
560,0.0027061549531931517,0.0022234567885959233,757.935,2.0,50.0,2.0
561,0.0015321106287162767,0.0022234567885959233,7.10543e-15,6.000986644032614,9.0,6.0
562,0.0015217817930169852,0.0022234567885959233,3.05533e-13,26.003860434562018,186.0,26.0
563,0.0014839093954532867,0.0022234567885959233,0.0,1.0,1.0,1.0
564,0.0032122679024544354,0.0022234567885959233,335.442,2.0004217979368195,2.0,2.0
565,0.0037080520160165387,0.004443201629297677,467.048,2.0022495057805663,25.0,2.0
566,0.0012842185719351695,0.0022234567885959233,0,5.000393962274924,7.0,5.0
567,0.004138420170150314,0.0022234567885959233,1313.26,9.00102423161158,15.0,9.0
568,0.0014012787098595103,0.0022234567885959233,0,9.001727337235687,36.0,9.0
569,0.0015699830262799752,0.0022234567885959233,1.56319e-13,18.002678513293507,25.0,18.0
570,0.0029471611195081016,0.0022234567885959233,0,1.0001187774181737,1.0,1.0
571,0.002960932900440305,0.0022234567885959233,184.912,7.000055489447561,9.0,7.0
572,0.0036598507827535487,0.0022234567885959233,6.39488e-14,10.001061259410985,13.0,10.0
573,0.004434513460194411,0.0022234567885959233,628.926,4.000205284555334,14.0,4.0
574,0.001490795285919333,0.0022234567885959233,2.13163e-14,10.001499065145877,11.0,10.0
575,0.00526426326136431,0.0022234567885959233,4261.17,16.001903449028216,20.0,16.0
576,0.002420390498848346,0.0022234567885959233,118.757,1.0000106202461434,1.0,1.0
577,0.0013737351479949922,0.0022234567885959233,0,4.002616986765851,4.0,4.0
578,0.004234822636676294,0.0022234567885959233,1263.11,10.003568025839867,23.0,10.0
579,0.0012842185719351695,0.0022234567885959233,2.84217e-14,3.000677543955972,8.0,3.0
580,0.0015045670668516475,0.0022234567885959233,0,12.001567406971125,16.0,12.0
581,0.0014563658335886576,0.0022234567885959233,7.10543e-14,7.001261268556577,11.0,7.0
582,0.0015183388477839621,0.0022234567885959233,8.92619e-14,23.00456787721141,90.0,23.0
583,0.005164417849605307,0.0022234567885959233,1737.09,4.002937598530268,17.0,4.0
584,0.0022585720728940384,0.0022234567885959233,45.4908,1.0,1.0,1.0
585,0.0034532740687693853,0.0022234567885959233,0,1.0006641197030077,1.0,1.0
586,0.0012738897362359891,0.0022234567885959233,260.387,8.004084352210977,10.0,8.0
587,0.0014976811763854903,0.0022234567885959233,2.13163e-14,14.00409392239763,37.0,14.0
588,0.00134274864089734,0.0022234567885959233,1.7053e-13,9.000549534699129,12.0,9.0
589,0.0014150504907918249,0.0022234567885959233,2.23155e-14,5.001013024954486,13.0,5.0
590,1.0328835699180416e-05,0.0022234567885959233,1.38778e-16,2.0,10.0,2.0
591,0.0013565204218296545,0.0022234567885959233,0,17.00069777598095,22.0,17.0
592,0.00303323475033479,0.0022234567885959233,21.4968,1.0001757355364116,1.0,1.0
593,0.0013599633670626776,0.0022234567885959233,1.13687e-13,2.0125966809504097,8.0,2.0
594,0.0008986087058313608,0.0022234567885959233,0,8.000708806115925,79.0,8.0
595,0.0012842185719351695,0.0022234567885959233,0,1.000301535142195,1.0,1.0
596,0.003618535439956716,0.0022234567885959233,0.0,1.0003872251065002,1.0,1.0
597,0.0026338531032986667,0.0022234567885959233,44.6621,1.0000297603106645,1.0,1.0
598,0.004141863115383448,0.0022234567885959233,825.641,8.000982860120724,12.0,8.0
599,0.000781548567906909,0.0022234567885959233,2.0,6.000079866246449,7.0,6.0
600,0.0022103708396310484,0.0022234567885959233,154.921,18.000352049160536,48.0,18.0
601,0.0025787659795695195,0.0022234567885959233,93.1003,1.0,1.0,1.0
602,0.00129454740763435,0.0022234567885959233,1.00364e-13,3.0004971633626343,4.0,3.0
603,0.0006920319918470863,0.0022234567885959233,0,2.0000875647295366,2.0,2.0
604,0.0014942382311524671,0.0022234567885959233,0,14.009221193100707,234.0,14.0
605,0.0014322652169571626,0.0022234567885959233,1.13687e-13,3.001302212852778,13.0,3.0
606,5.508712372914726e-05,0.0022234567885959233,0,3.000001942223208,3.0,3.0
607,0.0006403878133510732,0.0022234567885959233,2.84217e-14,2.0000489906174757,2.0,2.0
608,0.0013048762433336414,0.0022234567885959233,5.32907e-14,9.000552003018196,52.0,9.0
609,0.003952501127564512,0.0022234567885959233,531.997,2.0002477012552577,4.0,2.0
610,0.0011602725435446715,0.0022234567885959233,1.7053e-13,1.0002047288807532,1.0,1.0
611,4.475828802996684e-05,0.0022234567885959233,2.77556e-16,3.0000030238974373,6.0,3.0
612,0.0015252247382501194,0.0022234567885959233,0,22.00876139011345,73.0,22.0
613,0.0010225547342218588,0.0022234567885959233,0.0,1.0001105984094147,1.0,1.0
614,0.0029437181742749674,0.0022234567885959233,162.908,3.0007798590673285,8.0,3.0
615,0.0012773326814690122,0.0022234567885959233,1.03029e-13,3.0004140043896714,3.0,3.0
616,0.0024858064582766737,0.0022234567885959233,47.7693,6.00001107096509,8.0,6.0
617,0.0004613546612314279,0.0022234567885959233,0,2.000033028954187,2.0,2.0
618,0.0014735805597539953,0.0022234567885959233,3.05589e-14,20.003300016614368,87.0,20.0
619,0.0019280493305192659,0.0022234567885959233,12.3689,1.0000009204831433,1.0,1.0
620,0.000561200072990431,0.0022234567885959233,0,3.000029227036784,6.0,3.0
621,0.00134274864089734,0.0022234567885959233,2.60347e-14,7.002598190238189,14.0,7.0
622,0.00134274864089734,0.0022234567885959233,2.13163e-14,5.003443181260204,12.0,5.0
623,0.0013117621337996876,0.0022234567885959233,0,4.000454193244216,10.0,4.0
624,1.377178093231457e-05,0.0022234567885959233,0.0,1.0000022834382947,1.0,1.0
625,2.0657671398471855e-05,0.004443201629297677,2.0,1.000001926392541,1.0,1.0
626,0.0015458824096484802,0.0022234567885959233,2.27374e-13,45.023124189044765,352.0,45.0
627,0.00352557591866387,0.0022234567885959233,141.286,5.000157817195049,22.0,5.0
628,0.0012153596672738187,0.0022234567885959233,0.0,3.00022359402231,5.0,3.0
629,0.0011671584340108287,0.0022234567885959233,8.99281e-15,8.000870829332671,26.0,8.0
630,0.0013255339147320022,0.0022234567885959233,27.3276,5.000566800834582,8.0,5.0
631,0.0023377598132546806,0.0022234567885959233,15.8343,1.0000029300435085,1.0,1.0
632,0.0031158654359284554,0.0022234567885959233,16.7458,1.0006004980387264,2.0,1.0
633,0.0013496345313634972,0.0022234567885959233,0,15.033925507195345,72.0,15.0
634,0.0014460369978894771,0.0022234567885959233,0,30.00424885676953,118.0,30.0
635,0.0013255339147320022,0.0022234567885959233,2.55795e-13,6.000828538829254,19.0,6.0
636,0.00134274864089734,0.0022234567885959233,0,2.000582566121614,3.0,2.0
637,0.0033568716022434053,0.0022234567885959233,2.40881,2.0000915965946384,2.0,2.0
638,0.001366849257528835,0.0022234567885959233,1.13687e-13,2.000584705572665,2.0,2.0
639,0.0011602725435446715,0.0022234567885959233,0.0,1.0002037056871762,1.0,1.0
640,0.0005887436348549491,0.0022234567885959233,0,2.000060895770148,2.0,2.0
641,4.131534279683269e-05,0.0022234567885959233,0,1.0000016340049096,1.0,1.0
642,4.475828802996684e-05,0.0022234567885959233,0,2.000001634072374,2.0,2.0
643,0.0037734679754448663,0.004443201629297677,424.016,2.001658281820955,5.0,2.0
644,0.0014460369978894771,0.0022234567885959233,0.0,8.00123091264623,10.0,8.0
645,0.0012119167220406846,0.0022234567885959233,123.625,11.001023423480975,45.0,11.0
646,0.0004716834969306083,0.0022234567885959233,2.61457,1.0000778863789495,1.0,1.0
647,0.002299887415690871,0.0022234567885959233,156.945,3.0,4.0,3.0
648,0.0013048762433336414,0.0022234567885959233,0,21.008606540945305,87.0,21.0
649,0.0014529228883556344,0.0022234567885959233,0,9.00291328049358,36.0,9.0
650,0.0013634063122958118,0.0022234567885959233,1.56319e-13,10.00087428440604,35.0,10.0
651,0.0012911044624013268,0.0022234567885959233,1.7053e-13,2.0004977859349355,3.0,2.0
652,0.0012911044624013268,0.0022234567885959233,2.84217e-14,8.054034442208202,11.0,8.0
653,0.001146500762612357,0.0022234567885959233,5.68434e-14,1.0001855105563977,1.0,1.0
654,0.003157180778725399,0.0022234567885959233,2.84217e-14,1.00004567450414,1.0,1.0
655,0.0006300589776518928,0.0022234567885959233,2.37219,1.0000377683669457,1.0,1.0
656,0.0024100616631491656,0.0022234567885959233,74.7459,1.0000026424407698,2.0,1.0
657,0.0019314922757524,0.004443201629297677,10.2755,1.0,1.0,1.0
658,0.0035083611924985325,0.0022234567885959233,0.0,3.000641739430796,6.0,3.0
659,0.00381478331824181,0.0022234567885959233,466.676,7.000289561649876,43.0,7.0
660,0.0013530774765966314,0.0022234567885959233,6.39488e-14,16.00198454146895,17.0,16.0
661,0.001370292202761969,0.0022234567885959233,0,9.004071721501804,31.0,9.0
662,0.0012291314482060223,0.0022234567885959233,2.53254,2.0,4.0,2.0
663,0.001149943707845491,0.0022234567885959233,1.27898e-13,10.000254528566535,25.0,10.0
664,1.377178093231457e-05,0.0022234567885959233,0.0,1.0,1.0,1.0
665,0.0012256885029729991,0.0022234567885959233,0.0,1.0,1.0,1.0
666,0.0012015878863415042,0.0022234567885959233,2.4869e-13,3.0003984876613967,3.0,3.0
667,0.0013771780932281263,0.0022234567885959233,0,15.008205164318586,37.0,15.0
668,1.377178093231457e-05,0.0022234567885959233,0.0,1.0000002136014803,1.0,1.0
669,0.0013048762433336414,0.0022234567885959233,2.27374e-13,1.0006788607885562,1.0,1.0
670,0.0012394602839053137,0.0022234567885959233,1.23161e-12,16.001665077628573,343.0,16.0
671,0.003102093654996252,0.0022234567885959233,202.786,1.0000486473561294,2.0,1.0
672,0.0013634063122958118,0.0022234567885959233,1.89293e-14,4.000672510314877,6.0,4.0
673,0.003646079001821345,0.0022234567885959233,1.13687e-13,1.0002140208016723,1.0,1.0
674,1.0328835699180416e-05,0.0022234567885959233,0.0,2.0,2.0,2.0
675,0.0013117621337996876,0.0022234567885959233,0,7.000822254181442,9.0,7.0
676,0.0023859610465176706,0.0022234567885959233,49.4898,1.0001171428587425,2.0,1.0
677,0.0024823635130436505,0.0022234567885959233,234.64,5.001953050111978,10.0,5.0
678,0.0014116075455588017,0.0022234567885959233,6.10293,1.0000012780843457,1.0,1.0
679,1.72147261653377e-05,0.0022234567885959233,0.0,1.0000013666100669,1.0,1.0
680,0.001146500762612357,0.0022234567885959233,5.68434e-14,3.000202740022678,4.0,3.0
681,6.885890466157285e-06,0.0022234567885959233,0.0,1.0,1.0,1.0
682,0.0006231730871857355,0.0022234567885959233,2.84217e-14,1.0000455716715153,2.0,1.0
683,0.0010122258985226784,0.0022234567885959233,0,4.000134078571442,6.0,4.0
684,0.003907742839534656,0.0022234567885959233,977.5,8.000065663609622,18.0,8.0
685,0.0019728076185492327,0.0022234567885959233,264.168,1.0000026218298799,1.0,1.0
686,6.885890466157285e-06,0.0022234567885959233,0.0,1.0,2.0,1.0
687,0.0011912590506423237,0.0022234567885959233,2.20268e-13,13.001263592042072,18.0,13.0
688,0.0012738897362359891,0.0022234567885959233,3.55271e-13,9.00196216560667,50.0,9.0
689,0.0010328835699210392,0.0022234567885959233,0,3.0001360674098194,3.0,3.0
690,0.0008951657605982266,0.0022234567885959233,0,13.000297304492662,30.0,13.0
691,2.0657671398471855e-05,0.0022234567885959233,0.0,1.000006864286895,1.0,1.0
692,1.377178093231457e-05,0.0022234567885959233,0.0,3.0,3.0,3.0
693,0.0012394602839053137,0.0022234567885959233,0,26.006793606156133,95.0,26.0
694,0.0013255339147320022,0.0022234567885959233,0,20.002259564736388,274.0,20.0
695,0.0008745080891998658,0.0022234567885959233,51.0319,1.0000942653688478,2.0,1.0
696,0.0012566750100706514,0.0022234567885959233,57.0518,6.000001058129783,9.0,6.0
697,0.001149943707845491,0.0022234567885959233,0,2.000409463412153,3.0,2.0
698,0.0022861156347585565,0.0022234567885959233,0.0,1.0,1.0,1.0
699,0.0012291314482060223,0.0022234567885959233,0,7.000525246103521,8.0,7.0
700,0.0013496345313634972,0.0022234567885959233,1.51879e-13,18.00477918839122,57.0,18.0
701,0.0012497891196044941,0.0022234567885959233,7.81597e-13,14.000749240082964,82.0,14.0
702,0.0012532320648375173,0.0022234567885959233,0,21.00072430409709,116.0,21.0
703,0.0010604271317856684,0.0022234567885959233,0,4.000171551508465,13.0,4.0
704,1.72147261653377e-05,0.0022234567885959233,4.44089e-16,1.0000369616684104,2.0,1.0
705,0.0013152050790328218,0.0022234567885959233,1.13687e-13,4.000595624384118,5.0,4.0
706,0.003246697354785222,0.0022234567885959233,5.30336,1.0001898795365194,1.0,1.0
707,1.72147261653377e-05,0.0022234567885959233,4.44089e-16,2.0000017637362046,4.0,2.0
708,0.0011086283650485473,0.0022234567885959233,1.13243e-13,8.000338251616943,13.0,8.0
709,0.0012429032291383368,0.0022234567885959233,1.95399e-14,12.001450007126435,29.0,12.0
710,0.0010363265151541734,0.0022234567885959233,8.52651e-14,12.000363452896067,35.0,12.0
711,0.0011568295983115373,0.0022234567885959233,7.10543e-15,3.0005721612916925,7.0,3.0
712,0.0011396148721461996,0.0022234567885959233,1.7053e-13,1.0004912309092828,2.0,1.0
713,0.0012807756267021464,0.0022234567885959233,1.93179e-13,15.001885265021734,17.0,15.0
714,1.377178093231457e-05,0.0022234567885959233,0.0,1.0000005684310036,1.0,1.0
715,0.0006679313752155913,0.0022234567885959233,2.84217e-14,3.0002418954433794,3.0,3.0
716,0.0013255339147320022,0.0022234567885959233,0,11.001345550978627,15.0,11.0
717,0.0011120713102816815,0.0022234567885959233,0,3.000880843184959,25.0,3.0
718,0.0007058037727794009,0.0022234567885959233,0,7.000183096531698,8.0,7.0
719,0.0015699830262799752,0.0022234567885959233,75.0314,3.0000013663940095,4.0,3.0
720,0.0008676221987337085,0.0022234567885959233,0,8.000205627443114,18.0,8.0
721,0.0013048762433336414,0.0022234567885959233,0,16.023009749145707,215.0,16.0
722,0.0011568295983115373,0.0022234567885959233,1.63425e-13,10.001416368568485,32.0,10.0
723,0.001859190425857915,0.004443201629297677,329.471,8.000474814789074,15.0,8.0
724,0.0009192663772297216,0.0022234567885959233,5.68434e-14,1.0001076812967973,1.0,1.0
725,0.0012015878863415042,0.0022234567885959233,0,8.025578953706681,31.0,8.0
726,1.0328835699180416e-05,0.0022234567885959233,0.0,1.0000002855318717,1.0,1.0
727,1.72147261653377e-05,0.0022234567885959233,0.0,2.000000446902944,2.0,2.0
728,4.475828802996684e-05,0.0022234567885959233,1.77636e-15,1.0000034686321178,1.0,1.0
729,0.003353428657010382,0.0022234567885959233,133.627,5.022703288832821,10.0,5.0
730,0.0010053400080565211,0.0022234567885959233,1.7053e-13,1.0001588416320244,1.0,1.0
731,3.44294523306754e-05,0.0022234567885959233,0.0,1.0000419843778676,1.0,1.0
732,0.0010845277484170524,0.0022234567885959233,5.68434e-14,1.0003204000190693,1.0,1.0
733,0.0011671584340108287,0.0022234567885959233,5.68434e-14,5.00044424982816,5.0,5.0
734,0.001001897062823387,0.0022234567885959233,1.13687e-13,2.000258694762896,3.0,2.0
735,0.0011327289816800423,0.0022234567885959233,5.68434e-14,1.0012512632817399,1.0,1.0
736,0.0012876615171681927,0.0022234567885959233,0,17.00373287100303,46.0,17.0
737,6.885890466157285e-06,0.0022234567885959233,0.0,1.0,1.0,1.0
738,0.001297990352867484,0.0022234567885959233,4.26326e-14,4.0050872870456855,10.0,4.0
739,0.0010879706936501865,0.0022234567885959233,5.68434e-14,4.000397845045256,4.0,4.0
740,6.885890466157285e-06,0.0022234567885959233,0.0,1.0,1.0,1.0
741,0.0005577571277574078,0.0022234567885959233,0,2.0002184247196384,2.0,2.0
742,0.0010053400080565211,0.0022234567885959233,0.0,2.000228804792531,2.0,2.0
743,0.0010294406246880161,0.0022234567885959233,0,14.001285288166413,46.0,14.0
744,0.0011774872697100092,0.0022234567885959233,2.13163e-13,12.001794315672443,31.0,12.0
745,0.001050098296086377,0.0022234567885959233,0,13.001294960116551,45.0,13.0
746,0.0011809302149430323,0.0022234567885959233,0,8.002823281763805,15.0,8.0
747,6.885890466157285e-06,0.0022234567885959233,0.0,1.0,1.0,1.0
748,0.001025997679454882,0.0022234567885959233,3.83693e-13,10.000501958840756,73.0,10.0
749,0.0011637154887776946,0.0022234567885959233,0,22.00136247194715,69.0,22.0
750,0.0011809302149430323,0.0022234567885959233,0,8.000652491638819,8.0,8.0
751,0.0012601179553036745,0.0022234567885959233,1.60788e-13,23.004141800048412,71.0,23.0
752,0.0011430578173793338,0.0022234567885959233,0.0,2.0009929681554186,2.0,2.0
753,8.607363082679953e-05,0.0022234567885959233,0,6.000024913897999,11.0,6.0
754,0.0010879706936501865,0.0022234567885959233,0,7.0006854279481665,7.0,7.0
755,0.001077641857951006,0.0022234567885959233,0.0,2.0057273022944124,12.0,2.0
756,6.885890466157285e-06,0.0022234567885959233,0,1.0,3.0,1.0
757,0.0011361719269131765,0.0022234567885959233,5.68434e-14,5.005802965362275,10.0,5.0
758,1.0328835699180416e-05,0.0022234567885959233,0.0,2.0,3.0,2.0
759,0.0008641792535005743,0.0022234567885959233,0,4.000103994384717,6.0,4.0
760,0.0005680859634565882,0.0022234567885959233,0,6.000062563224781,15.0,6.0
761,0.0010053400080565211,0.0022234567885959233,1.7053e-13,1.0001784802534783,1.0,1.0
762,0.0007918774036060894,0.0022234567885959233,3.12639e-13,1.0002465069726876,1.0,1.0
763,0.0010914136388832096,0.0022234567885959233,0,14.00106091261619,56.0,14.0
764,0.0005680859634565882,0.0022234567885959233,1.32561e-13,4.000041084487352,13.0,4.0
765,0.0010569841865525342,0.0022234567885959233,1.13687e-13,2.000702561171973,3.0,2.0
766,0.001125843091213996,0.0022234567885959233,0,15.000477561011154,24.0,15.0
767,5.853006896217039e-05,0.0022234567885959233,0.0,2.00000835480424,2.0,2.0
768,6.885890466157285e-06,0.0022234567885959233,0.0,1.0,2.0,1.0
769,4.131534279683269e-05,0.0022234567885959233,0,1.0000038970184475,2.0,1.0
770,0.0011155142555147046,0.0022234567885959233,8.51819e-14,12.001198464616019,29.0,12.0
771,0.0009984541175903638,0.0022234567885959233,5.68434e-14,1.0004198837216909,2.0,1.0
772,0.0008882798701320693,0.0022234567885959233,2.84217e-14,3.0002308683770402,5.0,3.0
773,0.001098299529349367,0.0022234567885959233,0,3.000513269553071,3.0,3.0
774,2.7543561864518118e-05,0.0022234567885959233,0.0,1.0000059445367089,1.0,1.0
775,0.0006197301419526013,0.0022234567885959233,2.84217e-14,1.0000496705543578,1.0,1.0
776,0.0005680859634565882,0.0022234567885959233,1.42109e-14,5.000088609230698,9.0,5.0
777,1.72147261653377e-05,0.0022234567885959233,0.0,3.000000096302578,4.0,3.0
778,0.0010294406246880161,0.0022234567885959233,1.01164e-12,53.01088987478006,665.0,53.0
779,6.885890466157285e-06,0.0022234567885959233,0.0,1.0,1.0,1.0
780,0.0008572933630345281,0.0022234567885959233,0,1.0001072694203734,3.0,1.0
781,6.885890466157285e-06,0.0022234567885959233,0.0,1.0,1.0,1.0
782,6.885890466157285e-06,0.0022234567885959233,0,1.0,3.0,1.0
783,0.0007161326084785813,0.0022234567885959233,8.52651e-14,1.0002054918232968,1.0,1.0
784,0.001025997679454882,0.0022234567885959233,0,8.000609671789089,11.0,8.0
785,5.1644178496013105e-05,0.0022234567885959233,0.0,1.000008505274797,1.0,1.0
786,0.0009605817200265543,0.0022234567885959233,0,10.000244737094935,43.0,10.0
787,0.0026579537199301617,0.0022234567885959233,276.476,6.000027895318789,22.0,6.0
788,0.003198496121522232,0.0022234567885959233,1.13687e-13,1.0010523024621192,2.0,1.0
789,0.0009089375415305412,0.0022234567885959233,2.84217e-13,2.000247148346908,2.0,2.0
790,0.0001755902068866222,0.0022234567885959233,0,1.0000352913559374,1.0,1.0
791,6.885890466157285e-06,0.0022234567885959233,0.0,1.0,1.0,1.0
792,1.377178093231457e-05,0.0022234567885959233,0.0,2.0000052744563352,3.0,2.0
793,0.0008538504178013939,0.0022234567885959233,1.11022e-14,10.007990660298749,18.0,10.0
794,0.0006266160324187586,0.0022234567885959233,0,4.00012110734157,4.0,4.0
795,0.0005439853468250933,0.0022234567885959233,0,1.0000316428648306,7.0,1.0
796,0.0007677767869745944,0.0022234567885959233,3.69482e-13,3.0000863766649384,5.0,3.0
797,2.7543561864518118e-05,0.0022234567885959233,0.0,4.000001579120632,5.0,4.0
798,1.377178093231457e-05,0.0022234567885959233,0,3.0,7.0,3.0
799,0.00010673130222516036,0.0022234567885959233,3.55271e-15,2.000005437811256,2.0,2.0
800,6.885890466157285e-06,0.0022234567885959233,0.0,1.0,1.0,1.0
801,0.000733347334643919,0.0022234567885959233,0,4.000077575155221,4.0,4.0
802,0.0006920319918470863,0.0022234567885959233,5.68434e-14,1.0000556183101532,1.0,1.0
803,0.0005921865800880832,0.0022234567885959233,5.68434e-14,1.00003256712552,1.0,1.0
804,0.00013083191885665535,0.0022234567885959233,0.0,1.0000061386198513,4.0,1.0
805,1.377178093231457e-05,0.0022234567885959233,4.44089e-16,1.0000130614422276,1.0,1.0
806,0.0007367902798770531,0.0022234567885959233,0,4.00006823292061,4.0,4.0
807,1.0328835699180416e-05,0.0022234567885959233,0,2.0,7.0,2.0
808,0.0008676221987337085,0.0022234567885959233,2.84217e-14,1.0002727017457358,1.0,1.0
809,0.0005508712372912505,0.0022234567885959233,0,1.0000365428501463,1.0,1.0
810,0.0006920319918470863,0.0022234567885959233,1.89293e-14,20.000350069264798,123.0,20.0
811,0.0006644884299825682,0.0022234567885959233,0,2.000166030558515,5.0,2.0
812,0.0005439853468250933,0.0022234567885959233,0,1.0000361841951042,1.0,1.0
813,9.984541175900308e-05,0.0022234567885959233,0,3.001431412838167,5.0,3.0
814,0.0007436761703432104,0.0022234567885959233,0.0,2.0001568719679654,2.0,2.0
815,0.0008469645273352366,0.0022234567885959233,1.13687e-13,7.0004553405564165,20.0,7.0
816,6.885890466157285e-06,0.0022234567885959233,0.0,1.0,2.0,1.0
817,4.820123326298997e-05,0.0022234567885959233,1.11022e-15,4.000007408746607,9.0,4.0
818,6.885890466157285e-06,0.0022234567885959233,0.0,1.0,1.0,1.0
819,4.131534279683269e-05,0.0022234567885959233,0,7.000029489245808,15.0,7.0
820,0.00020657671398416344,0.0022234567885959233,0.0,14.000088521939395,16.0,14.0
821,0.0007505620608092567,0.0022234567885959233,8.52651e-14,4.000053431354483,5.0,4.0
822,6.885890466157285e-06,0.0022234567885959233,0.0,1.0,1.0,1.0
823,1.0328835699180416e-05,0.0022234567885959233,0.0,2.0,2.0,2.0
824,2.0657671398471855e-05,0.0022234567885959233,0.0,2.0003757337040096,2.0,2.0
825,8.951657605982266e-05,0.0022234567885959233,0,8.000010862822155,30.0,8.0
826,0.000805649184538404,0.0022234567885959233,0,15.000904333115905,53.0,15.0
827,1.0328835699180416e-05,0.0022234567885959233,0.0,1.0000009935459258,1.0,1.0
828,5.508712372914726e-05,0.0022234567885959233,0,2.0000022645064344,2.0,2.0
829,0.0007058037727794009,0.0022234567885959233,2.84217e-14,3.000051448495142,3.0,3.0
830,6.885890466157285e-06,0.0022234567885959233,0.0,1.0,1.0,1.0
831,0.0007918774036060894,0.0022234567885959233,1.64313e-14,16.000188151030986,65.0,16.0
832,6.885890466157285e-06,0.0022234567885959233,0.0,1.0,1.0,1.0
833,1.377178093231457e-05,0.0022234567885959233,0.0,1.0000022264693216,1.0,1.0
834,0.0004200393184345952,0.0022234567885959233,5.02931e-14,5.0001748057877355,26.0,5.0
835,0.00010328835699213723,0.0022234567885959233,0,3.0005008902260766,5.0,3.0
836,0.00046824055169758516,0.0022234567885959233,0,13.000037705815275,30.0,13.0
837,8.263068559366538e-05,0.0022234567885959233,0,1.0000057958795248,1.0,1.0
838,4.131534279683269e-05,0.0022234567885959233,0,1.0000075095353462,1.0,1.0
839,2.0657671398471855e-05,0.0022234567885959233,0.0,1.0000010544059064,1.0,1.0
840,0.0005577571277574078,0.0022234567885959233,0,1.0000449504080544,11.0,1.0
841,0.0006162871967195782,0.0022234567885959233,0,7.000047014151866,7.0,7.0
842,0.00039249575656996605,0.0022234567885959233,0,13.000027764905079,25.0,13.0
843,0.0007264614441777617,0.0022234567885959233,2.55795e-13,19.00092990984373,141.0,19.0
844,6.885890466157285e-06,0.0022234567885959233,0.0,1.0,1.0,1.0
845,0.00014116075455583577,0.0022234567885959233,0.0,2.0000106634608295,2.0,2.0
846,6.885890466157285e-06,0.0022234567885959233,0.0,1.0,2.0,1.0
847,0.0007161326084785813,0.004443201629297677,28.4648,1.0000731962416292,1.0,1.0
848,0.0004131534279684379,0.0022234567885959233,0.0,1.0000239299631912,1.0,1.0
849,1.72147261653377e-05,0.0022234567885959233,0.0,1.0000009271592483,4.0,1.0
850,4.475828802996684e-05,0.0022234567885959233,0,4.0001422810940035,9.0,4.0
851,6.885890466157285e-06,0.0022234567885959233,0.0,1.0,1.0,1.0
852,6.885890466157285e-06,0.0022234567885959233,0.0,1.0,2.0,1.0
853,1.377178093231457e-05,0.0022234567885959233,0.0,2.0000002501627305,2.0,2.0
854,0.0007058037727794009,0.0022234567885959233,0,9.000359068181737,9.0,9.0
855,1.0328835699180416e-05,0.0022234567885959233,0.0,2.0,5.0,2.0
856,2.7543561864518118e-05,0.0022234567885959233,0.0,3.000005896724537,11.0,3.0
857,6.197301419530454e-05,0.0022234567885959233,0,5.000005471662448,15.0,5.0
858,9.295952129284579e-05,0.0022234567885959233,0.0,2.000003348085182,3.0,2.0
859,0.0001859190425858026,0.0022234567885959233,7.10543e-15,1.0000286353933698,1.0,1.0
860,1.72147261653377e-05,0.0022234567885959233,0.0,3.0000012307646866,3.0,3.0
861,1.0328835699180416e-05,0.0022234567885959233,0.0,2.0,3.0,2.0
862,1.377178093231457e-05,0.0022234567885959233,0.0,3.0,5.0,3.0
863,0.0001859190425858026,0.0022234567885959233,4.5533e-14,17.000053303390168,134.0,17.0
864,3.787239756380956e-05,0.0022234567885959233,2.77556e-16,3.0000850805588923,5.0,3.0
865,6.885890466157285e-06,0.0022234567885959233,0.0,1.0,1.0,1.0
866,1.377178093231457e-05,0.0022234567885959233,0.0,1.000000615378732,1.0,1.0
867,0.0004062675375022806,0.0022234567885959233,4.79616e-14,7.001529707353811,45.0,7.0
868,0.0002857644543448057,0.0022234567885959233,0,9.000126028631575,31.0,9.0
869,0.0002788785638786484,0.0022234567885959233,0,9.000253570039678,16.0,9.0
870,8.951657605982266e-05,0.0022234567885959233,3.55271e-15,3.0000266465185246,3.0,3.0
871,6.885890466157285e-06,0.0022234567885959233,0,1.0,3.0,1.0
872,2.4100616631494987e-05,0.0022234567885959233,0.0,4.000005264476618,4.0,4.0
873,1.72147261653377e-05,0.0022234567885959233,0.0,1.000000695117681,1.0,1.0
874,1.0328835699180416e-05,0.0022234567885959233,0.0,2.0,2.0,2.0
875,1.72147261653377e-05,0.0022234567885959233,0.0,4.0,4.0,4.0
876,1.0328835699180416e-05,0.0022234567885959233,0.0,2.0,2.0,2.0
877,6.885890466157285e-06,0.0022234567885959233,0.0,1.0,1.0,1.0
878,6.885890466157285e-06,0.0022234567885959233,0.0,1.0,1.0,1.0
879,1.0328835699180416e-05,0.0022234567885959233,0.0,2.0,2.0,2.0
880,1.72147261653377e-05,0.0022234567885959233,0.0,1.0000030744768806,2.0,1.0
881,1.377178093231457e-05,0.0022234567885959233,0.0,3.0,4.0,3.0
882,6.885890466157285e-06,0.0022234567885959233,0.0,1.0,1.0,1.0
883,1.377178093231457e-05,0.0022234567885959233,0.0,3.0,3.0,3.0
884,2.7543561864518118e-05,0.0022234567885959233,0.0,3.0000055305404594,7.0,3.0
885,6.885890466157285e-06,0.0022234567885959233,0.0,1.0,1.0,1.0
886,6.885890466157285e-06,0.0022234567885959233,0.0,1.0,2.0,1.0
887,4.820123326298997e-05,0.0022234567885959233,0.0,6.000043281717588,6.0,6.0
888,2.4100616631494987e-05,0.0022234567885959233,0.0,3.0002592078463866,5.0,3.0
889,8.951657605982266e-05,0.0022234567885959233,0.0,2.0000175305258248,2.0,2.0
890,1.0328835699180416e-05,0.0022234567885959233,0.0,2.0,2.0,2.0
891,1.0328835699180416e-05,0.0022234567885959233,0.0,1.0000009143066126,1.0,1.0
892,6.885890466157285e-06,0.0022234567885959233,0.0,1.0,1.0,1.0
893,1.0328835699180416e-05,0.0022234567885959233,0.0,2.0,3.0,2.0
894,1.377178093231457e-05,0.0022234567885959233,0.0,3.0,4.0,3.0
895,6.885890466157285e-06,0.0022234567885959233,0.0,1.0,1.0,1.0
896,1.377178093231457e-05,0.0022234567885959233,0.0,2.000001445393747,2.0,2.0
897,6.885890466157285e-06,0.0022234567885959233,0.0,1.0,4.0,1.0
898,6.885890466157285e-06,0.0022234567885959233,0.0,1.0,1.0,1.0
