Degree Centrality,Reachability Centrality,Temporal Betweenness,Temporal Closeness
0,355.0,0.0141290705166075,63889.4,175.09968279423774
1,204.0,0.004722323162290043,13244.9,33.03722895603375
2,1.0,0.0007005736120616612,0.0,0
3,1.0,0.0007005736120616612,0.0,0
4,1.0,0.0007067043278394802,0.0,0
5,1.0,1.1146755959368093e-06,0.0,0
6,389.0,0.0025643112085089736,12833.9,75.55208212249578
7,14.0,0.0014769451646486909,215.359,7.016590411520728
8,168.0,0.00664848259211126,12456.5,67.26859958758583
9,268.0,0.0017979717362855974,3186.74,86.27771172688398
10,87.0,0.0016898482034773954,3712.7,37.07794050414309
11,2.0,1.1146755959368093e-06,0.0,0
12,220.0,0.0040050294162889966,27958.3,67.0983835440801
13,1.0,0.00016720133939418513,0.0,0
14,4.0,0.0011720813891533677,2.27374e-13,0
15,22.0,0.0013409547419414025,1086.71,5.004163795137031
16,274.0,0.002638994473438405,14642.1,48.786304681575494
17,1.0,2.2293511918736186e-06,0.0,0
18,1.0,1.1146755959368093e-06,0.0,0
19,2.0,0.0013459707821232847,22.2607,0
20,1.0,1.6720133939607251e-06,0.0,0
21,1.0,7.524060272734445e-05,0.0,0
22,2.0,0.0011018568266077944,3.12963,0
23,66.0,0.0014607823685073296,4072.39,24.129415539098684
24,1.0,0.0007000162742637484,0.0,0
25,66.0,0.0021106382409527003,4839.06,33.08463463188865
26,79.0,0.001812462519033109,1736.5,17.74728375729831
27,1092.0,0.006983999946495567,35868.1,238.0795435470258
28,458.0,0.009790753097126181,114931.0,182.47324547719947
29,60.0,0.003276588914328249,13225.2,28.05767184996168
30,1.0,2.2293511918736186e-06,0.0,0
31,2.0,2.7866889898975344e-06,1.0,0
32,5.0,0.0005272415568896571,2.27374e-13,3.00120738834572
33,47.0,0.0058776844175040255,11367.7,38.03781067666987
34,18.0,0.001434587492002204,370.118,8.018829785149286
35,210.0,0.005753955426352264,25339.4,75.29833763241612
36,562.0,0.004403525941845121,27100.5,178.76474334122415
37,5.0,0.0016463758552348606,21.578,3.007049720697143
38,61.0,0.0025102494421048727,3853.21,23.11056303154183
39,54.0,0.001956255670912066,4182.53,15.117401574090199
40,1.0,0.00026863681862665523,0.0,0
41,1.0,0.0002831276013741668,0.0,0
42,123.0,0.0022170897603670525,12196.9,53.14367647821782
43,42.0,0.0016246396811135932,1189.74,15.047408227552772
44,117.0,0.002335245373538908,7593.34,45.057888161592984
45,994.0,0.00278390230091341,17672.6,142.15662502108233
46,11.0,0.0015689059013155315,194.727,8.024053152408406
47,360.0,0.006138518506958901,15357.0,105.71012672384799
48,276.0,0.006019805555989022,30524.0,80.23216687298157
49,1.0,0.00028368493917219073,0.0,0
50,1.0,1.0032080363653328e-05,0.0,0
51,1.0,9.474742565629413e-06,0.0,0
52,323.0,0.001542711024810406,61.2236,37.240145687983464
53,13.0,0.0016396878016591288,12.1352,8.010616980272284
54,175.0,0.0023675709658218524,9530.47,57.52783087019198
55,6.0,0.0015098280947295484,44.3655,5.005440324020175
56,2.0,3.6784294666691864e-05,0.0,0
57,1.0,1.6720133939607251e-06,0.0,0
58,6.0,0.0003544668395156769,125.0,0
59,2.0,0.0014780598402447387,61.6894,0
60,65.0,0.002393765842326867,8688.54,26.061066346054034
61,1.0,0.00014936652985886312,0.0,0
62,1.0,3.6784294666691864e-05,0.0,0
63,18.0,0.0014295714518203217,59.9499,15.065522977790785
64,2.0,0.0004993746669906818,0.0,0
65,1.0,7.802729171724199e-05,0.0,0
66,9.0,0.002281183607134807,1599.6,5.0147402050791445
67,20.0,0.0018938338375382724,473.556,10.192607105705726
68,37.0,0.003600402174955053,5561.95,12.29360124914884
69,62.0,0.0019830078852152155,2791.17,28.022628625918443
70,1.0,1.1146755959368093e-06,0.0,0
71,13.0,0.0015198601750932017,206.972,8.019443157349306
72,230.0,0.0056018022075035034,35231.0,59.494560980061095
73,34.0,0.0016770294341237335,2248.52,19.035082810390033
74,4.0,0.0011074302045875895,210.386,3.00441478425365
75,8.0,0.002335245373538908,1907.77,3.0131519438756906
76,184.0,0.0028401934185093847,11033.4,35.79776379938472
77,75.0,0.0020320536114374343,4458.04,28.024348200974508
78,1.0,3.4554943474818245e-05,0.0,0
79,4.0,0.002514150806690707,1635.74,0
80,1.0,2.2293511918736186e-06,0.0,0
81,1.0,0.0005450763664250902,0.0,0
82,1.0,1.1146755959368093e-06,0.0,0
83,2.0,0.0007011309498596852,0.0,0
84,142.0,0.0017065683374167806,5591.22,31.835661649671675
85,2.0,1.1146755959368093e-06,0.0,0
86,1.0,0.0005617965003644754,0.0,0
87,1.0,1.1146755959368093e-06,0.0,0
88,37.0,0.0016424744906490263,569.547,13.015820996350312
89,169.0,0.0020955901204072758,8318.43,31.03042622535055
90,2.0,0.0011470011882441788,0.808142,0
91,4.0,0.0013509868223050558,318.424,0
92,18.0,0.002766624829176001,2352.78,13.01973001204182
93,1.0,0.00035000813713181866,0.0,0
94,25.0,0.0016837174876995764,648.195,13.046132046097242
95,28.0,0.0018080038166492507,787.815,18.028656837808917
96,12.0,0.0015388096602245716,92.0883,5.005602175114551
97,2.0,1.1146755959368093e-06,0.0,0
98,10.0,0.0016012314935983651,360.744,4.01382893365132
99,2.0,0.0007702408368092106,0.464495,0
100,1.0,0.0003834484050107001,0.0,0
101,92.0,0.002777771585135591,9351.62,40.166996387729625
102,17.0,0.001848132138103864,2154.07,7.007613837949115
103,3.0,0.0007011309498596852,1.0,0
104,1.0,2.8981565495023176e-05,0.0,0
105,1.0,2.2293511918736186e-06,0.0,0
106,2.0,0.0010650725319409915,4.88533,0
107,2.0,0.0009876025780217734,0,0
108,1.0,1.1146755959368093e-06,0.0,0
109,1.0,2.2293511918736186e-06,0.0,0
110,8.0,0.0017082403508107413,1472.51,5.0008900720751
111,8.0,0.0011932602254766111,321.164,5.042216448495963
112,40.0,0.0020911314180234175,2021.29,15.057241757841524
113,139.0,0.0017628594550127552,2583.43,41.402985510681006
114,28.0,0.0020716245950941348,1139.0,12.031471911290605
115,3.0,0.0020387416650132772,995.343,0
116,1.0,0.0007005736120616612,0.0,0
117,44.0,0.0016703413805480016,910.679,9.054849777892299
118,1.0,0.000696114909677803,0.0,0
119,3.0,0.0011130035825673845,81.5263,0
120,1.0,0.00016162796141439006,0.0,0
121,1.0,1.6720133939607251e-06,0.0,0
122,2.0,3.511228127273114e-05,0.0,0
123,8.0,0.0016692267049520648,892.7,5.002605420456666
124,17.0,0.0014429475589718965,80.2293,6.01326613212847
125,8.0,0.0015025827033557926,13.698,5.022617503882481
126,1.0,1.1146755959368093e-06,0.0,0
127,347.0,0.014664114802668937,99848.2,160.80235547415
128,59.0,0.002873076348590242,8142.01,31.048071832063005
129,27.0,0.0017071256752146935,507.232,14.029812075614796
130,2.0,0.0010946114352340386,0.825643,0
131,14.0,0.0011430998236583445,28.1572,11.009647298452068
132,16.0,0.0015265482286690446,73.752,11.030336086582818
133,171.0,0.003547455084146889,5726.44,66.44141354467877
134,1.0,0.0006554292504252768,0.0,0
135,61.0,0.0016279837079015147,221.352,9.20766476616607
136,127.0,0.0017812516023462122,6837.95,44.13377118029225
137,2.0,0.001091824746244141,0.101651,0
138,32.0,0.0015248762152750839,535.935,10.074315689795956
139,1.0,0.0005361589616573736,0.0,0
140,1.0,1.1146755959368093e-06,0.0,0
141,89.0,0.0017567287392350472,8077.7,43.17427064035943
142,2.0,0.000983701213435828,1.13687e-12,0
143,73.0,0.0016764720963258206,6605.07,34.672441135746425
144,16.0,0.0016848321632955132,14.4513,12.010506621618045
145,5.0,0.0019763198316393726,1296.13,4.003514706504554
146,89.0,0.0016881761900834347,3382.58,41.194299480025755
147,1.0,0.00034945079933390577,0.0,0
148,17.0,0.00165585059780049,747.994,10.007698240727473
149,15.0,0.0025899487472160754,2470.82,12.002455066909878
150,1.0,0.000677722762344457,0.0,0
151,9.0,0.0035023107225103933,3456.22,7.0130201600405915
152,1.0,0.0003672856088692278,0.0,0
153,1.0,0.0007005736120616612,0.0,0
154,360.0,0.00537775241271532,35628.9,146.39592918417108
155,59.0,0.0016898482034773954,61.6654,39.275082419887916
156,43.0,0.002195353586245785,1724.07,27.027476075176924
157,2.0,0.0009318687982236007,0.0,0
158,230.0,0.0016837174876995764,8737.1,89.5799992020064
159,1.0,3.3440267879214502e-06,0.0,0
160,2.0,0.0009101326241024443,2.68172,0
161,4.0,0.0021457505222255424,1674.27,0
162,16.0,0.0015404816736185323,312.949,8.002232979300569
163,4.0,0.0009848158890317649,1.32161e-12,0
164,27.0,0.0016608666379823722,512.243,18.01248043850939
165,8.0,0.001007666738748969,90.9543,5.0004203064785875
166,97.0,0.001620180978729735,4784.62,28.307796877319152
167,58.0,0.002244956650266028,2800.83,24.118709289095914
168,1.0,1.6720133939607251e-06,0.0,0
169,57.0,0.002429435461397622,4720.41,30.000574216580972
170,6.0,0.001230601857941327,293.949,3.0040013408696535
171,2.0,0.001313645189840451,11.2513,0
172,740.0,0.00641551539255536,77587.6,234.43878258870038
173,44.0,0.002297903741074192,1693.07,20.303742957290183
174,27.0,0.001962943724487909,3075.93,15.030399642895665
175,33.0,0.0018453454491139665,1250.36,17.099367508997727
176,2.0,0.0012640421258200973,2.27374e-13,0
177,1.0,0.00028368493917219073,0.0,0
178,34.0,0.0016948642436591665,179.49,14.081117133620092
179,70.0,0.0031784974618837003,6275.54,23.032118524435827
180,28.0,0.001860393569659391,1854.57,17.726439224265096
181,1.0,0.0007005736120616612,0.0,0
182,1.0,0.00023073784836402655,0.0,0
183,7.0,0.0013103011630525296,0,4.004206644997793
184,2.0,0.0012328312091332005,0.0,0
185,9.0,0.0016814881365075918,593.247,5.017363499820342
186,201.0,0.003287735670287839,14148.6,55.49937907120597
187,120.0,0.0018592788940634541,4263.03,31.093223107750894
188,14.0,0.0029243514260044456,3984.51,8.003138324739323
189,1.0,0.0004993746669906818,0.0,0
190,1.0,0.0005807459854958452,0.0,0
191,34.0,0.0016246396811135932,3.64329,15.152507570226563
192,27.0,0.0015376949846286347,1067.17,9.065462474800869
193,5.0,0.0013470854577192215,26.6791,4.007612781854385
194,2.0,0.0014797318536385884,2.04636e-12,0
195,2.0,0.000954162310142892,4.54747e-13,0
196,166.0,0.0032058070139847628,15747.5,39.41779063329408
197,10.0,0.0012751888817796875,24.114,2.014328750565241
198,5.0,0.001355445524688914,15.6244,0
199,14.0,0.0016073622093761841,18.8077,9.030508762497243
200,27.0,0.0015326789444467526,613.541,11.105833225461508
201,99.0,0.001391672481557693,660.457,9.045995058650837
202,15.0,0.001680373460911655,817.558,9.022445158672205
203,61.0,0.0016809307987096789,237.692,23.311854284053418
204,1.0,1.1146755959368093e-06,0.0,0
205,1.0,0.0003750883380410075,0.0,0
206,1.0,3.5669619070755054e-05,0.0,0
207,17.0,0.0012411912761028931,1188.01,8.02627939699444
208,30.0,0.0014301287896183457,49.2342,6.157326858775302
209,687.0,0.007492292018253965,82224.1,219.34333163383536
210,1.0,1.1146755959368093e-06,0.0,0
211,1.0,1.1146755959368093e-06,0.0,0
212,1.0,0.0002842422769701036,0.0,0
213,10.0,0.0016173942897398375,1309.92,8.114432484734367
214,1.0,0.0002831276013741668,0.0,0
215,12.0,0.001890489810750351,1442.92,7.004640291880793
216,2.0,0.0011804414561230603,0,0
217,59.0,0.0015025827033557926,291.736,8.76116693745466
218,42.0,0.002561524519519076,2912.97,14.0078053133253
219,1.0,1.1146755959368093e-06,0.0,0
220,1.0,0.00035000813713181866,0.0,0
221,1.0,0.0004993746669906818,0.0,0
222,1.0,0.00028368493917219073,0.0,0
223,4.0,0.0016408024772550656,20.8342,0
224,8.0,0.0015928714266286725,1228.61,6.007088357836279
225,2.0,0.001026616223880339,0,0
226,1.0,0.0004993746669906818,0.0,0
227,1.0,1.6720133939607251e-06,0.0,0
228,1.0,6.130715777818985e-06,0.0,0
229,23.0,0.001416195344668858,106.814,9.052358139090563
230,213.0,0.002659058634165712,13460.9,61.19482735494336
231,406.0,0.0035480124219448017,29445.6,78.69482516728216
232,86.0,0.001969074440265617,2616.46,30.110444369725855
233,6.0,0.0012222417909715233,15.1885,3.0015116538431053
234,5.0,0.0009742264708701986,7.27502,0
235,12.0,0.001499796014365895,177.934,9.139600453970557
236,8.0,0.0014513076259415891,120.791,6.0075005026966
237,1.0,0.0007005736120616612,0.0,0
238,1.0,0.0003221412472328433,0.0,0
239,18.0,0.0014780598402447387,315.138,10.006555375858488
240,8.0,0.0016173942897398375,35.4857,4.0038598133503776
241,6.0,0.0012551247210523808,50.3734,3.005105227677534
242,79.0,0.002333016022347034,7303.04,30.172539193623678
243,1.0,0.0002831276013741668,0.0,0
244,1.0,3.399760567679433e-05,0.0,0
245,1.0,1.1146755959368093e-06,0.0,0
246,9.0,0.0012763035573757353,27.6076,4.016165799284676
247,267.0,0.006161369356676105,34717.8,71.72796578500093
248,13.0,0.0013298079859818124,45.0817,9.004572601314987
249,18.0,0.001674242745133836,387.612,8.02166757854621
250,2.0,0.0010043227119611586,6.82121e-13,0
251,42.0,0.0015828393462650192,1806.3,12.06451197678773
252,1.0,0.0003544668395156769,0.0,0
253,15.0,0.0017366645785077406,790.641,5.002260123582546
254,40.0,0.0014061632643052047,898.596,9.016677379653837
255,6.0,0.0014780598402447387,2.27374e-13,3.003351827555705
256,1.0,0.0007005736120616612,0.0,0
257,3.0,0.000965866403900506,9.12071,2.1389503732629844
258,143.0,0.0016937495680632297,1809.85,36.10139840180037
259,3.0,1.1146755959368093e-06,0.0,0
260,23.0,0.001542711024810406,764.362,14.291611512178628
261,18.0,0.002982314556994492,3388.29,12.004469229868569
262,1.0,0.0007005736120616612,0.0,0
263,14.0,0.0015271055664669575,77.0942,4.022816755657439
264,1.0,1.1146755959368093e-06,0.0,0
265,1.0,1.1146755959368093e-06,0.0,0
266,121.0,0.002088902066831544,7091.04,40.40530608459349
267,80.0,0.0015817246706690824,3674.71,31.068428933227946
268,71.0,0.004193409592006425,6517.01,31.30311109954054
269,79.0,0.0012032923058402645,987.323,13.020890535761799
270,108.0,0.001818593234810928,4697.59,29.223606440273688
271,1.0,2.8981565495023176e-05,0.0,0
272,26.0,0.0016519492332146557,980.329,9.014233397139593
273,5.0,0.0009853732268297888,172.679,3.000341143815135
274,6.0,0.0011141182581633213,57.5545,4.004513273460924
275,1.0,1.1146755959368093e-06,0.0,0
276,1.0,1.1146755959368093e-06,0.0,0
277,1.0,1.1146755959368093e-06,0.0,0
278,85.0,0.0017110270398006389,3528.43,20.15958143872178
279,303.0,0.0017990864118815342,6731.89,78.59411126076218
280,78.0,0.002310722510427743,6174.48,68.11491758561999
281,17.0,0.0021764041011144153,1081.53,10.013473285534424
282,1.0,7.635527832339228e-05,0.0,0
283,1.0,0.000546191042021027,0.0,0
284,24.0,0.0015215321884871624,85.622,4.076640474723612
285,97.0,0.0024143873408521976,6515.07,29.159130449352876
286,21.0,0.0034471342805103555,5688.12,10.080922149017185
287,154.0,0.004175017444673079,16296.1,51.17210512214936
288,1.0,0.0003305013142025359,0.0,0
289,14.0,0.0016413598150529785,73.698,8.006705220343825
290,1.0,0.0005656978649503097,0.0,0
291,1.0,6.130715777818985e-06,0.0,0
292,1.0,6.632319795973896e-05,0.0,0
293,2.0,0.0014596676929112817,0.361675,0
294,7.0,0.001248436667476649,457.803,5.006056205910398
295,313.0,0.005792969072210941,24741.1,73.95758249451295
296,8.0,2.7866889898975344e-06,0,3.0
297,2.0,0.0009664237416984189,1.0,0
298,80.0,0.0017483686722653546,2407.13,12.115205367970646
299,1.0,0.00028368493917219073,0.0,0
300,376.0,0.002748790019640568,21465.7,115.52544317261662
301,21.0,0.0016669973537600802,734.352,12.044479403094892
302,81.0,0.002653485256185917,3973.98,13.108357677333165
303,15.0,0.002495758659357361,2026.65,7.011444244198357
304,14.0,0.0017366645785077406,1308.67,5.021790810130198
305,81.0,0.0015087134191336116,2246.18,22.162750147105793
306,20.0,0.0016781441097197813,304.83,7.014151788409792
307,103.0,0.0034125793370355373,9065.15,35.28595256071041
308,5.0,0.0014423902211739836,21.4707,3.050582026795264
309,2.0,0.0010093387521429298,0,0
310,7.0,0.002285642309518665,1940.14,6.007833565316834
311,1.0,0.0003684002844651646,0.0,0
312,1.0,2.7866889898975344e-06,0.0,0
313,22.0,0.002580474004650446,1808.29,8.004905669138484
314,1.0,2.7866889898975344e-06,0.0,0
315,3.0,0.0016486052064267342,20.871,2.0088471900460587
316,1.0,1.1146755959368093e-06,0.0,0
317,121.0,0.0018971778643261938,12114.8,59.219366193508144
318,300.0,0.006671333441828464,46292.8,140.13191213580728
319,18.0,0.001644146504042876,940.606,7.025329880723485
320,1.0,1.1146755959368093e-06,0.0,0
321,1.0,1.1146755959368093e-06,0.0,0
322,52.0,0.0015945434400226333,2090.8,9.001840358063006
323,36.0,0.0015638898611337604,1606.94,23.06573393741609
324,44.0,0.003510113451682173,5268.75,23.032714858675465
325,4.0,0.0014418328833759597,1.7053e-13,3.002615166052672
326,1.0,1.1146755959368093e-06,0.0,0
327,1.0,1.1146755959368093e-06,0.0,0
328,1.0,1.1146755959368093e-06,0.0,0
329,81.0,0.0021568972781851325,2666.36,38.088024087222166
330,6.0,0.001325906621395978,94.8485,3.0024536665620642
331,1.0,2.2293511918736186e-06,0.0,0
332,1.0,1.1146755959368093e-06,0.0,0
333,21.0,0.001703781648426883,852.575,12.004547048694652
334,1.0,1.1146755959368093e-06,0.0,0
335,3.0,0.0012032923058402645,2.71205,0
336,1.0,7.85846295152659e-05,0.0,0
337,28.0,0.0034839185751770474,4249.76,6.020402035724342
338,2.0,0.0011681800245674223,1.56919,0
339,60.0,0.001667554691558104,4572.49,14.044588553404731
340,6.0,0.0014674704220830614,1.11445,3.003500680504948
341,6.0,0.0013337093505677577,3.24603,2.0147128310676763
342,1.0,0.0003617122308894327,0.0,0
343,1.0,1.1146755959368093e-06,0.0,0
344,2.0,1.1146755959368093e-06,0.0,0
345,31.0,0.0021808628034982735,1755.19,10.042368855553189
346,6.0,0.0013766243610122686,141.015,3.013993462323153
347,1.0,1.6720133939607251e-06,0.0,0
348,35.0,0.0032788182655202336,4571.29,20.034811333875194
349,2.0,0.0006855254915162368,62.6888,0
350,4.0,0.0016045755203862866,0,0
351,1.0,0.0003215839094348194,0.0,0
352,5.0,0.001260140761234263,43.2371,3.004348934007266
353,19.0,0.0014919932851942264,409.306,7.163055262618014
354,1.0,0.0005712712429302158,0.0,0
355,16.0,0.0025342149674180137,1884.88,13.015815620571558
356,1.0,1.1146755959368093e-06,0.0,0
357,494.0,0.005999741395261715,90656.2,169.99620760612072
358,2.0,0.001002093360769174,0,0
359,56.0,0.0021981402752356827,2030.8,20.019715098037157
360,16.0,0.002489627943579542,1845.66,5.012403098540692
361,1.0,0.00028368493917219073,0.0,0
362,36.0,0.0018341986931543763,2665.78,16.01009490301184
363,128.0,0.0035017533847124804,12872.0,40.71118086410467
364,326.0,0.0025113641177008095,20877.3,70.72441060246845
365,34.0,0.001476387826850778,1307.36,17.017357338511683
366,214.0,0.0022109590445892335,17304.7,57.71982041401467
367,213.0,0.0028234732845699995,11666.9,31.21963697069209
368,68.0,0.0016848321632955132,3018.37,21.16661531212931
369,14.0,0.0013103011630525296,79.9272,6.008091639632781
370,2.0,0.0011141182581633213,2.29301,0
371,5.0,0.0014290141140224089,0.852229,3.003973524435376
372,54.0,0.0029433009111358155,5782.5,18.038008868797938
373,2.0,1.6720133939607251e-06,0.0,0
374,49.0,0.002070509919498087,3741.62,25.29290062105048
375,18.0,0.001542711024810406,457.991,12.025185103917709
376,16.0,0.00143403015420418,674.818,9.031881742339214
377,8.0,0.002111195578750724,2085.5,5.014013370807255
378,141.0,0.0024327794881855436,11299.2,36.402437046735045
379,76.0,0.0018024304386694556,8387.86,33.06155580299694
380,3.0,0.0009340981494155853,0.0,0
381,3.0,0.0015867407108509646,9.91299,0
382,1.0,0.000390136458586432,0.0,0
383,1.0,3.3440267879214502e-06,0.0,0
384,16.0,0.0016591946245884115,2076.91,10.01567847157612
385,1.0,0.00032492793622274085,0.0,0
386,5.0,0.0013537735112949534,0,3.002380343257308
387,2.0,0.000948031594365073,0,0
388,4.0,0.001392229819355717,18.2417,3.003397549294117
389,2.0,0.0024277634480037724,1731.0,0
390,51.0,0.0020989341471951972,7070.13,36.03317142010815
391,1.0,1.6720133939607251e-06,0.0,0
392,450.0,0.002495758659357361,20630.0,86.89131828076167
393,1.0,0.0003628269064853695,0.0,0
394,78.0,0.0018826870815786823,9228.17,31.125043113703768
395,5.0,0.001206636332628075,5.03164,4.004434456478298
396,213.0,0.0028959271983074464,27557.8,76.40089701280979
397,38.0,0.0016636533269722698,2782.42,15.788234717998007
398,17.0,0.002197025599639746,2222.92,8.015334694128484
399,4.0,0.0012757462195777114,13.4822,3.00128580458565
400,1.0,4.458702383847157e-05,0.0,0
401,115.0,0.0020381843272152533,5398.58,58.144081180419185
402,2.0,0.0016352290992752705,0,0
403,22.0,0.0015856260352549167,3288.79,11.016062411847404
404,9.0,0.003137811802631063,2865.19,7.004550097658527
405,11.0,0.0020610351769324575,1098.02,7.005199623302624
406,17.0,0.001445734247961794,233.164,6.1165239189197855
407,40.0,0.0015287775798609182,652.951,10.025032388224531
408,1.0,1.1146755959368093e-06,0.0,0
409,55.0,0.0017773502377602668,1451.95,19.126554488433438
410,72.0,0.0038205506051574023,7057.66,29.1754538137018
411,61.0,0.0014841905560224466,2547.08,14.153817444212788
412,392.0,0.0023502934940844433,19799.5,68.38866505030717
413,4.0,0.0012071936704260988,0.470317,3.0035339571720505
414,30.0,0.002005301397134396,1602.24,14.035969384297756
415,3.0,0.001200505616850367,1.21381,0
416,54.0,0.0017026669728309463,3104.58,27.0186256539406
417,3.0,0.0009703251062843643,0,0
418,16.0,0.0017115843775985518,581.809,7.013229706036304
419,72.0,0.0024823825522057863,10173.9,41.04450145920237
420,154.0,0.0024762518364280783,8740.66,33.33231278366278
421,1.0,1.1146755959368093e-06,0.0,0
422,7.0,0.002850782836671062,2588.2,4.007503011648105
423,64.0,0.0015928714266286725,342.215,16.407343193451908
424,41.0,0.0017388939296996142,3545.77,28.26006316060151
425,194.0,0.0023742590193975843,24189.0,84.14973405231777
426,185.0,0.0028173425687921805,14842.2,51.23736060721169
427,6.0,0.0013114158386484664,0,3.0043135935144156
428,2.0,0.0009441302297792387,0,0
429,49.0,0.0015928714266286725,561.667,12.097914068633589
430,18.0,0.0016530639088105925,543.901,12.008367138861072
431,281.0,0.002658501296367688,7304.68,105.44701705908524
432,67.0,0.0017990864118815342,2558.98,24.371409622772788
433,33.0,0.0025788019912564852,2967.09,17.0553906080676
434,1013.0,0.004213473752733732,44389.6,98.27201519300367
435,119.0,0.0027047603336001202,3789.6,18.20597444905434
436,12.0,0.0012763035573757353,262.698,6.005724891020834
437,21.0,0.0015443830382043666,737.099,9.071975754737943
438,51.0,0.0016764720963258206,1544.09,20.035369994648395
439,19.0,0.002538673669801872,2490.63,8.012883313947775
440,11.0,0.001500353352163919,128.498,6.009494340815105
441,30.0,0.001583954021861067,1317.96,5.0177239615454745
442,2.0,0.0012685008282039556,0.885434,0
443,1.0,0.0003750883380410075,0.0,0
444,5.0,0.001487534582810368,191.394,4.002900318760395
445,1.0,0.0001571692590305318,0.0,0
446,14.0,0.0013186612300222222,27.0788,6.011807769234633
447,83.0,0.0016463758552348606,88.2325,18.299100008456257
448,92.0,0.0016458185174368367,4122.61,39.24571145968056
449,4.0,0.0012690581660019795,236.177,0
450,23.0,0.0023380320625288054,2110.36,14.119193674295378
451,35.0,0.0034967373445305983,3973.73,15.017446828481539
452,25.0,0.001566676550123658,2600.07,13.030375841737284
453,19.0,0.0015293349176589421,288.401,5.037031564520684
454,48.0,0.003911396666228195,9728.68,29.029825447600413
455,8.0,0.0011888015230927529,6.96562,5.009854848177963
456,486.0,0.004751304727785066,68377.6,123.18928480531629
457,20.0,0.0025520497769534467,3643.71,15.022560487488379
458,5.0,0.0016313277346893251,4.54747e-13,0
459,2.0,0.0009697677684863404,0.645123,0
460,95.0,0.0021568972781851325,3459.87,29.40464339913463
461,45.0,0.0025297562650341554,2599.03,14.095384664173892
462,296.0,0.0022895436741044994,11474.9,135.67453600014179
463,2.0,0.0010221575214964806,2.27374e-13,0
464,2.0,0.001457995679517432,0.0,0
465,31.0,0.002197025599639746,1802.62,15.021078243714436
466,80.0,0.001307514474062632,514.38,7.155398804231264
467,2.0,0.0011904735364867136,0,0
468,1.0,0.0002831276013741668,0.0,0
469,13.0,0.0014908786095982896,702.058,8.007282186404165
470,67.0,0.0034961800067326854,10358.0,28.252202109391668
471,1.0,0.0004993746669906818,0.0,0
472,1.0,0.00028368493917219073,0.0,0
473,15.0,0.0010929394218400779,40.8504,3.0054017340489745
474,1.0,0.00028368493917219073,0.0,0
475,85.0,0.001536022971234674,1033.23,42.03275884608591
476,9.0,0.002197025599639746,1935.77,4.007996713574923
477,10.0,0.0013398400663454657,298.895,5.003619147635918
478,7.0,0.0014173100202647948,200.747,6.002590489672493
479,35.0,0.0016904055412753083,2151.47,18.025381097515954
480,36.0,0.0012712875171938531,851.544,21.019381039298374
481,19.0,0.0012802049219615697,1283.64,9.013444924756893
482,197.0,0.002795606394670913,16257.3,58.36363800890334
483,228.0,0.002135718441861889,11851.8,43.67739154388217
484,1.0,0.00041298730830363617,0.0,0
485,96.0,0.0019534689819221684,11622.1,37.16994197842934
486,1.0,6.799521135358866e-05,0.0,0
487,15.0,0.002549820425761462,2890.69,11.550340658136976
488,3.0,0.0016218529921236957,1.0119,0
489,28.0,0.0016296557212954754,3003.33,15.034113420162976
490,1.0,0.0005032760315765161,0.0,0
491,1.0,0.0004993746669906818,0.0,0
492,2.0,0.0006526425614353792,0.90489,0
493,63.0,0.0019111113092756815,5123.73,19.047661331015455
494,1.0,1.6720133939607251e-06,0.0,0
495,24.0,0.0019161273494574527,2186.2,14.054504350848129
496,31.0,0.0017450246454774332,1588.5,14.017251489448274
497,123.0,0.0018096758300432114,4538.83,21.115754174886774
498,20.0,0.0023926511667309303,2008.52,9.024091145603483
499,20.0,0.0015806099950731456,1318.5,9.008684768683024
500,7.0,0.0011497878772340764,39.9055,3.0042776251529535
501,1.0,0.00028702896596000116,0.0,0
502,1.0,0.0005545511089907196,0.0,0
503,2.0,0.0014981240009720453,1.36424e-12,0
504,4.0,0.0012701728415979163,0.195994,2.021364888145095
505,3.0,0.00198690924980105,1691.0,0
506,101.0,0.0022940023764883577,8246.74,30.125620461064837
507,113.0,0.003263770144974698,7868.94,33.1740921765988
508,93.0,0.0018408867467301082,8086.03,19.15385112910716
509,50.0,0.0019127833226696422,1185.11,30.29305233209849
510,1.0,1.1146755959368093e-06,0.0,0
511,9.0,0.001152017228426061,1415.07,6.000584491415488
512,1.0,0.00020955901204067207,0.0,0
513,29.0,0.0023792750595793555,2325.66,14.108145512011323
514,444.0,0.013416235472990312,69616.4,217.49954451158118
515,1.0,1.1146755959368093e-06,0.0,0
516,4.0,0.0011113315691734238,44.1335,3.0118784158248286
517,3.0,0.0010550404515773382,7.95808e-13,0
518,11.0,0.00136269091606267,293.979,5.016125069849306
519,11.0,0.0016168369519419246,611.443,8.01187434505802
520,37.0,0.0016842748254974893,1358.65,13.020751424587933
521,9.0,0.0014334728164062671,44.9392,4.008124542849191
522,2.0,0.001307514474062632,0,0
523,35.0,0.0014992386765679822,460.965,10.019744411055505
524,264.0,0.002371472330407687,29374.4,56.529704567973226
525,54.0,0.0017985290740836213,716.31,8.247332977678068
526,47.0,0.001800201087477471,1241.5,24.307671213792638
527,15.0,0.0015566444697600046,101.681,4.018317206600793
528,1.0,1.1146755959368093e-06,0.0,0
529,1.0,0.00028368493917219073,0.0,0
530,95.0,0.0015410390114165562,5928.7,40.16562436200273
531,2.0,0.001337610715153592,6.82121e-13,0
532,15.0,0.0011313957299007305,13.4807,8.007382856082543
533,53.0,0.0019423222259625783,3553.7,29.039654621355496
534,1.0,2.2293511918736186e-06,0.0,0
535,1.0,0.0007044749766474956,0.0,0
536,1.0,0.00037062963565714924,0.0,0
537,1.0,0.000600252808425128,0.0,0
538,2.0,0.0010110107655368905,0.0,0
539,2.0,0.0011798841183250364,0.0473719,0
540,1.0,0.000557895135778641,0.0,0
541,1.0,0.0001488091920608392,0.0,0
542,82.0,0.002016448153093986,6719.95,26.090254913553242
543,2.0,0.0009937332937994814,0,0
544,2.0,0.0007011309498596852,0.0,0
545,2.0,0.0005411750018392558,0.0,0
546,33.0,0.001487534582810368,736.304,23.030521463667725
547,5.0,0.001205521657032138,8.57725,3.002738724554207
548,1.0,0.0007005736120616612,0.0,0
549,206.0,0.0021256863614982358,9004.16,50.13196788314983
550,79.0,0.002821243933378015,6507.97,36.14625943266993
551,16.0,0.0016759147585277967,1603.07,11.01318779920088
552,1.0,0.00028479961476812754,0.0,0
553,1.0,9.307541226277749e-05,0.0,0
554,39.0,0.002587162058226178,2026.15,13.159944528765497
555,31.0,0.001649719882022782,1331.9,15.05813783053398
556,4.0,0.0014418328833759597,27.5865,3.003330559926967
557,1.0,9.307541226277749e-05,0.0,0
558,31.0,0.002676336105903121,5138.19,7.057145159879613
559,44.0,0.002981757219196468,4816.89,14.020164753769553
560,1.0,0.0002831276013741668,0.0,0
561,40.0,0.002035397638225356,3829.73,24.01596452353694
562,1.0,0.0006738213977586227,0.0,0
563,72.0,0.001397803197335512,253.653,25.0503161173611
564,1.0,2.7866889898975344e-06,0.0,0
565,114.0,0.0037246885039047273,10573.7,24.28036143771778
566,10.0,0.001542153687012493,790.913,5.00218973727334
567,1.0,0.0004570169943440838,0.0,0
568,13.0,0.001463569057497227,590.624,10.005553102340048
569,11.0,0.002503561388529141,2179.8,4.010352218795245
570,1.0,0.00028535695256604043,0.0,0
571,2.0,0.0011068728667895655,0.0,0
572,1.0,0.0002831276013741668,0.0,0
573,1.0,0.00021011634983869598,0.0,0
574,45.0,0.0015165161483053913,240.388,6.092988576056229
575,1.0,0.0002831276013741668,0.0,0
576,2.0,0.0012941383669110573,0,0
577,16.0,0.0014379315187901254,710.432,9.0058482091784
578,5.0,0.0016402451394570416,0.0564548,4.010389801391578
579,1.0,1.1146755959368093e-06,0.0,0
580,1.0,9.307541226277749e-05,0.0,0
581,5.0,0.0015265482286690446,1640.43,4.005132597088931
582,19.0,0.001356002862486938,346.866,5.042924625970814
583,1.0,0.0002831276013741668,0.0,0
584,1.0,2.7866889898975344e-06,0.0,0
585,2.0,0.001326463959194002,6.82121e-13,0
586,5.0,0.0013348240261636946,1.23533,0
587,130.0,0.002999034690933877,4864.37,32.366323739173794
588,2.0,0.001038320317637953,9.09495e-13,0
589,234.0,0.0029622503962671853,17893.1,56.097148930807734
590,1.0,0.0005534364333947828,0.0,0
591,129.0,0.0031640066791361887,14556.5,53.23760831841631
592,5.0,0.0015321216066488397,0.797222,3.0025415730999185
593,2.0,0.000702245625455622,0.501374,0
594,1.0,0.00035502417731370084,0.0,0
595,182.0,0.002442811568549197,29040.9,55.608262810430084
596,83.0,0.0033395680855000665,7879.51,26.07922456845762
597,4.0,0.0014513076259415891,27.1015,0
598,2.0,0.0014474062613557548,0.0,0
599,8.0,0.0014830758804265098,69.2861,0
600,40.0,0.0015220895262851863,1523.12,20.287166859824598
601,6.0,0.0013599042270727724,11.3818,3.005852976499707
602,2.0,0.0007702408368092106,2.27374e-13,0
603,161.0,0.001692634892467293,4823.3,30.40295172712902
604,1.0,0.00028368493917219073,0.0,0
605,6.0,0.0013482001333151583,97.1884,3.0031526270334434
606,30.0,0.0016302130590933883,2486.78,16.06708394870701
607,20.0,0.0024344515015795043,1842.52,5.085014814793703
608,24.0,0.0016107062361641056,438.413,14.108996393971605
609,2.0,0.0008766923562235629,0,0
610,30.0,0.0023597682366500727,1999.34,19.05105236155344
611,1.0,0.0004988173291926579,0.0,0
612,2.0,0.0012278151689514294,73.7054,0
613,1.0,0.00028368493917219073,0.0,0
614,96.0,0.002287314322912626,5533.14,38.328126173425204
615,2.0,0.001044451033415772,0.0,0
616,1.0,8.137131850516344e-05,0.0,0
617,115.0,0.0030558831463278757,12498.0,47.06252133645778
618,94.0,0.0016664400159621673,5232.71,38.35740581679831
619,3.0,0.001476387826850778,0,0
620,18.0,0.001446291585759818,67.8208,9.017296845373329
621,3.0,0.0012267004933553816,5.24724,0
622,2.0,0.0011731960647493045,0.0414915,0
623,14.0,0.0015081560813356987,1055.47,8.043065603167319
624,3.0,0.001140313134668447,0,0
625,21.0,0.0011960469144665087,369.059,10.012153705213326
626,1.0,0.00012038496436383994,0.0,0
627,47.0,0.002819571919984165,5348.04,25.132956973268783
628,97.0,0.0019657304134778064,5647.08,42.26826354551275
629,1.0,0.0002831276013741668,0.0,0
630,185.0,0.0026841388350747897,17887.4,44.37197601487912
631,1.0,7.802729171724199e-05,0.0,0
632,102.0,0.002316853226205562,14427.4,35.43604677699499
633,1.0,0.00014936652985886312,0.0,0
634,35.0,0.0013403974041434896,539.35,6.027219246447842
635,33.0,0.002302919781256074,2262.17,17.32370016908469
636,93.0,0.0016658826781641434,1111.64,23.055730464148386
637,1.0,0.000570156567334168,0.0,0
638,1.0,1.1146755959368093e-06,0.0,0
639,3.0,0.0009608503637186239,0.0,0
640,1.0,1.1146755959368093e-06,0.0,0
641,1.0,0.0006225463203444193,0.0,0
642,157.0,0.0018308546663664549,9501.88,25.384201808807898
643,4.0,0.0013482001333151583,12.9925,3.0086452724205075
644,4.0,0.001452422301537637,57.9995,0
645,3.0,0.0013487574711131822,0,0
646,1.0,0.0007005736120616612,0.0,0
647,1.0,0.00030319176210147347,0.0,0
648,12.0,0.001944551577154452,1758.06,9.015055056799683
649,2.0,0.001008224076546993,0.352258,0
650,85.0,0.001955140995316129,13373.3,38.36337762656745
651,1.0,0.00028368493917219073,0.0,0
652,1.0,0.0004993746669906818,0.0,0
653,24.0,0.0019406502125686176,1239.65,16.017507690270083
654,30.0,0.0015321216066488397,1937.89,12.170838133149012
655,1.0,0.0006097275509908684,0.0,0
656,126.0,0.020310504034011023,58576.9,88.13078585804901
657,67.0,0.001811905181235085,6785.98,34.081177182230334
658,19.0,0.002555951141539281,4188.61,12.026833810460156
659,1.0,0.00021401771442453033,0.0,0
660,1.0,0.0005556657845866564,0.0,0
661,1.0,0.00011536892418195777,0.0,0
662,21.0,0.002154110589195235,2325.67,14.0132795480437
663,1.0,0.00011982762656581603,0.0,0
664,7.0,0.0012974823936989788,1089.62,0
665,1.0,8.137131850516344e-05,0.0,0
666,44.0,0.0015711352525075162,1233.57,11.136936488459865
667,1.0,9.251807446475357e-05,0.0,0
668,216.0,0.004144921203582119,15852.3,42.18198840703776
669,1.0,0.00038121905381871546,0.0,0
670,42.0,0.0015142867971134066,97.5928,21.04995319710153
671,14.0,0.002543689709983754,2285.06,12.015035715274045
672,3.0,0.001325906621395978,37.3638,0
673,62.0,0.0028457667964891797,5469.63,20.131326609328706
674,61.0,0.0017071256752146935,3139.73,26.372944409973858
675,4.0,0.0012813195975575065,0.0830918,0
676,1.0,0.0004988173291926579,0.0,0
677,242.0,0.002045429718589009,16561.5,50.34582613444087
678,8.0,0.0015533004429720831,25.6212,4.0025733978835385
679,43.0,0.001842558760124069,2948.08,17.32414247336116
680,18.0,0.0015911994132347118,202.744,8.03278535235725
681,30.0,0.0016274263701034908,886.574,14.04927192425966
682,3.0,0.001998613343558664,1506.59,0
683,10.0,0.0014869772450123442,81.4402,6.053046865026874
684,9.0,0.0014618970441032664,297.183,4.007247914998948
685,140.0,0.0016296557212954754,1969.15,19.40933241395787
686,7.0,0.0022538740550337444,1350.1,5.00670835926327
687,3.0,0.001152574566223974,15.1682,0
688,5.0,0.0016653253403662305,81.1644,3.006751285931653
689,3.0,0.0013359387017596314,0.0836293,0
690,165.0,0.00251303613109477,7924.39,32.12851236478265
691,41.0,0.0017383365919017013,2367.46,22.126951691957807
692,1.0,0.00035502417731370084,0.0,0
693,8.0,0.0014301287896183457,15.9844,6.014156292055922
694,248.0,0.002419403381033969,12547.6,31.523851269459442
695,101.0,0.0028100971774184247,9151.53,40.21392603874792
696,2.0,0.0014992386765679822,0,0
697,12.0,0.0016458185174368367,23.7091,5.086594990791852
698,1.0,0.00038121905381871546,0.0,0
699,7.0,0.0012272578311534055,0,6.02325336190583
700,17.0,0.0011676226867695094,154.66,5.006210170027812
701,1.0,0.0005539937711928067,0.0,0
702,158.0,0.0019406502125686176,7475.47,29.788507579330894
703,5.0,0.0012618127746282237,9.09495e-13,4.005378416483055
704,68.0,0.0017634167928107791,7213.79,22.017557679806497
705,2.0,0.0011620493087897144,9.09495e-13,0
706,1.0,0.0006805094513343546,0.0,0
707,187.0,0.0030469657415602702,15678.5,58.4385505967258
708,1.0,0.00036338424428339344,0.0,0
709,1.0,0.000462033034525966,0.0,0
710,28.0,0.001326463959194002,7.62863,9.02482209796845
711,79.0,0.0024745798230341176,7057.24,22.452674495349832
712,1.0,0.00028368493917219073,0.0,0
713,28.0,0.0018743270146089896,2142.9,14.598101504078763
714,36.0,0.0015087134191336116,196.84,20.072951721428087
715,3.0,0.0013732803342243471,12.1615,2.009996663081991
716,4.0,0.001488649258406305,8.38075,3.0022213040862327
717,1.0,0.0002831276013741668,0.0,0
718,82.0,0.0022098443689932967,2801.64,21.016471668642755
719,49.0,0.001920028714043398,1824.6,21.050603792366047
720,61.0,0.00192671676761913,3989.79,21.25062079431627
721,1.0,0.0004977026535967211,0.0,0
722,7.0,0.0013894431303658195,80.1814,6.009041475604261
723,1.0,0.00016608666379824832,0.0,0
724,4.0,0.0015510710917802095,23.489,3.009995586913735
725,179.0,0.002177518776710463,12777.2,64.24325474330642
726,4.0,0.0016513918954166318,1.47834,0
727,1.0,0.0004993746669906818,0.0,0
728,32.0,0.0015895273998408621,2354.07,17.278696245524788
729,11.0,0.0015031400411538165,399.411,6.016115249632931
730,8.0,0.0014195393714567794,46.4813,4.004962170283408
731,13.0,0.0016547359222045532,411.982,7.015491082094942
732,1.0,0.0002190337546064125,0.0,0
733,39.0,0.0016998802838410487,1433.43,19.048365962596343
734,1.0,0.0003293866386065991,0.0,0
735,16.0,0.0018514761648917855,1220.81,13.027144565326536
736,7.0,0.0013063997984666953,3.88453,5.004348113499314
737,1.0,0.0002441139555154903,0.0,0
738,3.0,0.0012562393966484287,8.55341,0
739,1.0,0.0004993746669906818,0.0,0
740,86.0,0.0018068891410533139,6496.5,31.12471634802519
741,2.0,0.0011849001585069185,0.111111,0
742,188.0,0.004940799579098543,46951.2,77.36986635669061
743,4.0,0.001307514474062632,8.84052,3.021183120258201
744,11.0,0.001608476884972121,222.294,6.027507227308718
745,41.0,0.0017561714014370233,2073.14,13.263564687712533
746,5.0,0.0015917567510327357,0,0
747,458.0,0.001889932472952438,16099.1,68.85901705960022
748,81.0,0.001950124955134358,5820.26,33.076703662190766
749,2.0,0.0013593468892748595,4.54747e-13,0
750,13.0,0.0017071256752146935,1815.0,7.0408858221585575
751,2.0,0.001278532908567609,2.27374e-13,0
752,1.0,0.00028479961476812754,0.0,0
753,1.0,1.6720133939607251e-06,0.0,0
754,395.0,0.0032247564991160216,31248.0,60.331575466024816
755,10.0,0.0015505137539821856,5.68434e-13,6.00528807905497
756,2.0,0.0010098960899409537,4.54747e-13,0
757,109.0,0.0029483169513176977,9178.89,32.083340071361135
758,12.0,0.0012852209621433408,13.435,0
759,48.0,0.0029600210450752007,5453.82,10.363910825041133
760,1.0,1.1146755959368093e-06,0.0,0
761,7.0,0.0016419171528510024,145.498,4.009032556958475
762,1.0,1.1146755959368093e-06,0.0,0
763,1.0,1.1146755959368093e-06,0.0,0
764,46.0,0.0038027157956219693,5001.4,8.004624636710947
765,200.0,0.002785016976509347,7977.73,75.33420581500253
766,1.0,1.6720133939607251e-06,0.0,0
767,1.0,0.0001794627709498231,0.0,0
768,2.0,0.0013281359725878517,1.8997,0
769,1.0,1.1146755959368093e-06,0.0,0
770,91.0,0.0018397720711341714,6412.62,30.920466454214555
771,158.0,0.0025470337367715645,32186.8,51.547189652683166
772,23.0,0.0024255340968117878,2355.7,13.097067036989198
773,19.0,0.0016240823433156804,433.416,9.016716553107242
774,14.0,0.0017205017823662683,1015.01,11.049624175134166
775,20.0,0.0009413435407893411,2.41585e-13,10.00576100786923
776,2.0,0.0014334728164062671,4.54747e-13,0
777,2.0,0.0007880756463446437,5.93946,0
778,26.0,0.0016073622093761841,1497.33,12.192383789080424
779,1.0,0.00016162796141439006,0.0,0
780,1.0,1.1146755959368093e-06,0.0,0
781,5.0,0.0012250284799615319,4.2928,0
782,21.0,0.001602346169194413,161.381,9.009438410618106
783,14.0,0.0013292506481838995,270.523,8.011659242402665
784,3.0,0.0009446875675772626,6.46195,0
785,1.0,1.1146755959368093e-06,0.0,0
786,29.0,0.0018492468136998008,1291.54,18.04268306269982
787,1.0,0.0002719808454145767,0.0,0
788,398.0,0.005878241755301938,55684.3,137.5835800766758
789,119.0,0.0021095235653567634,11956.1,39.604141573826745
790,144.0,0.0024924146325694396,11348.3,23.32049197826331
791,102.0,0.0020565764745485993,5411.93,38.28699200508565
792,1.0,0.0006699200331727884,0.0,0
793,21.0,0.0020838860266496617,1522.45,5.142046880207111
794,6.0,0.0014022618997193703,26.3444,0
795,1.0,0.00024355661771757742,0.0,0
796,1.0,0.0003750883380410075,0.0,0
797,139.0,0.0022538740550337444,16438.1,65.1595763574413
798,61.0,0.0014970093253759975,434.927,17.203951330754258
799,2.0,0.0011174622849512428,0.172678,0
800,18.0,0.0009424582163852779,2.84217e-13,10.023232080084115
801,1.0,0.00035669619070766156,0.0,0
802,22.0,0.001517630823901328,1118.5,9.037066446532924
803,22.0,0.0010656298697390154,4.66738e-13,19.019527493199732
804,6.0,0.00146412639529514,120.057,5.00313524807451
805,6.0,0.0015332362822447765,51.8989,3.0073125716326277
806,108.0,0.002413272665256261,9436.18,44.23377630560464
807,23.0,0.001494779974184124,795.23,10.058859625885065
808,1.0,0.00018392147333357034,0.0,0
809,1.0,0.00016218529921241398,0.0,0
810,21.0,0.0016051328581843105,159.06,11.049750352274627
811,7.0,0.0014435048967699204,307.186,5.005971677184173
812,1.0,0.00016664400159616122,0.0,0
813,1.0,0.00016218529921241398,0.0,0
814,2.0,0.0014986813387699582,0.00653262,0
815,4.0,0.0014501929503456523,82.2179,0
816,188.0,0.0017009949594369855,5196.3,41.48079383800473
817,3.0,0.001128051703112809,5.11177,2.0122055950313005
818,1.0,0.00016218529921241398,0.0,0
819,2.0,1.6720133939607251e-06,0.0,0
820,7.0,0.001854262853881683,2536.78,2.0124267396226325
821,4.0,0.0014239980738405267,4.1521,0
822,1.0,0.00016218529921241398,0.0,0
823,127.0,0.003072603280267372,16100.2,59.09247599308214
824,111.0,0.0020788699864678906,2984.97,34.162529261414136
825,1.0,0.0005127507741422566,0.0,0
826,7.0,0.0012283725067493423,138.852,4.0281652216593775
827,1.0,0.0001655293260002244,0.0,0
828,163.0,0.004290386368855037,17773.5,62.693736015225916
829,326.0,0.00321026571636851,33725.4,101.62679527080311
830,2.0,0.000882265734203358,0.0,0
831,236.0,0.00158451135965898,2332.3,64.75373721024238
832,1.0,0.00018949485131347643,0.0,0
833,1.0,0.0005539937711928067,0.0,0
834,11.0,0.001824166612790723,1047.24,7.0075812190761315
835,3.0,0.0012651568014160341,7.83056,0
836,5.0,0.0011854574963048314,4.54636e-13,0
837,1.0,0.0002831276013741668,0.0,0
838,1.0,0.00027699688559634783,0.0,0
839,16.0,0.0011804414561230603,6.90606,8.005407459640278
840,5.0,0.001110216893577487,24.2497,0
841,1.0,0.00022349245699027076,0.0,0
842,1.0,1.1146755959368093e-06,0.0,0
843,1.0,1.1146755959368093e-06,0.0,0
844,11.0,0.0013114158386484664,6.35118,3.006607701359348
845,33.0,0.001511500108123509,1470.97,17.042079852457142
846,69.0,0.0026323064198626733,5655.04,26.132384659965243
847,1.0,0.00021401771442453033,0.0,0
848,90.0,0.0017678754951946374,1448.73,18.083164530242197
849,4.0,0.0011425424858603206,0.013245,0
850,8.0,0.0014925506229921393,324.773,5.007670502194186
851,66.0,0.0021284730504881333,5506.58,21.08390230608052
852,138.0,0.003131681086853244,8441.01,32.339224735112566
853,1.0,0.0006203169691524346,0.0,0
854,1.0,0.0002831276013741668,0.0,0
855,1.0,0.00021290303882859352,0.0,0
856,48.0,0.001512057445921533,151.571,14.99682372528876
857,17.0,0.0016586372867903876,1504.1,10.199455774006193
858,1.0,0.00018447881113159426,0.0,0
859,131.0,0.0032726875497424146,12317.3,29.362904485639017
860,447.0,0.009299738497105192,46392.4,148.41840091267306
861,99.0,0.002574900626670651,10064.7,24.275318705323755
862,84.0,0.0018018731008714317,8271.23,35.365430125193086
863,3.0,0.0011692947001633591,5.30953,0
864,48.0,0.0015761512926892873,727.41,9.040751301959624
865,2.0,0.0002736528588085374,0.0,0
866,23.0,0.0018197079104068647,2147.89,10.055159228353153
867,57.0,0.0016870615144873868,2308.38,12.30059930830198
868,27.0,0.0015070414057396508,656.298,8.157467275959212
869,32.0,0.0018670816232352339,917.319,18.017375606957813
870,7.0,0.0015410390114165562,55.7481,4.0238354236917715
871,23.0,0.0016959789192551034,471.131,11.037241922108068
872,1.0,0.00037062963565714924,0.0,0
873,12.0,0.0013727229964263232,292.785,8.009006581143993
874,16.0,0.0019155700116595398,1083.84,9.012340671974517
875,6.0,0.0012010629546482798,7.60211,4.006024531598769
876,21.0,0.001728304511538048,1331.06,8.004047748553047
877,21.0,0.0019350768345888225,1760.61,8.017425266030106
878,2.0,0.0012105376972140203,2.27374e-13,0
879,1.0,0.0006086128753948206,0.0,0
880,2.0,0.0009591783503246631,1.02326,0
881,1.0,0.0005629111759604122,0.0,0
882,1.0,0.00028368493917219073,0.0,0
883,78.0,0.0016987656082450009,1412.11,15.674663903544484
884,11.0,0.0016056901959822234,312.774,8.007644435043282
885,1.0,0.0003221412472328433,0.0,0
886,1.0,0.0002190337546064125,0.0,0
887,3.0,0.0016369011126692312,0,2.0146664868410187
888,24.0,0.0017623021172148423,913.66,12.006593718437394
889,155.0,0.0017628594550127552,10725.1,38.07194056853932
890,7.0,0.0015505137539821856,14.0957,3.005099983834305
891,19.0,0.0016101488983660817,266.519,12.139471084050225
892,129.0,0.001518188161699352,5409.69,34.48097076788929
893,1.0,0.0002803409123842693,0.0,0
894,20.0,0.0017567287392350472,1715.02,6.536293623345397
895,36.0,0.0023497361562864194,4474.08,20.11584732713019
896,58.0,0.0016575226111944508,6083.36,37.02349490555914
897,2.0,1.1146755959368093e-06,0.0,0
898,1.0,0.0004993746669906818,0.0,0
899,1.0,0.00045144361636428876,0.0,0
900,23.0,0.0014568810039213842,1381.46,12.037416902712867
901,81.0,0.003449363631702229,12733.4,28.031386103532608
902,10.0,0.0015154014727093434,89.5158,8.005619576084523
903,17.0,0.001235617898123098,268.291,6.002604937104686
904,22.0,0.0015009106899619429,955.563,12.020251711743676
905,6.0,0.001230044520143303,0.31149,4.014177380280385
906,144.0,0.002484054565599747,8283.82,41.677604874734584
907,45.0,0.0013175465544262854,407.942,6.289375399264318
908,63.0,0.002004186721538459,3571.96,34.21283304253151
909,1.0,0.0005021613559805793,0.0,0
910,4.0,0.0013069571362646082,119.792,2.011348804524241
911,15.0,0.0017199444445682444,474.951,8.009000583268621
912,2.0,0.001608476884972121,0.0,0
913,11.0,0.001644146504042876,489.816,4.038452422332964
914,17.0,0.0020905740802253936,2461.03,14.045942478048856
915,7.0,0.0014251127494365745,295.313,5.006815084365549
916,13.0,0.002058805825740584,868.288,6.039239281065715
917,32.0,0.003600959512752966,5376.07,18.070595207778513
918,13.0,0.0012712875171938531,50.0048,6.014642309439873
919,168.0,0.002842980107499282,18793.9,41.617171266887915
920,9.0,0.0011107742313753999,0,2.065827174305558
921,1.0,0.000708376341233441,0.0,0
922,6.0,0.0013883284547697716,79.0336,3.0155545405873756
923,2.0,0.001097955462021849,0,0
924,48.0,0.0016809307987096789,849.796,11.066207095476312
925,19.0,0.0026127995969332796,1955.62,9.015710987147266
926,18.0,0.001607919547174208,953.557,7.210897693655707
927,5.0,0.0015750366170933505,17.1769,3.00247794012616
928,3.0,0.0014412755455779358,0.0,0
929,35.0,0.001727747173740024,1343.38,18.01349083543258
930,2.0,0.0002636207784448841,0.0,0
931,107.0,0.0018498041514978247,5535.87,28.496923591533722
932,23.0,0.002346949467296522,2337.86,14.149560704977873
933,4.0,0.0016118209117600424,78.5237,0
934,9.0,0.0015683485635175076,307.71,7.006753139571675
935,1.0,1.1146755959368093e-06,0.0,0
936,36.0,0.001571692590305429,273.356,7.078925500868989
937,3.0,0.0005238975301018467,0.0,0
938,17.0,0.0012768608951736482,452.627,8.02796434508099
939,1.0,0.0004988173291926579,0.0,0
940,38.0,0.0021524385758012743,4559.66,18.024293508535013
941,4.0,0.0012345032225271613,5.68434e-13,0
942,14.0,0.0015767086304873112,212.366,8.015279973354462
943,223.0,0.002724267156529403,18450.7,50.457490039315616
944,16.0,0.0013103011630525296,445.733,5.008084693536533
945,69.0,0.0025397883453978087,7114.6,25.19180803530902
946,1.0,0.0007156217326071967,0.0,0
947,18.0,0.0015990021424064915,437.686,8.024176074139648
948,162.0,0.0016335570858813098,2470.92,26.723896990651568
949,1.0,0.0003845630806066369,0.0,0
950,4.0,0.0007145070570111489,2.14495,0
951,155.0,0.0018804577303866976,9174.48,36.398551031434835
952,5.0,0.001134182418890628,4.6963,0
953,46.0,0.002106179538568842,3714.25,18.102025050023745
954,1.0,0.00033997605676816534,0.0,0
955,3.0,0.0012696155037998924,1.64596,0
956,1.0,0.0002262791459801683,0.0,0
957,1.0,0.00028479961476812754,0.0,0
958,2.0,0.0008722336538397046,0,0
959,1.0,0.00018169212214169672,0.0,0
960,10.0,0.0025827033558423196,1917.33,5.01385236642098
961,64.0,0.0017851529669320465,6534.83,30.011823273726833
962,11.0,0.0012261431555574687,0,5.134119354497786
963,74.0,0.0015588738209518782,1245.88,35.04172550470745
964,50.0,0.002135161104063865,3998.8,12.745198460095018
965,1.0,0.0003672856088692278,0.0,0
966,2.0,0.000984258551233852,7.62142,0
967,115.0,0.002267807499983232,4837.38,26.395439269693806
968,1.0,0.0003845630806066369,0.0,0
969,3.0,0.0008070251314760135,0,0
970,97.0,0.003708525707763255,8375.28,22.648486781358383
971,98.0,0.0028218012711760387,20551.4,55.18533755499584
972,2.0,0.0010895953950521564,1.01269,0
973,4.0,0.0014507502881436762,7.78076,0
974,11.0,0.0014368168431940775,85.5672,8.013080022755602
975,9.0,0.0013270212969919148,101.086,0
976,1.0,0.0005723859185261526,0.0,0
977,5.0,0.0008945271657589959,4.54747e-13,0
978,22.0,0.001969074440265617,1885.12,12.036525920102111
979,140.0,0.005508726795240726,13241.4,35.066184623689395
980,1.0,0.00025526071147519147,0.0,0
981,4.0,0.0013392827285475528,15.4772,2.012661935428005
982,1.0,0.0004988173291926579,0.0,0
983,3.0,0.001410064628891039,8.51697,0
984,30.0,0.0015560871319619807,158.556,8.23459521810688
985,1.0,0.00045144361636428876,0.0,0
986,5.0,0.0015594311587499021,13.8564,3.004902242191581
987,34.0,0.0027627234645900556,4331.09,18.022764890017182
988,5.0,0.001248436667476649,0.053303,0
989,1.0,0.0002803409123842693,0.0,0
990,1.0,0.0003455494347479604,0.0,0
991,1.0,0.0006727067221626859,0.0,0
992,1.0,0.00028368493917219073,0.0,0
993,1.0,0.0002831276013741668,0.0,0
994,4.0,0.0014440622345678333,2.24899,0
995,1.0,0.000557895135778641,0.0,0
996,9.0,0.0015572018075579175,34.7788,6.011445952139832
997,7.0,0.0012378472493150827,43.1789,5.000965556590337
998,40.0,0.0021931242350539115,2605.67,8.051631992096187
999,71.0,0.00171604307998241,4439.14,23.20685159429442
1000,1.0,0.0002831276013741668,0.0,0
1001,1.0,0.00041856068628343124,0.0,0
1002,8.0,0.0013665922806486153,245.175,6.006707190582457
1003,1.0,0.00028368493917219073,0.0,0
1004,1.0,0.00028368493917219073,0.0,0
1005,28.0,0.0015165161483053913,742.163,15.033493691697396
1006,1.0,0.00030876514008126854,0.0,0
1007,19.0,0.0016073622093761841,519.518,11.021972123924456
1008,102.0,0.0018046597898613292,8907.93,35.33095548137413
1009,4.0,0.001211652372809957,257.295,0
1010,110.0,0.001590084737638775,1876.99,14.181095433498564
1011,23.0,0.0019607143732959242,1205.84,7.006832813466072
1012,1.0,0.0002814555879802061,0.0,0
1013,10.0,0.001745581983275457,1492.52,8.003681265817464
1014,8.0,0.0015098280947295484,766.095,6.0029751572272465
1015,29.0,0.0014864199072144313,903.329,12.022085308146481
1016,15.0,0.0015315642688508158,184.701,7.010121864945427
1017,2.0,0.0007100483546274017,0.0,0
1018,2.0,0.0011832281451129578,6.18574,0
1019,46.0,0.0013532161734970405,835.656,19.035579500083468
1020,6.0,0.001583954021861067,0,0
1021,18.0,0.00133259467497171,321.182,6.198700370366054
1022,40.0,0.002057691150144536,6445.03,26.063922900278172
1023,1.0,0.00029371701953584406,0.0,0
1024,1.0,0.0002892583171519858,0.0,0
1025,20.0,0.002934383506368099,3169.09,7.03175406484819
1026,1.0,0.0004570169943440838,0.0,0
1027,4.0,0.0015287775798609182,10.334,0
1028,19.0,0.0016218529921236957,324.936,7.016591004433369
1029,3.0,0.001487534582810368,542.0,0
1030,108.0,0.002754363397620363,11540.3,36.21923170519708
1031,33.0,0.00214853721121544,3502.27,23.01938116054844
1032,9.0,0.0012813195975575065,13.465,2.0108936620604707
1033,1.0,0.0003065357888893949,0.0,0
1034,1.0,0.00030876514008126854,0.0,0
1035,2.0,0.0011787694427290996,2.27374e-13,0
1036,2.0,0.0011481158638401157,6.82121e-13,0
1037,8.0,0.0015789379816791849,95.2151,3.0563381587123772
1038,1.0,0.0006688053575767405,0.0,0
1039,1.0,0.000557895135778641,0.0,0
1040,1.0,0.00029538903292969376,0.0,0
1041,25.0,0.002117326294528543,1732.09,4.082140738986114
1042,46.0,0.003396973878692089,7701.9,19.036170627454325
1043,26.0,0.001968517102467704,2362.94,14.039387869153876
1044,8.0,0.0015053693923456901,106.389,7.004217040626999
1045,25.0,0.0014390461943860622,20.293,13.336684734969513
1046,47.0,0.0015733646036993898,936.693,20.170624026798652
1047,14.0,0.0013816404011940397,196.517,7.030242529604702
1048,2.0,0.0011291663787088568,1.36424e-12,0
1049,18.0,0.0011553612552138715,250.291,8.001657495371914
1050,1.0,0.00033328800319243346,0.0,0
1051,12.0,0.0018447881113159426,1375.41,8.019950364515536
1052,2.0,0.0011988336034564062,44.3366,0
1053,5.0,0.0012763035573757353,313.97,3.003052983423455
1054,25.0,0.002243284636872178,3804.98,14.043596848859394
1055,5.0,0.0012083083460220356,5.68434e-13,2.011650642289859
1056,3.0,0.0011146755959613452,8.52651e-14,0
1057,41.0,0.002015890815296073,1646.44,15.013944116015548
1058,31.0,0.001590084737638775,2101.6,19.584612544380544
1059,90.0,0.002681909483882916,7755.83,33.100862964755656
1060,34.0,0.0012556820588504047,1339.38,11.005858095018906
1061,22.0,0.0027978357458628977,3498.16,13.08858408382249
1062,21.0,0.0022237778139427844,1410.22,6.142378031644224
1063,20.0,0.0024104859762663633,2876.74,8.101858812282154
1064,2.0,0.0008778070318194997,0,0
1065,3.0,0.0014841905560224466,0.0,0
1066,1.0,0.00034164807016212606,0.0,0
1067,2.0,0.0012551247210523808,4.54747e-13,0
1068,7.0,0.0014362595053961646,5.14694,3.0046597502071903
1069,10.0,0.0021078515519628027,2736.2,7.0091004154406775
1070,47.0,0.0029193353858226745,3408.65,18.018809507047298
1071,26.0,0.001571692590305429,130.492,12.121073030334243
1072,1.0,0.00037174431125308605,0.0,0
1073,2.0,0.0007535207028698254,0.0,0
1074,12.0,0.001434587492002204,388.919,5.033419677238777
1075,18.0,0.0014981240009720453,404.921,7.012940592241563
1076,26.0,0.0019272741054171538,1638.36,11.026118163006595
1077,38.0,0.0016931922302652058,2280.83,12.076077439183841
1078,51.0,0.0018135771946290458,1959.34,9.187426400232514
1079,1.0,0.0003522374883238033,0.0,0
1080,8.0,0.0015945434400226333,171.44,3.0077522490380906
1081,14.0,0.0014189820336587555,55.7162,8.17086802265817
1082,1.0,0.0005779592965059477,0.0,0
1083,3.0,0.0007306698531526212,4.21814,0
1084,130.0,0.0015828393462650192,2245.27,48.80991541285464
1085,34.0,0.002538673669801872,3521.11,16.03417111059483
1086,2.0,0.00042859276664708457,0.532695,0
1087,1.0,0.00044977160297043906,0.0,0
1088,16.0,0.001229487182345279,194.715,9.06500099727551
1089,316.0,0.002993461312954082,16632.8,76.47265962243546
1090,8.0,0.001236175235921122,26.3965,5.009131726852789
1091,1.0,0.0006437251566676627,0.0,0
1092,40.0,0.0016251970189116172,3116.94,23.02442134091445
1093,1.0,0.0003199118960408587,0.0,0
1094,42.0,0.0014719291244669197,1503.86,16.011371319143688
1095,16.0,0.0014173100202647948,1031.28,9.032242684275834
1096,34.0,0.0015616605099417757,926.164,9.024368888551402
1097,16.0,0.0015293349176589421,506.114,8.08547772705521
1098,37.0,0.001800201087477471,1218.87,8.026582576400962
1099,53.0,0.0032554100780050055,7265.5,34.03214428514051
1100,23.0,0.002999034690933877,3435.24,10.01699638323602
1101,14.0,0.0015833966840630431,376.029,5.009283464685649
1102,1.0,0.00038679243179862155,0.0,0
1103,41.0,0.0019785491828313573,9535.25,21.042524159043474
1104,18.0,0.0013788537122041422,1619.51,8.124464572343198
1105,1.0,0.0004235767264653134,0.0,0
1106,1.0,0.0004993746669906818,0.0,0
1107,3.0,0.0012406339383049803,1.1766,0
1108,1.0,0.00033941871897025244,0.0,0
1109,54.0,0.00251303613109477,5184.02,21.019806028996257
1110,73.0,0.001620738316527759,5619.42,27.374369253136546
1111,8.0,0.0015388096602245716,127.493,6.016394288499667
1112,1.0,0.0005662552027483336,0.0,0
1113,3.0,0.001248436667476649,1.15621,2.0147442639408766
1114,1.0,0.0005216681789098621,0.0,0
1115,2.0,0.001415638006870834,0,0
1116,49.0,0.002557065817135218,7337.59,32.043511998406515
1117,61.0,0.006654613307888968,15129.1,43.19859614579642
1118,15.0,0.0014173100202647948,206.695,8.041750924409758
1119,5.0,0.0015800526572751217,683.389,4.008671790602064
1120,3.0,0.0003739736624450707,0.0,0
1121,1.0,0.0005651405271523968,0.0,0
1122,3.0,0.0012071936704260988,16.4644,0
1123,3.0,0.001182113469517021,0,0
1124,27.0,0.0015555297941639568,1690.16,15.01657669917293
1125,72.0,0.001656407935598514,3451.07,8.037834159521788
1126,4.0,0.001386656441375811,2.27374e-13,2.099489467385496
1127,117.0,0.00285524153905492,15150.4,42.13993710781285
1128,1.0,0.0005590098113745778,0.0,0
1129,23.0,0.001254567383254468,13.3095,4.653456102567819
1130,89.0,0.0035619458668944004,5346.96,18.13867450353727
1131,3.0,0.0008332200079810281,36.7648,0
1132,24.0,0.0016664400159621673,683.851,15.012893333739104
1133,2.0,0.0012194551019816258,83.7669,0
1134,41.0,0.0015934287644266965,3656.11,16.009186065420188
1135,2.0,0.0011888015230927529,2.13201,0
1136,3.0,0.0011598199575977297,222.669,0
1137,141.0,0.002286199647316689,7578.96,41.29081922693898
1138,22.0,0.001410064628891039,55.4853,13.033733213956879
1139,47.0,0.002045429718589009,3743.26,14.09149299647966
1140,21.0,0.0017990864118815342,1079.62,6.043119987184019
1141,1.0,0.0004988173291926579,0.0,0
1142,7.0,0.001284106286547404,201.081,4.572870090900706
1143,2.0,0.0011888015230927529,0,0
1144,13.0,0.0013052851228706475,243.574,6.015315352087563
1145,8.0,0.0012690581660019795,122.109,4.003473244220745
1146,3.0,0.0014814038670325491,0,0
1147,1.0,0.0006437251566676627,0.0,0
1148,1.0,0.0003578108663035984,0.0,0
1149,13.0,0.002640109149034342,3741.74,9.026452013877854
1150,67.0,0.002351965507478404,3795.75,26.057179203474796
1151,19.0,0.0008086971448699742,0,6.004076778102609
1152,3.0,0.0011871295096987922,0.0644367,0
1153,24.0,0.001475830489052754,193.435,7.004178604364039
1154,1.0,0.00035669619070766156,0.0,0
1155,1.0,0.00035000813713181866,0.0,0
1156,32.0,0.0014540943149314867,663.555,11.056712713828171
1157,8.0,0.0012746315439817746,39.1512,0
1158,2.0,0.00046537706131388745,2.0,0
1159,41.0,0.0019830078852152155,1492.08,20.022352279987306
1160,84.0,0.001727747173740024,7630.44,23.19374418622307
1161,25.0,0.0008187292252336276,0,13.181897722537869
1162,25.0,0.0014574383417194081,1735.33,10.020377727240604
1163,14.0,0.0026200449883070354,3493.31,11.15278790468818
1164,1.0,0.0003834484050107001,0.0,0
1165,35.0,0.0016396878016591288,1039.58,11.022751068672015
1166,1.0,0.00037174431125308605,0.0,0
1167,23.0,0.0014507502881436762,276.661,8.083128844070773
1168,7.0,0.0014663557464871246,26.9614,3.013968627646258
1169,2.0,0.0010940540974360147,0,0
1170,9.0,0.0014228833982445899,46.506,3.008039994212619
1171,87.0,0.0015376949846286347,8550.42,26.01474159072358
1172,11.0,0.0014496356125476284,1461.32,6.0000291464521815
1173,3.0,0.00127240219278979,11.7126,0
1174,6.0,0.0013058424606686714,9.09495e-13,2.040319117964438
1175,6.0,0.001500353352163919,6.82121e-13,4.002357479665596
1176,3.0,0.0011893588608906658,4.2443,0
1177,15.0,0.0013487574711131822,683.424,11.042579352471467
1178,1.0,0.0004993746669906818,0.0,0
1179,1.0,0.0003756456758389204,0.0,0
1180,40.0,0.0019462235905484127,1710.19,17.096229113881023
1181,4.0,0.0006760507489504963,2.27374e-13,0
1182,42.0,0.0014780598402447387,376.74,15.042791785126594
1183,2.0,0.0009446875675772626,691.0,0
1184,1.0,0.00044977160297043906,0.0,0
1185,20.0,0.0021279157126901094,1976.22,11.106740272068256
1186,2.0,0.0010048800497590715,0.572438,0
1187,18.0,0.0015454977138003034,1283.29,10.013659218930734
1188,1.0,0.0003990538633541485,0.0,0
1189,2.0,0.001271844854991877,2.27374e-13,0
1190,9.0,0.0013766243610122686,113.691,5.007396046208421
1191,6.0,0.0012110950350119332,47.6759,3.0338297096830718
1192,2.0,0.00078584629515277,0.0,0
1193,4.0,0.0012200124397796497,61.0863,3.0044092687902295
1194,1.0,0.0003979391877582117,0.0,0
1195,15.0,0.0015070414057396508,339.724,8.011697386828674
1196,1.0,0.0003979391877582117,0.0,0
1197,284.0,0.002255546068427705,14795.4,69.90041793279713
1198,1.0,0.0003979391877582117,0.0,0
1199,1.0,0.0003979391877582117,0.0,0
1200,1.0,0.0003979391877582117,0.0,0
1201,6.0,0.001211652372809957,5.11591e-13,4.096423871747301
1202,1.0,0.0003979391877582117,0.0,0
1203,1.0,0.0007005736120616612,0.0,0
1204,28.0,0.0015293349176589421,1098.45,13.030163953463136
1205,101.0,0.0015828393462650192,5088.82,36.45764964098683
1206,1.0,0.0003979391877582117,0.0,0
1207,2.0,0.0012211271153755865,9.09495e-13,0
1208,45.0,0.0023976672069128124,7256.24,24.01244709894926
1209,17.0,0.0013459707821232847,1947.86,8.00516202017564
1210,3.0,0.00136269091606267,5.77806,0
1211,8.0,0.0013732803342243471,295.217,4.007933401883165
1212,1.0,0.00045868900773804455,0.0,0
1213,103.0,0.004119841002673041,16791.6,61.026262452853054
1214,7.0,0.001445734247961794,92.6043,3.004129832600295
1215,1.0,0.00038679243179862155,0.0,0
1216,43.0,0.0026807948082869792,4652.38,20.021599060516667
1217,12.0,0.0013576748758808987,19.1136,3.004849123652938
1218,14.0,0.0012467646540826882,46.6546,4.014537740198332
1219,1.0,0.0003979391877582117,0.0,0
1220,6.0,0.0013638055916586067,44.3387,4.005729215232416
1221,95.0,0.0018107905056391482,5190.95,15.343692638129399
1222,1.0,0.0004391821848087618,0.0,0
1223,146.0,0.0021435211710335578,6774.38,27.027253315781348
1224,2.0,0.0007986650645063209,4.54747e-13,0
1225,2.0,0.0010973981242239361,4.54747e-13,0
1226,3.0,0.001368264294042465,2.5337,0
1227,4.0,0.0013654776050525674,1.13687e-13,0
1228,1.0,0.0003979391877582117,0.0,0
1229,7.0,0.0014992386765679822,309.079,3.0200756699641893
1230,43.0,0.0016603093001843483,1660.19,17.040674094122434
1231,1.0,0.0004062992547279043,0.0,0
1232,1.0,0.0004007258767481092,0.0,0
1233,1.0,0.0003979391877582117,0.0,0
1234,98.0,0.0019233727408312085,3485.69,31.403055237842512
1235,1.0,0.0003984965255561246,0.0,0
1236,3.0,0.0012467646540826882,17.4623,0
1237,1.0,0.0005227828545057989,0.0,0
1238,1.0,1.1146755959368093e-06,0.0,0
1239,3.0,0.0013582322136788116,80.3417,0
1240,21.0,0.0018826870815786823,1493.09,9.018554849504648
1241,6.0,0.0011653933355775248,5.44533,3.0027828278603637
1242,21.0,0.0013699363074364257,43.4586,4.0200426926866495
1243,92.0,0.001799643749679558,4836.19,16.281773744297364
1244,9.0,0.0014306861274163696,1022.1,7.002452428688613
1245,2.0,0.0011988336034564062,0.0,0
1246,119.0,0.002777214247337567,6047.63,19.823579846447387
1247,20.0,0.0014775025024467148,218.681,8.096150357067629
1248,1.0,0.0004090859437178018,0.0,0
1249,2.0,0.0013537735112949534,0.0624895,0
1250,1.0,0.0004938012890108867,0.0,0
1251,23.0,0.002844652120893243,3161.37,10.012345362962684
1252,11.0,0.0013454134443252608,182.589,6.011595048149744
1253,5.0,0.000791977010930478,42.213,3.000206464722876
1254,30.0,0.001530449593254879,352.422,17.04705726257778
1255,65.0,0.0027203657919435686,6375.78,27.0670079337638
1256,12.0,0.0014992386765679822,159.829,6.012980199720334
1257,6.0,0.0014942226363861,44.4361,3.1084068707443144
1258,43.0,0.00385343353523826,9025.14,24.0339520294417
1259,104.0,0.0024706784584482833,14621.9,56.20428440679774
1260,104.0,0.0014624543819012903,3340.47,23.153631186150093
1261,16.0,0.0014691424354770222,385.416,9.009426571091549
1262,1.0,0.0004297074422431324,0.0,0
1263,10.0,0.0013671496184465282,1032.38,4.014653869818116
1264,320.0,0.0047975637650174985,48586.9,89.739168165338
1265,14.0,0.0014435048967699204,22.3698,4.22312166719904
1266,6.0,0.0018191505726088408,1622.24,5.003423060451215
1267,120.0,0.0027409872904688992,4684.15,33.03250850085183
1268,13.0,0.0013125305142444033,59.5304,3.2176280950622074
1269,1.0,0.00041688867288958154,0.0,0
1270,29.0,0.001440718207780023,161.223,14.13843447156755
1271,8.0,0.0012434206272948778,146.924,7.004471918167878
1272,1.0,0.0006520852236373553,0.0,0
1273,1.0,0.0004687210881016979,0.0,0
1274,1.0,0.0004135446461016601,0.0,0
1275,1.0,0.0004001685389500853,0.0,0
1276,20.0,0.00228006893153887,1520.24,8.067709705414387
1277,2.0,0.001247879329678736,0.865477,0
1278,2.0,0.001158705282001793,1.17673,0
1279,1.0,0.0003851204184046608,0.0,0
1280,31.0,0.0014256700872344874,1364.62,17.050717909659422
1281,18.0,0.0015644471989316733,1864.38,8.044031646406967
1282,63.0,0.0020543471233567256,2055.47,13.462092006992222
1283,1.0,0.0004993746669906818,0.0,0
1284,4.0,0.0012233564665675711,17.5439,3.002191654441455
1285,16.0,0.0012372899115170588,375.9,3.157084226035307
1286,1.0,0.0004219047130713527,0.0,0
1287,1.0,0.0007033603010515588,0.0,0
1288,4.0,2.2293511918736186e-06,0,0
1289,2.0,0.0009385568517994436,0,0
1290,12.0,0.0013727229964263232,925.428,4.019056048296831
1291,42.0,0.001464683733093164,15.0256,12.292895235691358
1292,1.0,0.00041856068628343124,0.0,0
1293,4.0,0.0012099803594159964,17.1429,0
1294,29.0,0.002226007165134769,2075.37,12.034856259763135
1295,2.0,0.0012205697775776736,2.27374e-13,0
1296,73.0,0.0016157222763458767,2439.97,27.176774113991485
1297,6.0,0.0012506660186686336,177.983,3.0058023842294452
1298,4.0,0.001326463959194002,29.812,0
1299,2.0,0.0011297237165067697,2.27374e-13,0
1300,19.0,0.001398360535133425,1665.63,8.017258110150326
1301,17.0,0.0014440622345678333,421.601,4.0101439145269
1302,111.0,0.002081656675457788,14118.0,28.240391933814617
1303,30.0,0.0014858625694164074,3359.89,10.005037603894776
1304,1.0,0.00040351256573800676,0.0,0
1305,4.0,0.0013727229964263232,1.9373,0
1306,22.0,0.001499796014365895,1053.12,13.010082149042061
1307,41.0,0.0014853052316184945,1344.0,16.092449751320363
1308,21.0,0.0013727229964263232,186.317,8.015182161962374
1309,1.0,0.0004391821848087618,0.0,0
1310,1.0,0.0007005736120616612,0.0,0
1311,30.0,0.001914455336063492,1498.64,11.168620476279365
1312,22.0,0.002040413678407127,2524.84,13.012951906004211
1313,9.0,0.0014435048967699204,4.99649,3.0043173221267225
1314,1.0,0.0005060627205664137,0.0,0
1315,15.0,0.0014295714518203217,784.47,9.02619828018148
1316,2.0,0.0005177668143240277,0,0
1317,107.0,0.0017623021172148423,5257.91,28.395131741604644
1318,26.0,0.0015248762152750839,1308.62,15.01034202988424
1319,2.0,0.0012166684129917282,0,0
1320,3.0,0.0014206540470527163,28.8937,0
1321,4.0,0.0006375944408898437,0,0
1322,7.0,0.0014301287896183457,69.8452,5.038201223207438
1323,3.0,0.0011971615900624455,0.0,0
1324,2.0,0.0012138817240018307,0.0,0
1325,3.0,0.0012155537373957914,19.9705,0
1326,38.0,0.0014741584756587933,1371.11,23.021669999678632
1327,1.0,0.00042524873985927414,0.0,0
1328,85.0,0.0028964845361054703,9743.26,37.13406886920367
1329,1.0,0.0006699200331727884,0.0,0
1330,11.0,0.001908324620285784,1254.83,4.003358727672787
1331,195.0,0.0030079520957015937,29184.2,54.73498658723252
1332,12.0,0.001355445524688914,336.672,6.007135517130575
1333,1.0,0.00043416614462687964,0.0,0
1334,1.0,0.0004687210881016979,0.0,0
1335,1.0,0.0004486569273743912,0.0,0
1336,2.0,0.0013130878520424272,4.16075,0
1337,8.0,0.0013130878520424272,77.9597,4.00873013042856
1338,12.0,0.001469699773274935,935.34,6.00567333287572
1339,1.0,0.0006766080867485202,0.0,0
1340,1.0,0.0005567804601827042,0.0,0
1341,3.0,0.0007457179736981567,5.91222,0
1342,1.0,0.00044196887379865935,0.0,0
1343,6.0,0.0014173100202647948,9.43737,4.009294860291954
1344,2.0,0.0014167526824667709,0,0
1345,186.0,0.003535193652591251,46869.0,125.83764540793874
1346,5.0,0.0009998640095773004,22.4102,0
1347,17.0,0.0019400928747707047,1474.07,9.01365852506363
1348,25.0,0.0014390461943860622,1065.17,6.069063363611291
1349,6.0,0.0014050485887092679,100.434,4.0058626439371405
1350,13.0,0.002394323180124891,5641.65,8.06130648782054
1351,30.0,0.001583954021861067,915.14,21.31573737521715
1352,1.0,0.0004687210881016979,0.0,0
1353,3.0,0.0012857782999413647,5.68434e-14,2.011067647170138
1354,144.0,0.0026540425939838297,14279.6,43.07281583563138
1355,1.0,0.00044809958957647833,0.0,0
1356,170.0,0.0028903538203276513,18580.9,46.531538215218255
1357,306.0,0.004392379185885531,39164.3,100.20151983537583
1358,5.0,0.001110216893577487,8.87299,0
1359,30.0,0.0013236772702041044,21.8573,8.165984951304795
1360,45.0,0.0013966885217394642,1310.26,7.09942242460484
1361,42.0,0.0013370533773555682,2278.74,25.021774048099033
1362,1.0,1.1146755959368093e-06,0.0,0
1363,31.0,0.001996941330164703,3795.77,14.00235104077547
1364,13.0,0.0015042547167497533,289.203,7.058568905491049
1365,1.0,0.0006158582667685764,0.0,0
1366,5.0,0.0013420694175374503,48.0453,3.002909387556832
1367,26.0,0.0014390461943860622,1587.72,13.086682369645995
1368,14.0,0.0018431160979219818,973.0,5.024958584293421
1369,25.0,0.0014925506229921393,504.651,10.01712514751947
1370,1.0,0.0004297074422431324,0.0,0
1371,26.0,0.0014173100202647948,605.609,7.027161792752003
1372,3.0,0.0012863356377393886,211.705,0
1373,25.0,0.0017656461440027638,1753.56,6.136316835648588
1374,4.0,0.0010728752611127712,7.33564,0
1375,18.0,0.0014513076259415891,884.71,10.131724713611375
1376,28.0,0.0013181038922241983,530.307,8.059943568997086
1377,4.0,0.0011436571614562574,115.154,0
1378,3.0,0.001206636332628075,0,0
1379,14.0,0.001182670807314934,257.384,3.0113706552542268
1380,1.0,0.0005534364333947828,0.0,0
1381,1.0,0.00048098251965733585,0.0,0
1382,29.0,0.0014730438000628565,3249.94,13.021301631864597
1383,8.0,0.0012985970692949156,10.5738,3.005056225210566
1384,28.0,0.0016112635739620185,1549.78,14.012335724106588
1385,17.0,0.0014602250307093056,690.784,9.012436133528523
1386,42.0,0.0014200967092546923,64.7167,3.0055864298632686
1387,2.0,0.0012495513430725858,0.0,0
1388,169.0,0.001955140995316129,10050.8,25.157068715147407
1389,251.0,0.001973533142649475,9857.02,26.303826451269686
1390,1.0,0.0007000162742637484,0.0,0
1391,7.0,0.0012891223267292862,153.818,3.0047749973988065
1392,9.0,0.0014602250307093056,128.972,4.186437251642509
1393,13.0,0.0014719291244669197,497.69,7.018346558822874
1394,1.0,0.0006459545078595363,0.0,0
1395,1.0,0.0006459545078595363,0.0,0
1396,1.0,0.0005590098113745778,0.0,0
1397,1.0,0.0005545511089907196,0.0,0
1398,78.0,0.0028881244691357777,7419.44,34.01590545766783
1399,1.0,0.0006492985346474578,0.0,0
1400,2.0,0.001073989936708708,4.87678,0
1401,1.0,0.0006370371030919308,0.0,0
1402,1.0,0.0004770811550713905,0.0,0
1403,1.0,0.0003828910672126762,0.0,0
1404,15.0,0.001523761539679147,1326.4,6.004674766412996
1405,4.0,0.0007585367430517076,0.0,3.0074140759776458
1406,11.0,0.0014056059265071807,211.646,7.014535827344539
1407,193.0,0.0023915364911349934,14396.6,41.56057953067477
1408,4.0,0.0010193708325065831,1.7053e-13,0
1409,3.0,0.0013036131094767978,12.3258,0
1410,5.0,0.0012255858177594448,177.661,3.0075429750752876
1411,2.0,0.0012233564665675711,2.41203,0
1412,1.0,0.00047429446608149295,0.0,0
1413,95.0,0.0024467129331350312,5487.93,29.509312531923996
1414,150.0,0.002519724184670502,12862.6,28.084557144720566
1415,26.0,0.0013732803342243471,1219.44,8.089484536197409
1416,5.0,0.0012311591957392398,116.772,2.0229542200762447
1417,150.0,0.0021273583748921965,11628.1,26.05146892360432
1418,1.0,0.0004971453157986971,0.0,0
1419,40.0,0.0014256700872344874,54.7498,13.214870846280943
1420,6.0,0.001398360535133425,24.5016,3.0083625503475138
1421,29.0,0.001440718207780023,471.37,9.743318898663986
1422,1.0,0.0004988173291926579,0.0,0
1423,44.0,0.0012467646540826882,43.303,13.257368434571429
1424,26.0,0.0014312434652142825,519.766,3.0121068548738394
1425,4.0,0.0010277308994762757,32.1635,3.000580849902901
1426,7.0,0.0012445353028908146,101.995,3.0037053754613634
1427,1.0,0.00045088627856637586,0.0,0
1428,10.0,0.0018821297437806583,1578.5,5.0392356896948804
1429,13.0,0.0013281359725878517,895.701,7.009610419250611
1430,1.0,0.0005004893425866186,0.0,0
1431,1.0,0.0005032760315765161,0.0,0
1432,1.0,1.1146755959368093e-06,0.0,0
1433,34.0,0.001620738316527759,785.16,11.03116224211886
1434,3.0,0.000888396449981177,203.55,0
1435,31.0,0.0014189820336587555,2050.46,13.047542019162199
1436,2.0,0.0008739056672336654,0.242852,0
1437,89.0,0.0014435048967699204,2891.49,14.368846266256718
1438,1.0,0.0006409384676777652,0.0,0
1439,1.0,1.1146755959368093e-06,0.0,0
1440,35.0,0.002886452455741817,5581.6,13.023137217032543
1441,11.0,0.0012941383669110573,55.0234,5.018094269060048
1442,5.0,0.0012852209621433408,52.8473,2.011802816986928
1443,3.0,0.0009424582163852779,10.8412,0
1444,11.0,0.0014624543819012903,1138.26,4.001052800463676
1445,2.0,0.0011932602254766111,0,0
1446,1.0,0.0006955575718798901,0.0,0
1447,1.0,0.0007039176388495827,0.0,0
1448,4.0,0.0010149121301227249,121.844,0
1449,6.0,0.0012267004933553816,139.885,4.005256394342253
1450,9.0,0.0012283725067493423,207.009,4.020756516943516
1451,2.0,0.0013470854577192215,5.4439,0
1452,7.0,0.00184757480030584,1235.81,4.007144515086221
1453,106.0,0.0013755096854162208,5646.62,17.169464849599954
1454,1.0,0.0005656978649503097,0.0,0
1455,5.0,0.0012952530425069941,273.555,3.001140306270659
1456,4.0,0.001278532908567609,66.2094,0
1457,1.0,0.0005250122056977835,0.0,0
1458,6.0,0.001398360535133425,0,3.0077531719097608
1459,1.0,0.0003756456758389204,0.0,0
1460,2.0,0.0010550404515773382,0.0,0
1461,85.0,0.001392229819355717,2487.79,17.01869542946893
1462,1.0,0.0005495350688089484,0.0,0
1463,1.0,0.0004993746669906818,0.0,0
1464,4.0,0.0012188977641837129,16.0276,3.0042185716426264
1465,1.0,0.0007005736120616612,0.0,0
1466,1.0,0.0004759664794754537,0.0,0
1467,1.0,0.0005088494095563112,0.0,0
1468,41.0,0.0021630279939629515,3904.57,13.0064319112541
1469,33.0,0.00184757480030584,2530.82,13.025535344322519
1470,2.0,0.0012618127746282237,2.27374e-13,0
1471,2.0,0.0010884807194562196,2.93453,0
1472,39.0,0.0015744792792953266,2102.44,15.089999011669835
1473,3.0,0.0012099803594159964,728.304,0
1474,1.0,0.0005539937711928067,0.0,0
1475,159.0,0.0022772822425489725,33320.1,59.316193325609234
1476,6.0,0.0013777390366082054,162.191,4.032949775312801
1477,5.0,0.001241748613900917,0,0
1478,37.0,0.0016491625442247582,3946.95,16.061310230807564
1479,1.0,0.0007028029632536459,0.0,0
1480,1.0,0.0004993746669906818,0.0,0
1481,108.0,0.0021451931844275185,9378.74,34.092460647547384
1482,1.0,0.0005367162994553976,0.0,0
1483,7.0,0.001385541765779874,219.336,4.02872274610615
1484,12.0,0.0013097438252545057,201.995,6.007582613261
1485,1.0,0.0007005736120616612,0.0,0
1486,5.0,0.0011681800245674223,1.98988,0
1487,5.0,0.0011954895766684848,216.886,4.001429688859489
1488,1.0,0.0005963514438392936,0.0,0
1489,2.0,0.0012311591957392398,0,0
1490,39.0,0.0013270212969919148,1161.89,10.012274657719715
1491,2.0,0.0013944591705475906,0,0
1492,7.0,0.0011949322388705719,57.5172,4.001794970060245
1493,4.0,0.0012534527076585311,1.13687e-13,3.0070005358004437
1494,116.0,0.0021329317528719915,3825.37,30.082985491590758
1495,1.0,0.0006465118456575603,0.0,0
1496,8.0,0.001710469702002615,1299.11,7.001148503896204
1497,1.0,0.0005551084467887435,0.0,0
1498,6.0,0.0012629274502241605,73.2822,3.0139153961481115
1499,1.0,0.0006582159394151743,0.0,0
1500,1.0,0.0005060627205664137,0.0,0
1501,6.0,0.0011057581911936287,26.3693,4.000718580446001
1502,3.0,0.0011726387269512806,2.27374e-13,0
1503,12.0,0.0013465281199213086,212.245,6.504526649430732
1504,8.0,0.0013208905812140959,921.508,5.00180522637867
1505,1.0,0.0005406176640412319,0.0,0
1506,8.0,0.0018408867467301082,1224.79,3.0114774497701884
1507,6.0,0.0020777553108718427,1860.08,3.0005980447133
1508,1.0,0.0003756456758389204,0.0,0
1509,24.0,0.0013794110500021661,1360.94,10.014116331300103
1510,4.0,0.001230601857941327,4.65812,2.110839657889046
1511,34.0,0.003155089274368472,5852.39,18.006038707956687
1512,40.0,0.0013509868223050558,2639.9,19.014151494632003
1513,39.0,0.00272370981873149,5734.85,16.0057977817344
1514,17.0,0.0015271055664669575,1204.32,5.0201540484071785
1515,43.0,0.0046727200982698,9251.6,18.00244114933255
1516,13.0,0.0012133243862039178,147.619,3.0287481416513105
1517,2.0,0.0006169729423646242,0.0,0
1518,17.0,0.0013838697523859134,1285.0,6.004703409532461
1519,4.0,0.0013030557716787738,16.1395,0
1520,2.0,0.0010466803846076456,2.11737,0
1521,71.0,0.003257639429196879,6306.75,22.0127574274602
1522,8.0,0.001247879329678736,149.719,4.003128670484673
1523,1.0,0.0004977026535967211,0.0,0
1524,8.0,0.0013994752107294728,1366.21,7.001359419568004
1525,3.0,0.0011993909412543191,0,0
1526,2.0,0.0012049643192342252,0.432746,0
1527,1.0,0.0005562231223846803,0.0,0
1528,21.0,0.0019462235905484127,2821.38,10.013370670399857
1529,1.0,0.0005528790955967589,0.0,0
1530,1.0,0.0007005736120616612,0.0,0
1531,1.0,0.0007005736120616612,0.0,0
1532,1.0,0.0005617965003644754,0.0,0
1533,12.0,0.0013760670232142447,1093.29,7.003466520160893
1534,6.0,0.001061728505153181,238.195,0
1535,18.0,0.0013972458595374881,771.849,5.000713152694199
1536,1.0,0.0005567804601827042,0.0,0
1537,3.0,0.0010756619501026687,0,0
1538,5.0,0.0009708824440822772,67.5866,0
1539,3.0,0.0011626066465876272,0,0
1540,1.0,0.000540060326243208,0.0,0
1541,43.0,0.002251087366043847,3690.96,9.107163844061905
1542,1.0,0.0006766080867485202,0.0,0
1543,3.0,0.0010873660438602828,0.0,0
1544,1.0,0.0005500924066068613,0.0,0
1545,5.0,0.001307514474062632,1324.58,4.0014556874761835
1546,1.0,0.0005406176640412319,0.0,0
1547,1.0,0.0006977869230717637,0.0,0
1548,1.0,0.0005467483798190509,0.0,0
1549,1.0,0.0006710347087687252,0.0,0
1550,5.0,0.0011670653489714855,45.887,0
1551,1.0,0.000540060326243208,0.0,0
1552,38.0,0.0021078515519628027,3820.62,19.008509384711015
1553,1.0,0.0005411750018392558,0.0,0
1554,13.0,0.0013208905812140959,1626.01,5.002681742809606
1555,9.0,0.0011146755959613452,97.2717,4.000982164538654
1556,1.0,0.0005495350688089484,0.0,0
1557,11.0,0.0020682805683062133,2431.25,5.000164734478807
1558,2.0,0.0005333722726674761,0,0
1559,2.0,0.0010712032477188105,0,0
1560,5.0,0.0010946114352340386,53.0257,0
1561,10.0,0.0013063997984666953,1374.77,3.00088162976975
1562,3.0,0.0006788374379403939,88.0769,0
1563,1.0,0.0005545511089907196,0.0,0
1564,37.0,0.0017561714014370233,2266.56,14.004453721015992
1565,4.0,0.000965866403900506,0.0,0
1566,1.0,1.1146755959368093e-06,0.0,0
1567,1.0,0.0006470691834555842,0.0,0
1568,1.0,0.0005495350688089484,0.0,0
1569,22.0,0.0012757462195777114,720.622,10.006139212714528
1570,12.0,0.0017138137287905364,1544.23,8.000854582526115
1571,35.0,0.002394880517922915,6176.13,23.00308262701878
1572,2.0,0.0010583844783652596,0,0
1573,12.0,0.001194374901072548,1697.82,4.002535454997605
1574,1.0,0.0005601244869705146,0.0,0
1575,1.0,0.0005495350688089484,0.0,0
1576,1.0,0.0005584524735766649,0.0,0
1577,1.0,0.0005634685137584361,0.0,0
1578,46.0,0.001235617898123098,1220.38,13.006653933377326
1579,1.0,0.0005422896774351926,0.0,0
1580,61.0,0.002046544394184946,3768.38,19.009146289116412
1581,20.0,0.0012105376972140203,509.355,5.073704128700965
1582,4.0,0.001632442410285373,895.991,3.0013271184763535
1583,2.0,0.001056712464971299,2.27374e-13,0
1584,22.0,0.0013041704472747107,1837.42,14.00528248001573
1585,21.0,0.0011860148341028554,338.283,9.017856175003852
1586,1.0,0.0005567804601827042,0.0,0
1587,40.0,0.0012952530425069941,1570.64,17.048477186313843
1588,6.0,0.0011130035825673845,9.62873,3.0015010884272555
1589,8.0,0.0011269370275168722,209.29,6.001349458685963
1590,1.0,0.0005545511089907196,0.0,0
1591,3.0,0.0011391984590725102,85.5175,0
1592,13.0,0.0012188977641837129,650.939,9.019005071561544
1593,2.0,0.0006637893173949694,0.0,0
1594,1.0,0.0005595671491726018,0.0,0
1595,2.0,0.0010890380572542435,0,0
1596,4.0,0.0005077347339603744,0,0
1597,4.0,0.0011258223519209354,217.921,0
1598,211.0,0.007172380122212996,34343.6,98.00464674556507
1599,1.0,0.00018503614892961817,0.0,0
1600,1.0,0.0005695992295362551,0.0,0
1601,1.0,0.0005595671491726018,0.0,0
1602,2.0,0.0005829753366877188,0.0,0
1603,1.0,0.0005601244869705146,0.0,0
1604,32.0,0.0014072779399011415,1840.18,14.021757752275274
1605,53.0,0.0011470011882441788,1790.27,14.011723810330164
1606,169.0,0.002898156549499431,8299.63,65.14508525619266
1607,18.0,0.0011074302045875895,40.7843,3.007020914251804
1608,3.0,0.0006565439260212136,11.4043,0
1609,79.0,0.0023781603839834187,11263.5,35.04671039692565
1610,1.0,0.0007005736120616612,0.0,0
1611,2.0,0.0011949322388705719,0.0,0
1612,4.0,0.0011509025528300132,255.308,3.018601379386158
1613,1.0,0.0005662552027483336,0.0,0
1614,18.0,0.0012974823936989788,1020.77,9.00190750711253
1615,3.0,0.0010405496688298266,16.0135,0
1616,55.0,0.002665189349943531,4651.58,14.091257581599422
1617,3.0,1.8392147333345932e-05,0.0,0
1618,1.0,1.6720133939607251e-06,0.0,0
1619,25.0,0.0012829916109514672,582.393,8.032290414548456
1620,1.0,0.0005601244869705146,0.0,0
1621,33.0,0.0014496356125476284,2535.34,9.212600328468488
1622,4.0,0.0017076830130127174,925.965,2.085283748774492
1623,7.0,0.0017126990531945996,1392.26,4.004479519030764
1624,1.0,0.0005668125405463575,0.0,0
1625,51.0,0.0014056059265071807,2425.76,20.00384062413193
1626,4.0,0.0005082920717583983,1.0,0
1627,36.0,0.001314202527638364,1484.62,17.008451118705736
1628,1.0,0.0006754934111525834,0.0,0
1629,22.0,0.0022778395803468854,2547.73,10.020393860052485
1630,11.0,0.0017305338627299216,2001.16,6.001735948131742
1631,1.0,1.1146755959368093e-06,0.0,0
1632,2.0,0.0010104534277389776,2.27374e-13,0
1633,6.0,0.0011492305394360525,175.793,3.00123575249257
1634,68.0,0.00168594683889145,6675.03,19.006837483338074
1635,9.0,0.0015460550515983273,1266.29,5.000650265106056
1636,11.0,0.0011659506733755487,26.2911,3.0014776952984183
1637,1.0,0.0005528790955967589,0.0,0
1638,18.0,0.0011626066465876272,282.295,5.001466856930762
1639,3.0,0.0010416643444258744,94.8803,0
1640,48.0,0.0018871457839625405,7788.97,25.05711685460092
1641,12.0,0.0012562393966484287,459.547,7.001614519900419
1642,6.0,0.0011665080111734616,116.479,4.001740739407297
1643,2.0,0.0009814718622439544,0.0,0
1644,4.0,0.0011648359977796119,3.256,0
1645,6.0,0.0016937495680632297,995.408,5.0006456901142196
1646,1.0,0.0005562231223846803,0.0,0
1647,1.0,0.000552321757798846,0.0,0
1648,3.0,0.0010639578563450547,1.13687e-13,0
1649,1.0,0.0005846473500816796,0.0,0
1650,1.0,1.1146755959368093e-06,0.0,0
1651,163.0,0.0015131721215174698,2495.13,90.02956412291984
1652,20.0,0.001290794340123247,853.391,4.01804998524255
1653,1.0,1.1146755959368093e-06,0.0,0
1654,96.0,0.004163870688713489,11781.5,43.11643087989415
1655,2.0,0.0005651405271523968,0.0,0
1656,1.0,0.0006989015986677005,0.0,0
1657,1.0,0.0007005736120616612,0.0,0
1658,19.0,0.0018943911753362963,2593.26,10.034197353953765
1659,2.0,0.0009876025780217734,4.54747e-13,0
1660,1.0,0.0007005736120616612,0.0,0
1661,1.0,0.0005645831893543729,0.0,0
1662,3.0,0.0010968407864259122,1.33451,0
1663,36.0,0.001865966947639186,2532.69,12.00862845064841
1664,1.0,0.0005963514438392936,0.0,0
1665,1.0,0.0007000162742637484,0.0,0
1666,11.0,0.0011213636495370771,37.227,3.0016698230710186
1667,40.0,0.0015081560813356987,1664.2,21.119010944942957
1668,3.0,0.0020905740802253936,1874.39,0
1669,641.0,0.00658048738075756,60105.0,87.27354001646967
1670,1.0,0.0006766080867485202,0.0,0
1671,1.0,0.0006509705480414185,0.0,0
1672,22.0,0.0012149963995978785,672.85,4.018650063337998
1673,1.0,0.0005645831893543729,0.0,0
1674,14.0,0.0012188977641837129,249.921,7.021326268199919
1675,4.0,0.0010511390869915038,3.41061e-13,0
1676,1.0,0.0005177668143240277,0.0,0
1677,3.0,0.00108067799028444,15.5972,0
1678,3.0,0.0006526425614353792,0.0,0
1679,18.0,0.0012712875171938531,642.476,8.033978441152229
1680,6.0,0.0009976346583853157,6.82121e-13,4.000221753255129
1681,3.0,0.0012261431555574687,84.451,0
1682,2.0,0.001134739756688652,9.53288,0
1683,3.0,0.0010778913012945424,34.5459,0
1684,1.0,0.0005656978649503097,0.0,0
1685,54.0,0.0021028355117810316,4096.91,20.15314157871257
1686,1.0,0.0006409384676777652,0.0,0
1687,155.0,0.0023436054405086004,13270.6,42.166254372925245
1688,1.0,0.0007000162742637484,0.0,0
1689,34.0,0.0013966885217394642,2207.81,9.036078808002793
1690,1.0,0.0005684845539403183,0.0,0
1691,8.0,0.0015995594802045154,1095.96,4.003744977286568
1692,141.0,0.003001264042125862,17459.8,36.08932092629581
1693,1.0,0.0005506497444048852,0.0,0
1694,2.0,0.0007061469900414563,0.0,0
1695,1.0,0.0005506497444048852,0.0,0
1696,4.0,0.0011174622849512428,2.27374e-13,0
1697,17.0,0.0011386411212744862,493.729,6.014737427749456
1698,1.0,0.000540060326243208,0.0,0
1699,1.0,0.0006314637251121358,0.0,0
1700,34.0,0.0015193028372952888,4184.93,20.033469946923166
1701,18.0,0.0012428632894968539,1008.53,11.00982496267912
1702,1.0,0.000611956902182742,0.0,0
1703,15.0,0.0010282882372742996,146.532,6.001090792145729
1704,3.0,0.0004386248470107379,0,0
1705,3.0,0.0010461230468097327,1.13687e-13,0
1706,1.0,0.0005723859185261526,0.0,0
1707,1.0,0.0006409384676777652,0.0,0
1708,1.0,0.0006498558724454817,0.0,0
1709,79.0,0.002046544394184946,4525.85,31.031514682375605
1710,2.0,0.0008276466300012331,4.14226,0
1711,32.0,0.0013610189026687092,1951.34,14.005482383949033
1712,54.0,0.0019451089149524758,2847.2,24.009395352402215
1713,1.0,0.0007061469900414563,0.0,0
1714,12.0,0.001104643515597692,108.607,5.000902438960347
1715,9.0,0.0013716083208303864,955.03,7.000598795927996
1716,2.0,0.0004152166594956208,1.13687e-13,0
1717,2.0,1.1146755959368093e-06,0.0,0
1718,1.0,0.0006247756715362929,0.0,0
1719,5.0,0.000996519982789379,9.69707,0
1720,1.0,0.0006403811298797413,0.0,0
1721,7.0,0.0012634847880221844,971.313,5.001078977280209
1722,3.0,0.0008961991791528456,1.13687e-13,0
1723,2.0,0.0006593306150111111,0.0,0
1724,6.0,0.0011592626197997058,85.1514,3.0018633214543287
1725,8.0,0.001110216893577487,427.76,3.0012318465781394
1726,1.0,0.0006281196983242143,0.0,0
1727,1.0,0.0006437251566676627,0.0,0
1728,1.0,0.0006437251566676627,0.0,0
1729,1.0,0.0006342504141020333,0.0,0
1730,39.0,0.0012434206272948778,1624.3,17.07078135061263
1731,1.0,0.0007005736120616612,0.0,0
1732,4.0,0.0010673018831329761,47.148,3.0008473165194207
1733,1.0,0.0006559865882231897,0.0,0
1734,1.0,0.0005617965003644754,0.0,0
1735,2.0,0.0010695312343248498,2.27374e-13,0
1736,1.0,0.0006972295852738508,0.0,0
1737,1.0,0.000653757237031316,0.0,0
1738,5.0,0.0009942906315975053,22.2762,0
1739,1.0,0.0006749360733545595,0.0,0
1740,16.0,0.0011670653489714855,373.651,6.025233960043177
1741,1.0,0.000653757237031316,0.0,0
1742,5.0,0.0009993066717792765,2.84217e-13,0
1743,3.0,0.0008778070318194997,0.0,0
1744,1.0,0.0006810667891323785,0.0,0
1745,5.0,0.0010973981242239361,2.84862,3.019066675757216
1746,1.0,0.0006950002340818662,0.0,0
1747,10.0,0.0011085448801835263,124.075,3.001239547793373
1748,1.0,0.0006766080867485202,0.0,0
1749,1.0,0.000653757237031316,0.0,0
1750,1.0,0.0006437251566676627,0.0,0
1751,1.0,0.000653757237031316,0.0,0
1752,3.0,0.0007479473248900304,91.5176,0
1753,5.0,0.0007735848635971321,455.1,3.0
1754,24.0,0.0016525065710126796,1865.42,15.084098042914098
1755,3.0,0.0010884807194562196,1.0,0
1756,22.0,0.001109659555779463,844.842,11.007048180533321
1757,389.0,0.005852046878796813,68493.6,128.98360313223918
1758,1.0,0.0006793947757384178,0.0,0
1759,1.0,0.0006375944408898437,0.0,0
1760,9.0,0.0009647517283044582,37.2414,7.0001610844687985
1761,1.0,0.0006793947757384178,0.0,0
1762,1.0,0.0006793947757384178,0.0,0
1763,2.0,0.0010427790200218112,0,0
1764,3.0,0.0007011309498596852,295.662,0
1765,4.0,0.0010695312343248498,9.05566,0
1766,1.0,0.0006643466551929933,0.0,0
1767,18.0,0.001559988496547815,2962.75,12.006547736613975
1768,3.0,0.0010450083712136848,38.8511,0
1769,1.0,0.0005333722726674761,0.0,0
1770,10.0,0.0010606138295571332,20.3757,4.008620793952014
1771,4.0,0.0010645151941430786,62.9631,3.0031527928590482
1772,1.0,0.000702245625455622,0.0,0
1773,6.0,0.001050024411395567,119.359,4.000684471858783
1774,7.0,0.0009625223771125846,91.7625,0
1775,1.0,0.0006738213977586227,0.0,0
1776,4.0,0.0009374421762035068,7.86432,3.000107927493177
1777,34.0,0.0012701728415979163,1040.54,11.152300457515837
1778,1.0,0.0006738213977586227,0.0,0
1779,11.0,0.0012144390617998546,571.449,7.014188277683713
1780,3.0,0.0010344189530521186,4.79044,0
1781,1.0,0.0006827388025263392,0.0,0
1782,26.0,0.0013599042270727724,1443.09,11.009390064175971
1783,1.0,0.0007150643948091728,0.0,0
1784,1.0,0.0007000162742637484,0.0,0
1785,24.0,0.0017489260100632675,1956.94,6.001669931043984
1786,1.0,0.0006827388025263392,0.0,0
1787,26.0,0.0009976346583853157,164.621,4.003817982239687
1788,1.0,0.0006788374379403939,0.0,0
1789,1.0,0.0007122777058192753,0.0,0
1790,6.0,0.0009758984842641594,7.55964,0
1791,11.0,0.0011837854829108707,392.611,3.0007983471795767
1792,1.0,0.0007067043278394802,0.0,0
1793,3.0,0.001002093360769174,0,0
1794,1.0,0.0006849681537182128,0.0,0
1795,1.0,0.0006849681537182128,0.0,0
1796,2.0,0.00028647162816208827,0.0,0
1797,8.0,0.0009825865378398912,310.943,5.000291046750701
1798,9.0,0.000828203967799257,44.6589,4.000047191243413
1799,2.0,0.0007334565421425188,0,0
1800,1.0,0.0006849681537182128,0.0,0
1801,1.0,1.1146755959368093e-06,0.0,0
1802,72.0,0.0011024141644057073,2509.64,16.020693114977348
1803,1.0,0.000677722762344457,0.0,0
1804,11.0,0.000839908061556871,1.42109e-14,0
1805,74.0,0.0017071256752146935,8280.67,33.01517936052229
1806,2.0,1.6720133939607251e-06,0.0,0
1807,1.0,0.0006810667891323785,0.0,0
1808,27.0,0.001001536022971261,442.447,13.00083824714825
1809,1.0,0.0006905415316980079,0.0,0
1810,1.0,0.0007005736120616612,0.0,0
1811,6.0,0.0009424582163852779,1.42109e-13,0
1812,26.0,0.000948031594365073,805.499,11.001059795644135
1813,4.0,0.0010946114352340386,823.198,3.0000961081979134
1814,3.0,0.000978685173254057,0,0
1815,1.0,0.000689984193900095,0.0,0
1816,32.0,0.0012818769353555304,1596.06,16.000664816784088
1817,2.0,0.0007691261612132738,5.68434e-14,0
1818,3.0,0.0016123782495580663,1445.0,0
1819,12.0,0.0009212793800620345,332.312,3.078177048846691
1820,24.0,0.0012161110751938153,2709.93,13.006687329217966
1821,2.0,1.6720133939607251e-06,0.0,0
1822,3.0,0.0009497036077590337,3.4564,0
1823,3.0,0.0008081398070719503,0,0
1824,1.0,0.0007005736120616612,0.0,0
1825,1.0,0.0006827388025263392,0.0,0
1826,1.0,0.0007005736120616612,0.0,0
1827,1.0,0.0007061469900414563,0.0,0
1828,1.0,0.0007061469900414563,0.0,0
1829,11.0,0.0009067885973145229,73.9112,3.001548636579038
1830,9.0,0.0010516964247895277,622.126,4.000767188908287
1831,1.0,0.0007005736120616612,0.0,0
1832,1.0,0.0006465118456575603,0.0,0
1833,2.0,1.1146755959368093e-06,0.0,0
1834,7.0,0.0009017725571327517,32.9894,4.001716917125449
1835,1.0,0.0005406176640412319,0.0,0
1836,1.0,0.0006994589364657244,0.0,0
1837,1.0,0.0007028029632536459,0.0,0
1838,11.0,0.0009017725571327517,643.083,7.0032201862907675
1839,1.0,0.0007067043278394802,0.0,0
1840,1.0,0.0007067043278394802,0.0,0
1841,1.0,0.0006977869230717637,0.0,0
1842,1.0,0.0007044749766474956,0.0,0
1843,43.0,0.0018943911753362963,2644.49,17.000659906207662
1844,1.0,0.0007039176388495827,0.0,0
1845,16.0,0.0008376787103648864,797.609,7.0019269568809115
1846,4.0,0.0016123782495580663,1684.48,3.0003031632587853
1847,1.0,0.0007172937460010465,0.0,0
1848,5.0,0.0007825022683648486,10.8474,0
1849,1.0,0.0007072616656375041,0.0,0
1850,1.0,0.000707819003435417,0.0,0
1851,1.0,0.0007050323144455195,0.0,0
1852,4.0,2.2293511918736186e-06,0.0,3.0
1853,1.0,0.0007128350436172992,0.0,0
1854,1.0,0.0007050323144455195,0.0,0
1855,1.0,0.0007050323144455195,0.0,0
1856,1.0,0.0007050323144455195,0.0,0
1857,2.0,0.0007122777058192753,0.0,0
1858,1.0,0.0007067043278394802,0.0,0
1859,13.0,0.0008332200079810281,356.144,6.000656490336252
1860,8.0,0.0007825022683648486,77.2923,3.0005327771537447
1861,2.0,0.0007668968100214002,0.0,0
1862,1.0,0.0007072616656375041,0.0,0
1863,1.0,0.0007044749766474956,0.0,0
1864,1.0,0.0007067043278394802,0.0,0
1865,16.0,0.0014914359473962024,1403.89,8.000713615399146
1866,20.0,0.0008778070318194997,619.225,8.070176285447305
1867,1.0,0.000707819003435417,0.0,0
1868,1.0,0.0007044749766474956,0.0,0
1869,1.0,0.0007072616656375041,0.0,0
1870,1.0,0.000696114909677803,0.0,0
1871,16.0,0.0007875183085466197,105.178,3.009488582757278
1872,5.0,0.001392229819355717,1247.0,3.0
1873,59.0,0.000911804637496294,1407.16,9.033824014077169
1874,5.0,0.0007451606359001328,157.953,3.0000320949651273
1875,2.0,0.0007133923814152121,0.0,0
1876,5.0,0.0007724701880011953,0,0
1877,4.0,0.0007707981746072345,2.84217e-14,0
1878,4.0,0.0007167364082031336,0,0
1879,2.0,0.0007340138799405427,42.0041,0
1880,2.0,1.1146755959368093e-06,0.0,0
1881,1.0,0.0007033603010515588,0.0,0
1882,1.0,0.0007106056924253146,0.0,0
1883,2.0,1.1146755959368093e-06,0.0,0
1884,1.0,0.0007033603010515588,0.0,0
1885,15.0,0.0007891903219405805,251.769,5.029489118562061
1886,19.0,0.0007786009037790143,288.563,9.019672173024258
1887,1.0,0.0007033603010515588,0.0,0
1888,1.0,0.0007033603010515588,0.0,0
1889,3.0,0.0007072616656375041,0.0,0
1890,1.0,0.0006877548427081104,0.0,0
1891,1.0,0.0007161790704051096,0.0,0
1892,1.0,0.0007033603010515588,0.0,0
1893,3.0,0.0007256538129708501,0.0,0
1894,1.0,0.000702245625455622,0.0,0
1895,2.0,1.1146755959368093e-06,0.0,0
1896,2.0,1.6720133939607251e-06,0.0,0
1897,2.0,0.0007161790704051096,0.0,0
1898,27.0,1.5048120545424482e-05,0.0,26.0
