Temp. Reachability,Stat. Reachability,Temp. Betweenness,Temp. Closeness,Degree Centrality,Stat. Degree
0,0.011599879481771658,0.027382924914973406,715.511,63.28155046962529,927.0,62.0
1,0.011072612232600143,0.027382924914973406,583.905,68.04610114519224,1166.0,67.0
2,0.010112232600180793,0.027382924914973406,471.452,70.10162251244134,1363.0,68.0
3,0.010978457366676686,0.027382924914973406,1159.88,75.27218077650089,1643.0,73.0
4,0.009792106056040972,0.027382924914973406,626.356,67.67996436685969,1047.0,67.0
5,0.020262127146730924,0.03087119560477891,1669.26,82.062958992885,1487.0,80.0
6,0.009792106056040972,0.027382924914973406,613.359,70.718250935369,1201.0,69.0
7,0.07099276890629713,0.05877736112322318,6607.8,101.36470542186277,1606.0,100.0
8,0.013049864416993073,0.03087119560477891,488.217,56.941218899527264,942.0,56.0
9,0.020808225369087108,0.03087119560477891,1560.13,73.78027186600102,1267.0,73.0
10,0.022841970473034046,0.03087119560477891,2610.26,81.38259263194607,1419.0,80.0
11,0.021561464296474875,0.03435946629458442,1657.27,73.63176553042308,1257.0,73.0
12,0.02933865622175358,0.03435946629458442,2205.79,71.99648330887014,1368.0,71.0
13,0.06020262127146736,0.06226563181302869,3138.32,66.27066252931237,764.0,66.0
14,0.011694034347695115,0.027382924914973406,699.566,69.69214714503894,1474.0,69.0
15,0.012673244953299134,0.027382924914973406,1906.31,80.85860620027884,1201.0,80.0
16,0.012353118409159425,0.027382924914973406,1369.14,71.86800231508074,1173.0,71.0
17,0.09202696595360049,0.07273044388244532,6878.33,92.48203549384577,1515.0,91.0
18,0.010112232600180793,0.027382924914973406,615.735,73.55229489976668,1695.0,72.0
19,0.018981620970171753,0.03087119560477891,1834.75,72.5418064880741,1557.0,72.0
20,0.010507683037059401,0.027382924914973406,120.405,54.85554477403147,762.0,54.0
21,0.07016420608617058,0.05877736112322318,6073.83,100.64694419277438,1772.0,100.0
22,0.026852967761373914,0.03435946629458442,1608.49,70.82370924185828,1352.0,70.0
23,0.015347243145525713,0.03087119560477891,1158.68,68.89731935647114,1153.0,68.0
24,0.018209551069599317,0.03087119560477891,1488.87,73.05918968971287,2092.0,71.0
25,0.0537247664959325,0.04482427836400105,5231.25,94.80471398364993,1546.0,94.0
26,0.016703073214823783,0.03087119560477891,948.438,73.96305429951953,1301.0,73.0
27,0.01873681831877072,0.03087119560477891,2293.66,73.1184207624251,1553.0,72.0
28,0.030336697800542378,0.037847736984390035,2161.67,76.37064884664832,1646.0,76.0
29,0.013031033443808404,0.027382924914973406,988.805,74.82907786777339,1414.0,74.0
30,0.010300542332027707,0.0036626842242958313,33.8196,44.39323320217391,775.0,0.0
31,0.009848598975595091,0.027382924914973406,343.539,66.2930589258324,926.0,66.0
32,0.010036908707442005,0.0036626842242958313,0.108423,27.117391432721472,89.0,0.0
33,0.03675805965652301,0.04133600767419554,2977.09,85.30197029643001,1024.0,85.0
34,0.009810937029225641,0.027382924914973406,822.796,67.64564426539539,996.0,67.0
35,0.011016119313046135,0.027382924914973406,850.104,67.9920184211757,1243.0,67.0
36,0.011355076830370625,0.027382924914973406,606.231,60.79016760405827,988.0,60.0
37,0.0073064175956613076,0.0036626842242958313,0,11.74353935082752,12.0,0.0
38,0.005479813196745953,0.0036626842242958313,1.42109e-13,2.004054942614105,2.0,0.0
39,0.02890554383850552,0.037847736984390035,1062.92,44.54712719988459,261.0,36.0
40,0.005818770714070554,0.0036626842242958313,0,4.105360861119131,4.0,0.0
41,0.019584212112081945,0.03087119560477891,1236.9,69.49587909995778,1346.0,69.0
42,0.004801898162096974,0.0036626842242958313,3.41061e-13,1.0134376517651378,1.0,0.0
43,0.007344079542030757,0.0036626842242958313,0.116883,3.2108388154735596,11.0,0.0
44,0.03223862609219641,0.04133600767419554,1715.45,63.820556960869304,772.0,63.0
45,0.005743446821331766,0.0036626842242958313,1.03029e-13,1.0276768510507002,9.0,0.0
46,0.0057246158481469855,0.0036626842242958313,0,1.0226833258240657,3.0,0.0
47,0.007570051220247009,0.0036626842242958313,0,2.033747240911696,16.0,0.0
48,0.005611630009038859,0.0036626842242958313,2.94875e-13,2.0052054722541026,2.0,0.0
49,0.025214673094305473,0.037847736984390035,1827.51,73.36723165644713,1130.0,72.0
50,0.004745405242542966,0.0036626842242958313,0.0,1.0032002177374304,1.0,0.0
51,0.008266797228080769,0.0036626842242958313,0,3.047138240111263,11.0,0.0
52,0.013671286532087934,0.027382924914973406,260.894,28.238208822773593,201.0,27.0
53,0.008266797228080769,0.0036626842242958313,1.00394,2.066245778940645,12.0,0.0
54,0.005969418499548018,0.0036626842242958313,10.2991,8.026515889829572,13.0,0.0
55,0.005573968062669521,0.0036626842242958313,2.84217e-13,2.0032905596631694,5.0,0.0
56,0.004745405242542966,0.0036626842242958313,0.0,1.0030581273976353,1.0,0.0
57,0.006025911419102137,0.0036626842242958313,12.9513,5.022171153798925,10.0,0.0
58,0.008455106959927683,0.0036626842242958313,8.52651e-14,5.03954692500322,5.0,0.0
59,0.00853043085266647,0.0036626842242958313,5.52326,7.12635756375963,20.0,0.0
60,0.009641458270563397,0.0036626842242958313,5.5144,42.32028268328206,428.0,0.0
61,0.005555137089484741,0.0036626842242958313,9.09495e-13,2.0063696481044286,2.0,0.0
62,0.005555137089484741,0.0036626842242958313,3.33955e-13,2.003219141388594,6.0,0.0
63,0.005969418499548018,0.0036626842242958313,8.01321,3.036652111040228,3.0,0.0
64,0.00822913528171132,0.0036626842242958313,0.0888378,9.184908968099787,14.0,0.0
65,0.007607713166616459,0.0036626842242958313,0.0,2.0173808821875565,7.0,0.0
66,0.005517475143115402,0.0036626842242958313,0,1.0044447067864832,1.0,0.0
67,0.005743446821331766,0.0036626842242958313,0.0130178,2.013280709953409,2.0,0.0
68,0.0082479662548961,0.0036626842242958313,5.15143e-14,1.0262960376378436,50.0,0.0
69,0.005762277794516435,0.0036626842242958313,4.05009e-13,3.0103993245942204,5.0,0.0
70,0.005573968062669521,0.0036626842242958313,0,2.0033706217458103,2.0,0.0
71,0.005781108767701104,0.0036626842242958313,2.0961e-13,3.017145102527715,9.0,0.0
72,0.005781108767701104,0.0036626842242958313,2.13163e-13,2.0131518141825233,2.0,0.0
73,0.008097318469418524,0.0036626842242958313,2.78273,38.21489360258612,216.0,0.0
74,0.005649291955408309,0.0036626842242958313,6.11067e-13,1.0269650839104663,2.0,0.0
75,0.0071181078638143935,0.0036626842242958313,0,1.008790217440137,10.0,0.0
76,0.00691096715878281,0.0036626842242958313,0.000932937,24.02180219898307,57.0,0.0
77,0.005517475143115402,0.0036626842242958313,7.95808e-13,1.1300528290624026,1.0,0.0
78,0.009641458270563397,0.0036626842242958313,1.6592,38.67883988746173,161.0,0.0
79,0.005555137089484741,0.0036626842242958313,7.81597e-13,1.0076118208169922,3.0,0.0
80,0.007965501657125618,0.0036626842242958313,7.10543e-15,2.0283964294188395,8.0,0.0
81,0.00822913528171132,0.0036626842242958313,50.3985,17.55915794430222,109.0,0.0
82,0.005668122928592978,0.0036626842242958313,8.95284e-13,2.003685837914412,2.0,0.0
83,0.009151852967761331,0.0036626842242958313,0.031817,14.400801525287484,30.0,0.0
84,0.00689213618559803,0.0036626842242958313,2.84217e-13,3.1248446831145924,6.0,0.0
85,0.008605754745405259,0.0036626842242958313,3.97904e-13,3.1074080148315737,13.0,0.0
86,0.008681078638144046,0.0036626842242958313,0,2.0304155619810156,2.0,0.0
87,0.00822913528171132,0.0036626842242958313,5.24025e-13,2.173508678996016,101.0,0.0
88,0.02896203675805964,0.037847736984390035,1917.89,75.73688013472645,1153.0,75.0
89,0.0082479662548961,0.0036626842242958313,3.97904e-13,4.022752791409724,4.0,0.0
90,0.0082479662548961,0.0036626842242958313,7.38964e-13,3.0226781528195135,3.0,0.0
91,0.006402530882796076,0.0036626842242958313,0,8.31418356104842,12.0,0.0
92,0.009453148538716483,0.0036626842242958313,0.112331,38.12078771558476,138.0,0.0
93,0.009415486592347144,0.0036626842242958313,1.75,14.39446668128509,21.0,0.0
94,0.006025911419102137,0.0036626842242958313,0,5.065905464923896,7.0,0.0
95,0.00689213618559803,0.0036626842242958313,0.00150038,28.10789466369795,69.0,0.0
96,0.008021994576679736,0.0036626842242958313,23.1522,41.65532581881442,499.0,0.0
97,0.009622627297378727,0.0036626842242958313,0.0349681,37.79532993506115,162.0,0.0
98,0.009622627297378727,0.0036626842242958313,0.00271668,12.625944822090515,16.0,0.0
99,0.006534347695088871,0.0036626842242958313,2.84217e-13,3.1165541846202953,4.0,0.0
100,0.009603796324194058,0.0036626842242958313,0.164661,28.089269359560806,76.0,0.0
101,0.009622627297378727,0.0036626842242958313,2.07944,40.952075015732625,321.0,0.0
102,0.007852515818017491,0.0036626842242958313,4.54747e-13,13.006374126301141,21.0,0.0
103,0.009622627297378727,0.0036626842242958313,0.813415,27.091762068402748,99.0,0.0
104,0.009340162699608356,0.0036626842242958313,6.82121e-13,4.645033771526344,4.0,0.0
105,0.009377824645977695,0.0036626842242958313,1.9894,33.58083892955014,117.0,0.0
106,0.008191473335341981,0.0036626842242958313,7.10543e-15,8.397532926657785,15.0,0.0
107,0.0082479662548961,0.0036626842242958313,0.0458576,29.217445895095537,85.0,0.0
108,0.008172642362157312,0.0036626842242958313,3.2685e-13,8.184725794736993,8.0,0.0
109,0.009377824645977695,0.0036626842242958313,0,17.32468725209349,40.0,0.0
110,0.008172642362157312,0.0036626842242958313,0.00860832,29.453065447576275,96.0,0.0
111,0.006797981319674573,0.0036626842242958313,0,9.260317607219642,12.0,0.0
112,0.009584965351009389,0.0036626842242958313,0.784682,36.96209121721718,159.0,0.0
113,0.00789017776438683,0.0036626842242958313,1.56319e-13,11.332982598559594,15.0,0.0
114,0.006967460078336818,0.0036626842242958313,0,11.485829787439949,21.0,0.0
115,0.006854474239228692,0.0036626842242958313,0.00623132,13.798851514405822,13.0,0.0
116,0.00790900873757161,0.0036626842242958313,0,14.371433606216332,24.0,0.0
117,0.009396655619162364,0.0036626842242958313,5.40012e-13,13.067236489192902,24.0,0.0
118,0.009509641458270601,0.0036626842242958313,0.00312108,13.547485813412186,21.0,0.0
119,0.006797981319674573,0.0036626842242958313,0.0,2.2215983252385785,2.0,0.0
120,0.010677161795721646,0.0036626842242958313,154.501,11.262753175223807,27.0,0.0
121,0.006797981319674573,0.0036626842242958313,0,8.189925144673222,9.0,0.0
122,0.009095360048207324,0.0036626842242958313,9.9476e-14,3.044477865898759,3.0,0.0
123,0.008021994576679736,0.0036626842242958313,0,2.0409832948084077,4.0,0.0
124,0.008097318469418524,0.0036626842242958313,1.57002,4.062483834151453,8.0,0.0
125,0.00790900873757161,0.0036626842242958313,0,2.1489935453829774,3.0,0.0
126,0.009377824645977695,0.0036626842242958313,42.554,41.72408920814231,460.0,0.0
127,0.007720699005724585,0.0036626842242958313,0,2.318023999334199,2.0,0.0
128,0.007965501657125618,0.0036626842242958313,2.13163e-13,2.02802283484561,27.0,0.0
129,0.006816812292859242,0.0036626842242958313,0,1.0420001359875448,1.0,0.0
130,0.006760319373305235,0.0036626842242958313,1.7053e-13,2.0332275079320046,2.0,0.0
131,0.006327206990057288,0.0036626842242958313,1.42109e-13,1.0086857728880345,1.0,0.0
132,0.006327206990057288,0.0036626842242958313,0,1.004977043330629,1.0,0.0
133,0.006609671587827659,0.0036626842242958313,0,2.0229380024736434,2.0,0.0
134,0.007739529978909365,0.0036626842242958313,21.9217,5.098869596120527,8.0,0.0
135,0.0066473335341969975,0.0036626842242958313,2.84217e-14,1.0348863308724094,2.0,0.0
136,0.00659084061464299,0.0036626842242958313,0.561643,2.032632637490393,2.0,0.0
137,0.006666164507381778,0.0036626842242958313,12.8733,2.034284822360615,3.0,0.0
138,0.006722657426935785,0.0036626842242958313,7.82075,2.0227631695500023,2.0,0.0
139,0.007287586622476638,0.0036626842242958313,0,1.0034121560622844,3.0,0.0
140,0.006609671587827659,0.0036626842242958313,0,1.0160555479069355,2.0,0.0
141,0.00691096715878281,0.0036626842242958313,22.4715,6.056592224738674,10.0,0.0
142,0.007626544139801128,0.0036626842242958313,18.2013,5.076890677009205,13.0,0.0
143,0.006346037963241957,0.0036626842242958313,0,1.015462207656571,2.0,0.0
144,0.006346037963241957,0.0036626842242958313,0,1.0080685372618614,2.0,0.0
145,0.006346037963241957,0.0036626842242958313,0,1.009046613937101,2.0,0.0
146,0.00792783971075628,0.0036626842242958313,59.8303,3.0274971749237416,7.0,0.0
147,0.005988249472732798,0.0036626842242958313,4.26326e-14,1.002601860194434,3.0,0.0
148,0.006477854775534753,0.0036626842242958313,1.13687e-13,2.0111291590469587,2.0,0.0
149,0.006327206990057288,0.0036626842242958313,0,1.0074474971392753,2.0,0.0
150,0.006873305212413361,0.0036626842242958313,0.482327,3.0570584929831157,5.0,0.0
151,0.006609671587827659,0.0036626842242958313,0,2.058319723701785,2.0,0.0
152,0.006327206990057288,0.0036626842242958313,0,1.1283117692980125,2.0,0.0
153,0.008116149442603193,0.0036626842242958313,0,3.0596826255164657,5.0,0.0
154,0.008021994576679736,0.0036626842242958313,0,2.070498273256122,5.0,0.0
155,0.007739529978909365,0.0036626842242958313,6.0,3.034131258069028,3.0,0.0
156,0.006797981319674573,0.0036626842242958313,4.26326e-14,3.037701641545743,3.0,0.0
157,0.008078487496233855,0.0036626842242958313,2.94921,7.093634465687395,13.0,0.0
158,0.006628502561012328,0.0036626842242958313,4.26326e-13,1.0439113701555784,1.0,0.0
159,0.006948629105152149,0.0036626842242958313,18.0055,2.0289928570290945,3.0,0.0
160,0.006496685748719533,0.0036626842242958313,0,1.0053451539049412,2.0,0.0
161,0.006760319373305235,0.0036626842242958313,1.2301,4.131870676375234,5.0,0.0
162,0.0065531786682735405,0.0036626842242958313,0,1.0078303251256484,2.0,0.0
163,0.0068356432660440225,0.0036626842242958313,3.69482e-13,3.0458939721404814,4.0,0.0
164,0.0068356432660440225,0.0036626842242958313,6.11067e-13,1.1776782113647077,2.0,0.0
165,0.007758360952094034,0.0036626842242958313,0.00250103,3.0161632932562896,3.0,0.0
166,0.007287586622476638,0.0036626842242958313,0,2.0280213969762193,2.0,0.0
167,0.006816812292859242,0.0036626842242958313,5.68434e-14,3.073112083125021,5.0,0.0
168,0.006854474239228692,0.0036626842242958313,3.03259,4.084691578858226,8.0,0.0
169,0.007701868032539916,0.0036626842242958313,1.42109e-13,2.00824194362182,2.0,0.0
170,0.006703826453751116,0.0036626842242958313,1.13687e-13,1.0211074641425568,2.0,0.0
171,0.009340162699608356,0.0036626842242958313,64.2826,31.27627637827192,165.0,0.0
172,0.006214221150949051,0.0036626842242958313,0,1.0043341801386365,3.0,0.0
173,0.0082479662548961,0.0036626842242958313,0.0839672,12.381928836609127,20.0,0.0
174,0.006703826453751116,0.0036626842242958313,0,2.026313842177515,2.0,0.0
175,0.007683037059355247,0.0036626842242958313,5.68434e-14,2.1352001599413435,2.0,0.0
176,0.008266797228080769,0.0036626842242958313,2.4869e-13,10.971977437023956,25.0,0.0
177,0.008323290147634776,0.0036626842242958313,0.0136042,18.248116068755774,26.0,0.0
178,0.007475896354323552,0.0036626842242958313,0,1.0146614530844342,4.0,0.0
179,0.008097318469418524,0.0036626842242958313,3.41061e-13,2.213383338169587,2.0,0.0
180,0.006854474239228692,0.0036626842242958313,0,4.145691103398666,4.0,0.0
181,0.006760319373305235,0.0036626842242958313,0,1.0233824334486106,1.0,0.0
182,0.008116149442603193,0.0036626842242958313,0,3.6371872670317575,4.0,0.0
183,0.008153811388972532,0.0036626842242958313,0.0938394,18.48195890330253,35.0,0.0
184,0.0067414884001205655,0.0036626842242958313,0,1.0215960616726854,1.0,0.0
185,0.0067414884001205655,0.0036626842242958313,0,1.146494464098475,1.0,0.0
186,0.0067414884001205655,0.0036626842242958313,0,1.0215392084741322,1.0,0.0
187,0.00691096715878281,0.0036626842242958313,4.9738e-14,3.050805179052797,3.0,0.0
188,0.006440192829165414,0.0036626842242958313,4.26326e-14,1.0186790737807596,2.0,0.0
189,0.006440192829165414,0.0036626842242958313,5.68434e-14,1.0151485645789735,2.0,0.0
190,0.006421361855980745,0.0036626842242958313,5.68434e-14,1.0086005773289355,1.0,0.0
191,0.008323290147634776,0.0036626842242958313,0.0434337,20.41078400760006,46.0,0.0
192,0.005799939740885773,0.0036626842242958313,0,2.003856000337023,4.0,0.0
193,0.00689213618559803,0.0036626842242958313,0.847849,5.35512004999352,23.0,0.0
194,0.006609671587827659,0.0036626842242958313,4.26326e-14,2.0406824477107532,2.0,0.0
195,0.006327206990057288,0.0036626842242958313,1.13687e-13,1.0130005275157836,1.0,0.0
196,0.006967460078336818,0.0036626842242958313,31.5581,3.038514108218725,5.0,0.0
197,0.005969418499548018,0.0036626842242958313,0,1.0065787824542678,1.0,0.0
198,0.008078487496233855,0.0036626842242958313,109.463,3.026619281682239,3.0,0.0
199,0.006327206990057288,0.0036626842242958313,0,1.0176020677202782,1.0,0.0
200,0.006948629105152149,0.0036626842242958313,0,5.085615245842744,5.0,0.0
201,0.006666164507381778,0.0036626842242958313,7.35415,2.035137228894195,3.0,0.0
202,0.006346037963241957,0.0036626842242958313,0,2.0263303944668793,2.0,0.0
203,0.006176559204579712,0.0036626842242958313,6.04058,2.0393219475027524,2.0,0.0
204,0.006157728231395043,0.0036626842242958313,7.10543e-15,2.0127461947079905,2.0,0.0
205,0.005573968062669521,0.0036626842242958313,0.0,1.0095027259372396,1.0,0.0
206,0.006157728231395043,0.0036626842242958313,7.10543e-15,2.0239183115113386,2.0,0.0
207,0.005912925579994011,0.0036626842242958313,1.42109e-14,1.004037033868492,1.0,0.0
208,0.005611630009038859,0.0036626842242958313,9.05942e-14,2.0099303669039896,6.0,0.0
209,0.00623305212413372,0.0036626842242958313,0,1.1628321959783332,2.0,0.0
210,0.006383699909611296,0.0036626842242958313,0,2.039035613275956,2.0,0.0
211,0.007042783971075606,0.0036626842242958313,1.77636e-14,5.030783770420547,5.0,0.0
212,0.0064590238023500834,0.0036626842242958313,12.0,2.0496582365912954,2.0,0.0
213,0.006346037963241957,0.0036626842242958313,12.675,2.0383674596789048,2.0,0.0
214,0.0062518830973185,0.0036626842242958313,13.5016,2.0400699774979194,8.0,0.0
215,0.006195390177764382,0.0036626842242958313,7.10543e-15,2.031543724245839,2.0,0.0
216,0.006195390177764382,0.0036626842242958313,0,2.018935412665562,5.0,0.0
217,0.006138897258210263,0.0036626842242958313,9.9476e-14,1.0079270522170347,2.0,0.0
218,0.006138897258210263,0.0036626842242958313,0,2.0246875789091,8.0,0.0
219,0.005649291955408309,0.0036626842242958313,3.19744e-14,1.0043888681696136,8.0,0.0
220,0.005649291955408309,0.0036626842242958313,0,1.0036670431413206,2.0,0.0
221,0.006157728231395043,0.0036626842242958313,2.84217e-14,2.0101098347057698,2.0,0.0
222,0.006082404338656255,0.0036626842242958313,1.09091,2.024652326682408,2.0,0.0
223,0.0055363061163000715,0.0036626842242958313,1.56319e-13,1.002292784525006,1.0,0.0
224,0.00589409460680923,0.0036626842242958313,0.00269179,2.003802117704591,2.0,0.0
225,0.006025911419102137,0.0036626842242958313,0,2.004463162153034,2.0,0.0
226,0.006082404338656255,0.0036626842242958313,5.32907e-14,1.0372839699526588,6.0,0.0
227,0.005988249472732798,0.0036626842242958313,0,1.080719399129435,1.0,0.0
228,0.005856432660439892,0.0036626842242958313,0,1.13266335494221,1.0,0.0
229,0.005856432660439892,0.0036626842242958313,0,1.0076777087840318,1.0,0.0
230,0.006195390177764382,0.0036626842242958313,25.3363,2.025503615436135,3.0,0.0
231,0.005762277794516435,0.0036626842242958313,0,1.0156053219647116,1.0,0.0
232,0.006007080445917468,0.0036626842242958313,0.0,1.0184663360898845,1.0,0.0
233,0.005988249472732798,0.0036626842242958313,0,1.0365250403448385,4.0,0.0
234,0.006082404338656255,0.0036626842242958313,0,1.0215550708512464,4.0,0.0
235,0.0069297981319674795,0.0036626842242958313,2.11744,4.2008162152467134,63.0,0.0
236,0.005668122928592978,0.0036626842242958313,0.00374532,3.0102899987803022,9.0,0.0
237,0.006025911419102137,0.0036626842242958313,0,1.025285160363314,2.0,0.0
238,0.006007080445917468,0.0036626842242958313,0,1.0144304411321832,2.0,0.0
239,0.006496685748719533,0.0036626842242958313,0,2.0288611905142044,28.0,0.0
240,0.005969418499548018,0.0036626842242958313,0,1.0040040821455656,1.0,0.0
241,0.005366827357637827,0.0036626842242958313,0.0,1.002748743205788,1.0,0.0
242,0.005366827357637827,0.0036626842242958313,0,1.0027693314975734,3.0,0.0
243,0.006628502561012328,0.0036626842242958313,0,2.1462017633945614,29.0,0.0
244,0.006007080445917468,0.0036626842242958313,2.84217e-14,1.0344554914321038,2.0,0.0
245,0.006515516721904202,0.0036626842242958313,0,2.1715752270486806,2.0,0.0
246,0.006477854775534753,0.0036626842242958313,0,7.22450194473451,6.0,0.0
247,0.0064590238023500834,0.0036626842242958313,0.446621,17.65045216233241,27.0,0.0
248,0.006402530882796076,0.0036626842242958313,0,2.3533244884283016,2.0,0.0
249,0.006120066285025594,0.0036626842242958313,0.0,4.1842654511886,5.0,0.0
250,0.006082404338656255,0.0036626842242958313,2.13163e-14,2.076223826458762,2.0,0.0
251,0.0057246158481469855,0.0036626842242958313,7.10543e-15,1.0258636521975226,3.0,0.0
252,0.005611630009038859,0.0036626842242958313,0,1.0285469386354114,1.0,0.0
253,0.005686953901777647,0.0036626842242958313,1.06581e-14,1.0369841571211453,3.0,0.0
254,0.005649291955408309,0.0036626842242958313,0,1.1512829053213867,2.0,0.0
255,0.005912925579994011,0.0036626842242958313,0,1.0141623311584527,1.0,0.0
256,0.005686953901777647,0.0036626842242958313,0,1.0324381698878056,2.0,0.0
257,0.005649291955408309,0.0036626842242958313,0,1.0230138713277876,1.0,0.0
258,0.005649291955408309,0.0036626842242958313,0,1.019399855289779,1.0,0.0
259,0.005611630009038859,0.0036626842242958313,0,1.0078263665985203,1.0,0.0
260,0.005291503464899039,0.0036626842242958313,0,1.0045464318286488,3.0,0.0
261,0.005837601687255223,0.0036626842242958313,0.0,2.0841953268634748,3.0,0.0
262,0.00559279903585419,0.0036626842242958313,0,1.0101290231562552,1.0,0.0
263,0.005837601687255223,0.0036626842242958313,0.0,2.106069921362576,2.0,0.0
264,0.004990207893943999,0.0036626842242958313,0.0,1.045621574941163,1.0,0.0
265,0.00493371497438988,0.0036626842242958313,0.0,1.1266540377884247,1.0,0.0
266,0.00493371497438988,0.0036626842242958313,0.0,1.1266540377884247,1.0,0.0
267,0.00493371497438988,0.0036626842242958313,0.0,1.1266540377884247,1.0,0.0
268,0.00493371497438988,0.0036626842242958313,0.0,1.1266540377884247,1.0,0.0
269,0.004990207893943999,0.0036626842242958313,0.0,1.0016647646276822,1.0,0.0
270,0.004990207893943999,0.0036626842242958313,0.0,1.00228078418228,2.0,0.0
271,0.005009038867128668,0.0036626842242958313,0.0,1.0090253046776203,5.0,0.0
272,0.005009038867128668,0.0036626842242958313,0.0,1.0008630649822396,4.0,0.0
273,0.004990207893943999,0.0036626842242958313,2.498e-16,1.0,11.0,0.0
