Temp. Reachability,Stat. Reachability,Temp. Betweenness,Temp. Closeness,Degree Centrality,Stat. Degree
0,0.02843511450381675,0.03256621797655235,59.1188,53.31312244407222,2849.0,53.0
1,0.02843511450381675,0.024316109422492405,278.161,28.296978625207945,163.0,28.0
2,0.025000000000000022,0.03169778549717761,2.40182,40.22641730157956,1798.0,40.0
3,0.02786259541984737,0.03256621797655235,77.5556,43.42670149703923,1582.0,43.0
4,0.02843511450381675,0.0338688666956144,53.6804,50.43141882801927,2045.0,50.0
5,0.02843511450381675,0.03256621797655235,100.393,14.316878295942857,236.0,14.0
6,0.025000000000000022,0.03169778549717761,2.49896,27.232137698367794,373.0,27.0
7,0.030916030534351102,0.03907946157186282,5.63331,56.35045009486959,3695.0,56.0
8,0.02900763358778624,0.03256621797655235,191.016,55.482081433919014,1711.0,55.0
9,0.02919847328244274,0.0338688666956144,89.2451,45.444048967582404,1335.0,45.0
10,0.02843511450381675,0.032132001736864924,50.6546,57.50561053053543,4286.0,57.0
11,0.02843511450381675,0.03256621797655235,244.843,61.2546891234727,1480.0,61.0
12,0.02843511450381675,0.046895353886235336,118.29,43.66176623227406,1279.0,43.0
13,0.02786259541984737,0.03256621797655235,72.1261,57.193924229295774,2109.0,57.0
14,0.02175572519083968,0.03169778549717761,140.451,19.202996872034856,93.0,19.0
15,0.028244274809160252,0.03169778549717761,2.20541,58.26331917895267,2236.0,58.0
16,0.02843511450381675,0.034737299174989134,288.248,41.22686603876558,249.0,41.0
17,0.02843511450381675,0.03300043421623966,8.28357,48.19561648469644,1934.0,48.0
18,0.02652671755725189,0.032132001736864924,60.3737,45.26038026494994,689.0,45.0
19,0.02843511450381675,0.032132001736864924,11.3107,25.442631230921176,444.0,25.0
20,0.02843511450381675,0.03169778549717761,11.1267,45.6002447450157,1501.0,45.0
21,0.02843511450381675,0.024750325662179717,52.3481,41.75488303009748,1113.0,41.0
22,0.02652671755725189,0.021710811984368195,79.8052,19.457616031368367,149.0,19.0
23,0.027290076335877878,0.020842379504993458,0.23244,20.685330330329936,244.0,20.0
24,0.025954198473282397,0.016500217108119886,5.79306,23.48266896556076,367.0,23.0
25,0.0257633587786259,0.0169344333478072,12.183,23.50658503635873,389.0,23.0
26,0.02843511450381675,0.03169778549717761,5.63734,48.70001382079078,1227.0,48.0
27,0.028053435114503866,0.02257924446374293,45.109,27.201164460862085,202.0,27.0
28,0.02843511450381675,0.021710811984368195,8.14343,37.49801969209187,802.0,37.0
29,0.02385496183206104,0.021710811984368195,31.4836,13.349794060699097,63.0,13.0
30,0.02843511450381675,0.020408163265306145,0.701165,26.693639646730922,849.0,26.0
31,0.024236641221374033,0.016500217108119886,37.2058,13.43588905042078,90.0,13.0
32,0.02843511450381675,0.03169778549717761,0.0941877,32.64579555273208,957.0,32.0
33,0.02843511450381675,0.03256621797655235,31.847,33.64884574206433,1296.0,33.0
34,0.02843511450381675,0.026921406860616615,17.5627,34.54768616519645,624.0,34.0
35,0.025954198473282397,0.019105514546243985,31.9547,22.421333078089443,155.0,22.0
36,0.024618320610687028,0.016066000868432462,1.17662,9.308697208401599,67.0,9.0
37,0.02843511450381675,0.021710811984368195,0.446774,33.725001289365686,603.0,33.0
38,0.02385496183206104,0.016066000868432462,32.4953,10.340612135504921,84.0,10.0
39,0.025954198473282397,0.021710811984368195,0.868022,28.378158889638826,322.0,28.0
40,0.022137404580152675,0.028224055579678664,10.6755,14.115658477812255,133.0,14.0
41,0.022328244274809173,0.02257924446374293,0.582716,16.00872418859362,228.0,16.0
42,0.023664122137404542,0.013894919669995676,15.8548,7.400892451148372,21.0,7.0
43,0.025381679389313017,0.032132001736864924,0.0292075,49.16979435869938,3130.0,49.0
44,0.02786259541984737,0.014763352149370412,181.279,9.684335672479254,46.0,9.0
45,0.028244274809160252,0.03169778549717761,0.03665,56.39275565260992,4077.0,56.0
46,0.028244274809160252,0.029960920538428137,128.151,40.325436980802095,848.0,40.0
47,0.026908396946564883,0.032132001736864924,14.6967,28.40222254397483,288.0,28.0
48,0.02786259541984737,0.032132001736864924,2.30309,34.42856735284314,430.0,34.0
49,0.02786259541984737,0.03039513677811545,10.2045,38.60620019518248,1333.0,38.0
50,0.02786259541984737,0.03126356925749019,27.3307,24.450343680261742,161.0,24.0
51,0.027290076335877878,0.020842379504993458,0.493769,22.508846257962933,367.0,22.0
52,0.026717557251908386,0.03864524533217539,8.58093,41.39326591876212,2075.0,41.0
53,0.02709923664122138,0.03126356925749019,79.2645,49.569838453219695,1105.0,49.0
54,0.026908396946564883,0.032132001736864924,87.9467,43.314652011543934,763.0,43.0
55,0.026717557251908386,0.020408163265306145,19.8438,23.49501326969334,445.0,23.0
56,0.0257633587786259,0.01953973078593141,8.8695,21.436938940861506,153.0,21.0
57,0.02709923664122138,0.03821102909248808,4.38295,51.32681372422818,1242.0,51.0
58,0.02652671755725189,0.028224055579678664,67.3032,27.615933297474495,460.0,27.0
59,0.02652671755725189,0.027355623100303927,6.05157,22.568802350168887,404.0,22.0
60,0.02652671755725189,0.028658271819366088,7.71797,21.578433480673144,174.0,21.0
61,0.02633587786259539,0.02778983933999135,2.34274,18.548663601095402,306.0,18.0
62,0.025572519083969514,0.02214502822405562,2.24603,23.465510845185847,488.0,23.0
63,0.024809160305343525,0.02648719062092919,9.98799,32.333737297280116,1366.0,32.0
64,0.025572519083969514,0.020842379504993458,23.5585,16.55403801523907,116.0,16.0
65,0.023664122137404542,0.03039513677811545,1.37634,16.188184765290725,446.0,16.0
66,0.024809160305343525,0.04776378636561007,10.2217,22.12693292612039,481.0,22.0
67,0.025000000000000022,0.020842379504993458,21.6174,21.256067598712175,172.0,21.0
68,0.025381679389313017,0.018671298306556672,3.00791,8.168931945238612,18.0,8.0
69,0.02442748091603053,0.019105514546243985,2.56059,6.161300761847647,12.0,6.0
70,0.02442748091603053,0.019105514546243985,0.841374,15.330254060544556,164.0,15.0
71,0.024045801526717536,0.04168475900998703,2.09835,14.460983373136184,281.0,14.0
72,0.023473282442748045,0.028224055579678664,1.63641,11.25712575705206,61.0,11.0
73,0.02309160305343516,0.04342162396873639,0.322589,30.25105386302082,1075.0,30.0
74,0.02251908396946567,0.026052974381241878,16.9914,10.46895457514287,289.0,10.0
