Temp. Reachability,Stat. Reachability,Temp. Betweenness,Temp. Closeness,Degree Centrality,Stat. Degree
0,0.021520803443328518,0.021620982986767512,20.5274,10.245186336034491,328.0,10.0
1,0.021640363462458123,0.021620982986767512,7.57951,5.0050624252982425,21.0,5.0
2,0.022357723577235755,0.021620982986767512,176.554,25.04791779494136,299.0,25.0
3,0.021162123385939702,0.021620982986767512,0.37048,4.018120540104103,5.0,4.0
4,0.02199904351984694,0.021620982986767512,27.656,16.146034487648745,75.0,16.0
5,0.022357723577235755,0.021620982986767512,209.379,26.277510389729873,207.0,26.0
6,0.022955523672883782,0.021620982986767512,131.384,21.208981919213908,173.0,21.0
7,0.021879483500717334,0.021620982986767512,338.131,22.169167236002256,446.0,22.0
8,0.021879483500717334,0.021620982986767512,55.8467,17.380270216990493,98.0,17.0
9,0.02247728359636536,0.021620982986767512,56.8697,15.146617883414468,70.0,15.0
10,0.022118603538976545,0.021620982986767512,64.7799,17.306749250988684,177.0,17.0
11,0.02175992348158773,0.021620982986767512,49.2659,15.109639960771446,86.0,15.0
12,0.021879483500717334,0.021620982986767512,55.0896,15.167424596043618,187.0,15.0
13,0.021879483500717334,0.021620982986767512,236.781,25.25581292544788,230.0,25.0
14,0.02199904351984694,0.021620982986767512,98.4697,16.154747618109134,414.0,16.0
15,0.02223816355810615,0.021620982986767512,188.786,31.19422138305335,146.0,31.0
16,0.02247728359636536,0.021620982986767512,271.907,26.172195338139982,659.0,26.0
17,0.021281683405069307,0.021620982986767512,7.18296,9.042973896339568,74.0,9.0
18,0.021879483500717334,0.021620982986767512,8.29632,9.38303709651959,37.0,9.0
19,0.022835963653754177,0.021620982986767512,615.565,38.21689387109893,628.0,38.0
20,0.02199904351984694,0.021620982986767512,266.677,32.07790204218157,496.0,32.0
21,0.021042563366810096,0.021620982986767512,20.1837,15.078899481562107,87.0,15.0
22,0.021879483500717334,0.021620982986767512,115.991,18.017149276411065,994.0,18.0
23,0.02199904351984694,0.021620982986767512,62.0841,12.03414263916077,103.0,12.0
24,0.021879483500717334,0.021620982986767512,12.2393,13.227174447718973,287.0,13.0
25,0.021879483500717334,0.021620982986767512,31.3554,13.237965669521794,422.0,13.0
26,0.021879483500717334,0.021620982986767512,46.7149,11.139977366304658,208.0,11.0
27,0.02271640363462457,0.021620982986767512,143.787,22.101753162863826,419.0,22.0
28,0.022118603538976545,0.021620982986767512,34.3239,15.072641198633853,155.0,15.0
29,0.02199904351984694,0.021620982986767512,75.4875,17.112385220310067,123.0,17.0
30,0.02199904351984694,0.021620982986767512,151.065,19.10532192805359,372.0,19.0
31,0.022118603538976545,0.021620982986767512,93.5465,18.0349008656683,1091.0,18.0
32,0.021879483500717334,0.021620982986767512,13.1667,11.120009343672171,289.0,11.0
33,0.021879483500717334,0.021620982986767512,1.45498,7.062329278592722,173.0,7.0
34,0.022118603538976545,0.021620982986767512,177.453,21.219095147275805,186.0,21.0
35,0.02223816355810615,0.021620982986767512,186.703,21.34877351169486,390.0,21.0
36,0.021879483500717334,0.021620982986767512,4.16453,7.036382146669976,105.0,7.0
37,0.026661884265901437,0.021620982986767512,95.3374,11.077224565562497,33.0,11.0
38,0.021879483500717334,0.021620982986767512,71.8583,21.246160200424608,241.0,21.0
39,0.021879483500717334,0.021620982986767512,48.3649,19.15726765030736,90.0,19.0
40,0.02223816355810615,0.021620982986767512,168.747,25.354128495062614,294.0,25.0
41,0.021879483500717334,0.021620982986767512,149.541,21.169858230432826,323.0,21.0
42,0.021879483500717334,0.021620982986767512,42.3521,15.144966509938335,86.0,15.0
43,0.022357723577235755,0.021620982986767512,128.535,24.13398638062222,137.0,24.0
44,0.021879483500717334,0.021620982986767512,213.674,28.173179541351878,312.0,28.0
45,0.021281683405069307,0.021620982986767512,78.586,19.382001166804308,93.0,19.0
46,0.02223816355810615,0.021620982986767512,52.52,15.036815968049641,124.0,15.0
47,0.021879483500717334,0.021620982986767512,44.6429,18.042912809064568,119.0,18.0
48,0.021879483500717334,0.021620982986767512,377.355,28.13540824686849,736.0,28.0
49,0.021640363462458123,0.021620982986767512,41.4625,15.179511498023764,96.0,15.0
50,0.021640363462458123,0.021620982986767512,25.5312,17.097377009967026,95.0,17.0
51,0.021879483500717334,0.021620982986767512,52.2997,10.106593020146667,220.0,10.0
52,0.021879483500717334,0.021620982986767512,57.169,15.10517005752288,253.0,15.0
53,0.02175992348158773,0.021620982986767512,10.4356,6.011474634240045,50.0,6.0
54,0.021879483500717334,0.021620982986767512,188.584,21.07813467530934,160.0,21.0
55,0.021879483500717334,0.021620982986767512,55.8382,17.07212411502718,185.0,17.0
56,0.02175992348158773,0.021620982986767512,16.301,9.069910265806026,233.0,9.0
57,0.021879483500717334,0.021620982986767512,49.1947,13.23610928876587,96.0,13.0
58,0.022357723577235755,0.021620982986767512,65.7329,18.150377171854043,64.0,18.0
59,0.021879483500717334,0.021620982986767512,23.0171,16.2478825848388,104.0,16.0
60,0.017694882831181258,0.021620982986767512,12.896,8.252483913158436,79.0,8.0
61,0.021879483500717334,0.021620982986767512,86.0716,19.278619372210745,143.0,19.0
62,0.021879483500717334,0.021620982986767512,253.088,30.37319321085979,216.0,30.0
63,0.02199904351984694,0.021620982986767512,41.6103,15.191334978149225,82.0,15.0
64,0.021042563366810096,0.021620982986767512,5.3424,6.013894884027876,16.0,6.0
65,0.022955523672883782,0.021620982986767512,987.48,44.126388140807066,427.0,44.0
66,0.021879483500717334,0.021620982986767512,9.07425,6.371113898216913,112.0,6.0
67,0.02199904351984694,0.021620982986767512,184.36,26.14682194430503,236.0,26.0
68,0.021879483500717334,0.021620982986767512,130.227,21.242843949431283,403.0,21.0
69,0.021640363462458123,0.021620982986767512,0.856897,11.038227439461387,75.0,11.0
70,0.02175992348158773,0.021620982986767512,53.7831,15.143314100223435,269.0,15.0
71,0.021162123385939702,0.021620982986767512,0.272561,7.061679078204987,51.0,7.0
72,0.021640363462458123,0.021620982986767512,51.3278,16.10327597111974,358.0,16.0
73,0.02175992348158773,0.021620982986767512,14.6136,10.062441072569634,25.0,10.0
74,0.019249163079866127,0.021620982986767512,0.786156,4.00914147566031,8.0,4.0
75,0.02175992348158773,0.021620982986767512,16.2158,12.060087212422792,48.0,12.0
76,0.021520803443328518,0.021620982986767512,118.667,17.168916259735667,131.0,17.0
77,0.021520803443328518,0.021620982986767512,75.1342,18.12754510086324,101.0,18.0
78,0.02175992348158773,0.021620982986767512,62.2384,17.248221124485774,404.0,17.0
79,0.02223816355810615,0.021620982986767512,266.899,25.177485190850742,314.0,25.0
80,0.021640363462458123,0.021620982986767512,9.53694,8.23033201945821,54.0,8.0
81,0.02175992348158773,0.021620982986767512,25.3163,15.033028857968969,285.0,15.0
82,0.021640363462458123,0.021620982986767512,97.7474,26.292841633148328,171.0,26.0
83,0.021640363462458123,0.021620982986767512,23.2764,12.101229306544518,268.0,12.0
84,0.021520803443328518,0.021620982986767512,35.251,13.11000396960482,373.0,13.0
85,0.021162123385939702,0.021620982986767512,26.9648,15.10800752540796,63.0,15.0
86,0.021520803443328518,0.021620982986767512,67.5567,14.122641647394465,181.0,14.0
87,0.021162123385939702,0.021620982986767512,131.254,20.25763325964197,122.0,20.0
88,0.02092300334768049,0.021620982986767512,6.00677,7.086079224012766,36.0,7.0
89,0.02092300334768049,0.021620982986767512,1.36472,4.008133745302543,17.0,4.0
90,0.02092300334768049,0.021620982986767512,27.2815,10.115962139587923,171.0,10.0
91,0.019607843137254943,0.021620982986767512,2.60033,4.080905015186059,11.0,4.0
