Temp. Reachability,Stat. Reachability,Temp. Betweenness,Temp. Closeness,Degree Centrality
0,0.01990049751243783,0.011940191473340689,1294.03,129.00136901959465,2086.0
1,0.013835583984837752,0.011940191473340689,268.953,65.36588042160528,1110.0
2,0.01430940535418146,0.011940191473340689,747.693,66.26591394959087,4607.0
3,0.013930348258706426,0.011940191473340689,232.144,32.92577171920906,1723.0
4,0.013788201847903303,0.011940191473340689,71.1269,21.09384753289996,773.0
5,0.013788201847903303,0.011940191473340689,106.56,55.32318057627591,705.0
6,0.013788201847903303,0.011940191473340689,92.3264,62.52652995790128,553.0
7,0.013788201847903303,0.011940191473340689,62.3541,61.41199384373988,915.0
8,0.013788201847903303,0.011940191473340689,154.726,25.10722238865011,1077.0
9,0.013788201847903303,0.011940191473340689,41.1314,23.572813239318123,282.0
10,0.013788201847903303,0.011940191473340689,2.3098,61.35787332437721,289.0
11,0.013788201847903303,0.011940191473340689,16.6835,56.23481185548567,572.0
12,0.013788201847903303,0.011940191473340689,220.982,63.426813943858164,3305.0
13,0.026770907367922314,0.011940191473340689,511.795,50.89568727270357,2128.0
14,0.019805733238569045,0.023772813654128866,516.294,73.20707293995419,1997.0
15,0.013788201847903303,0.011940191473340689,0.5562,43.426237499777955,164.0
16,0.013788201847903303,0.011940191473340689,18.7142,51.90259080603524,901.0
17,0.020421701018715988,0.023772813654128866,952.866,79.14548576070673,1077.0
18,0.013788201847903303,0.011940191473340689,34.0076,37.21042284313315,350.0
19,0.013788201847903303,0.011940191473340689,87.737,49.017376441568295,545.0
20,0.013788201847903303,0.011940191473340689,115.585,41.82503368540643,613.0
21,0.013788201847903303,0.011940191473340689,45.932,43.14788691094988,248.0
22,0.019805733238569045,0.023772813654128866,289.65,67.16590511438285,372.0
23,0.013788201847903303,0.011940191473340689,73.4676,40.59341092803528,494.0
24,0.013788201847903303,0.011940191473340689,11.4833,31.093502589992948,238.0
25,0.01990049751243783,0.023772813654128866,218.057,45.180302878096114,694.0
26,0.013788201847903303,0.011940191473340689,242.712,65.5346417101591,1044.0
27,0.013740819710968966,0.011940191473340689,1.84975,15.035754876614615,82.0
28,0.013788201847903303,0.011940191473340689,353.565,65.12995718720936,766.0
29,0.013740819710968966,0.011940191473340689,33.5078,48.097545727464826,366.0
30,0.013835583984837752,0.011940191473340689,47.1073,48.27296866870985,313.0
31,0.013788201847903303,0.011940191473340689,114.893,46.634354277524636,854.0
32,0.013788201847903303,0.011940191473340689,136.791,59.47662696276798,636.0
33,0.013788201847903303,0.011940191473340689,3.46293,28.09438856290395,124.0
34,0.013788201847903303,0.011940191473340689,162.678,128.0010478473989,647.0
35,0.02013740819710974,0.023772813654128866,144.304,19.0646039491071,124.0
36,0.013788201847903303,0.011940191473340689,351.994,136.0006994074826,355.0
37,0.02184316512674722,0.023772813654128866,1088.91,137.00444444444443,1143.0
38,0.013835583984837752,0.011940191473340689,91.4683,45.365042113151915,418.0
39,0.013788201847903303,0.011940191473340689,193.524,20.130918031999357,866.0
40,0.013788201847903303,0.011940191473340689,0.86755,44.09287746866834,121.0
41,0.013788201847903303,0.011940191473340689,255.807,81.27614855351568,1006.0
42,0.013835583984837752,0.011940191473340689,86.9584,46.175114929004145,595.0
43,0.013788201847903303,0.011940191473340689,121.48,60.33274148694415,502.0
44,0.013788201847903303,0.011940191473340689,908.266,136.0042580931433,709.0
45,0.013835583984837752,0.011940191473340689,170.467,82.0472150768992,178.0
46,0.0195214404169628,0.023772813654128866,638.565,128.00133203044382,1062.0
47,0.013788201847903303,0.011940191473340689,51.9658,50.13385892180093,751.0
48,0.013788201847903303,0.011940191473340689,1.39329,29.08854929726063,140.0
49,0.013788201847903303,0.011940191473340689,944.153,53.53554313583999,2140.0
50,0.013788201847903303,0.011940191473340689,40.4857,26.223898800650606,283.0
51,0.013835583984837752,0.011940191473340689,12.5361,25.277460114588504,361.0
52,0.01990049751243783,0.023772813654128866,213.353,80.12460799808039,1210.0
53,0.014214641080312673,0.011940191473340689,235.95,44.69132581423669,1186.0
54,0.013788201847903303,0.011940191473340689,0.25898,23.39390177345059,116.0
55,0.013788201847903303,0.011940191473340689,204.316,67.25437567224687,1105.0
56,0.020232172470978416,0.023772813654128866,337.991,49.39028638756744,491.0
57,0.013788201847903303,0.011940191473340689,119.323,46.235697824985586,670.0
58,0.026960435915659775,0.03546201011151351,388.231,55.54328581553472,2884.0
59,0.013788201847903303,0.011940191473340689,2.24065,25.069806580376046,75.0
60,0.013788201847903303,0.011940191473340689,3.13441,24.052086641049563,404.0
61,0.013788201847903303,0.011940191473340689,14.8772,37.089307803273954,168.0
62,0.013788201847903303,0.011940191473340689,114.04,48.07474469621621,386.0
63,0.019805733238569045,0.023772813654128866,142.823,31.049516729614417,225.0
64,0.013882966121772089,0.011940191473340689,74.7825,46.71651013530564,815.0
65,0.013788201847903303,0.011940191473340689,89.9049,51.506018425944355,1188.0
66,0.013788201847903303,0.011940191473340689,40.326,47.45065870177534,1003.0
67,0.03340440653873489,0.04722291943059986,479.416,63.71293375072219,1627.0
68,0.013788201847903303,0.011940191473340689,129.696,67.57690361368476,1410.0
69,0.014214641080312673,0.011940191473340689,172.649,59.181387527220906,948.0
70,0.013788201847903303,0.011940191473340689,34.4374,51.203081295168424,1070.0
71,0.013740819710968966,0.011940191473340689,76.1053,43.17025686744628,634.0
72,0.013788201847903303,0.011940191473340689,44.8729,38.08296325949464,366.0
73,0.013835583984837752,0.011940191473340689,41.9881,42.170623173802824,630.0
74,0.013788201847903303,0.011940191473340689,24.3808,43.21456677295016,868.0
75,0.013788201847903303,0.011940191473340689,65.4631,47.53572396786096,1857.0
76,0.013788201847903303,0.011940191473340689,12.938,44.07729086603886,724.0
77,0.013740819710968966,0.011940191473340689,0.00151906,7.015937462978026,7.0
78,0.013788201847903303,0.011940191473340689,9.58856,32.06247681111731,245.0
79,0.02639185027244728,0.03553372297321522,348.906,52.2407853060237,570.0
80,0.019758351101634708,0.011940191473340689,152.392,41.46171473604751,331.0
81,0.013788201847903303,0.011940191473340689,34.8296,37.130172568431014,289.0
82,0.013788201847903303,0.011940191473340689,132.289,53.08292031944581,557.0
83,0.026344468135512944,0.03553372297321522,491.14,62.1764106137675,1781.0
84,0.013788201847903303,0.011940191473340689,14.6528,40.09810585994897,556.0
85,0.02037431888178154,0.023772813654128866,405.715,66.93511757129174,2314.0
86,0.013788201847903303,0.011940191473340689,3.16688,35.3219578260786,94.0
87,0.013788201847903303,0.011940191473340689,119.801,34.10366810044874,1122.0
88,0.013788201847903303,0.011940191473340689,15.1759,68.06922318585792,198.0
89,0.013788201847903303,0.011940191473340689,83.4474,44.03808638448594,560.0
90,0.013740819710968966,0.011940191473340689,0.21173,16.007505301473024,33.0
91,0.012935323383084563,0.011940191473340689,15.65,8.278865875428556,252.0
92,0.013788201847903303,0.011940191473340689,59.4795,47.690929457657425,361.0
93,0.013788201847903303,0.011940191473340689,346.545,70.45367012021882,2182.0
94,0.013788201847903303,0.011940191473340689,79.7041,43.33632897484762,640.0
95,0.013788201847903303,0.011940191473340689,16.8535,19.088672034402045,919.0
96,0.019426676143094013,0.023772813654128866,138.0,1.005172374276913,6.0
97,0.013788201847903303,0.011940191473340689,46.4145,45.079201580819344,287.0
98,0.013788201847903303,0.011940191473340689,0.806895,17.051753507620212,83.0
99,0.013788201847903303,0.011940191473340689,1.34581,35.172248925554484,68.0
100,0.013788201847903303,0.011940191473340689,56.8033,0.0,328.0
101,0.0072494669509595155,0.011940191473340689,0.0,36.442176258523226,0.0
102,0.013788201847903303,0.011940191473340689,18.4017,19.370515366255056,226.0
103,0.0203269367448472,0.023772813654128866,197.496,48.22258367821324,285.0
104,0.013740819710968966,0.011940191473340689,6.54145,24.053245209277925,156.0
105,0.013882966121772089,0.011940191473340689,36.8196,27.08358566793854,245.0
106,0.013788201847903303,0.011940191473340689,0.764583,19.00202433467751,92.0
107,0.013788201847903303,0.011940191473340689,4.61186,15.03613727408925,84.0
108,0.013740819710968966,0.011940191473340689,1.29748,22.030377824980434,83.0
109,0.013740819710968966,0.011940191473340689,0.291942,19.02441888357906,39.0
110,0.013077469793887686,0.011940191473340689,0.266727,11.031268726492277,42.0
111,0.013788201847903303,0.011940191473340689,44.187,60.1386809460861,259.0
112,0.013788201847903303,0.011940191473340689,58.9859,128.00062587744256,203.0
113,0.006443970623075113,0.011940191473340689,0.0,0.0,0.0
114,0.01430940535418146,0.011940191473340689,185.195,103.0128839771706,411.0
115,0.006728263444681359,0.011940191473340689,0.0,0.0,0.0
116,0.013788201847903303,0.011940191473340689,38.1553,37.103034434271734,275.0
117,0.013740819710968966,0.011940191473340689,0.00405018,12.026809195909728,22.0
118,0.013788201847903303,0.011940191473340689,0.0926098,6.0890833580252375,45.0
119,0.013788201847903303,0.011940191473340689,0.000769823,12.015944830315238,31.0
120,0.013788201847903303,0.011940191473340689,1.96432,17.052482954345184,160.0
121,0.020279554607912864,0.023772813654128866,138.032,10.012508518485177,15.0
122,0.013788201847903303,0.011940191473340689,1.24769,21.063798493010967,127.0
123,0.013788201847903303,0.011940191473340689,0.434269,0.0,77.0
124,0.0072494669509595155,0.011940191473340689,0.0,0.0,0.0
125,0.006728263444681359,0.011940191473340689,0.0,0.0,0.0
126,0.006396588486140775,0.011940191473340689,0.0,0.0,0.0
127,0.013409144752428381,0.011940191473340689,0.0276521,0.0,24.0
128,0.013361762615493933,0.011940191473340689,7.10543e-15,0.0,56.0
129,0.007296849087893853,0.011940191473340689,0.0,1.0449051513500616,0.0
130,0.006443970623075113,0.011940191473340689,0.0,20.027555968741147,0.0
131,0.006443970623075113,0.011940191473340689,0.0,5.005296015209733,0.0
132,0.007296849087893853,0.011940191473340689,0.0,11.025205170193123,0.0
133,0.012508884150675192,0.011940191473340689,2.59348e-13,0.0,37.0
134,0.006349206349206327,0.011940191473340689,0.0,0.0,0.0
135,0.007296849087893853,0.023772813654128866,0.0,0.0,0.0
136,0.0066334991708125735,0.011940191473340689,0,1.000342753520209,4.0
137,0.0066334991708125735,0.011940191473340689,0,4.05048302047865,66.0
138,0.0066334991708125735,0.011940191473340689,0,2.0170901101527106,60.0
139,0.0066334991708125735,0.011940191473340689,1.91847e-13,1.0006762844052455,58.0
140,0.0066334991708125735,0.011940191473340689,1.91847e-13,1.002215741103655,47.0
141,0.0066334991708125735,0.011940191473340689,0,1.0156199254425435,22.0
142,0.0066334991708125735,0.011940191473340689,0,1.009674671163965,45.0
143,0.0066334991708125735,0.011940191473340689,1.84741e-13,1.042585101363338,53.0
144,0.0066334991708125735,0.011940191473340689,5.68434e-14,1.030896413960778,64.0
145,0.013266998341625258,0.023772813654128866,139.0,1.0051796702328561,14.0
146,0.006680881307747022,0.011940191473340689,0,1.0023285595697355,8.0
147,0.0066334991708125735,0.011940191473340689,7.81597e-14,1.0461510754174554,56.0
148,0.01364605543710018,0.011940191473340689,0.965044,15.015784957561564,45.0
149,0.006443970623075113,0.011940191473340689,0,1.000632647017872,37.0
150,0.013361762615493933,0.011940191473340689,1.92372,30.053866605649638,69.0
151,0.006207059938403203,0.011940191473340689,0,1.0043589779131228,11.0
152,0.006207059938403203,0.011940191473340689,0,1.004356672166305,11.0
153,0.006112295664534417,0.011940191473340689,0,1.0029763177813356,1.0
154,9.476427386878594e-05,0.011940191473340689,0.0,1.0,1.0
155,0.006112295664534417,0.011940191473340689,0,1.0185927404154995,1.0
156,0.006112295664534417,0.011940191473340689,0.0,1.0036845898316573,1.0
157,0.006112295664534417,0.011940191473340689,0.0,1.0011632430536364,1.0
158,0.006112295664534417,0.011940191473340689,0,2.000218823824516,2.0
159,0.006112295664534417,0.011940191473340689,7.10543e-15,2.0002905127250057,2.0
160,0.006112295664534417,0.011940191473340689,6.25278e-13,1.0002663724911132,1.0
161,0.006112295664534417,0.011940191473340689,5.68434e-14,1.0001879633510944,1.0
162,0.006112295664534417,0.011940191473340689,0,1.0003034405869338,1.0
163,0.006112295664534417,0.011940191473340689,8.52651e-14,1.0009164844057095,1.0
164,0.006112295664534417,0.011940191473340689,0,2.0005179286824064,2.0
165,0.0072494669509595155,0.011940191473340689,0.0,0.0,0.0
166,0.005306799336650125,0.011940191473340689,0,1.0006980022185894,1.0
