Degree Centrality,Reachability Centrality,Temporal Betweenness,Temporal Closeness
0,2086.0,0.01990049751243783,1294.03,129.00136901959465
1,1110.0,0.013835583984837752,268.953,65.36588042160528
2,4607.0,0.01430940535418146,747.693,66.26591394959087
3,1723.0,0.013930348258706426,232.144,32.92577171920906
4,773.0,0.013788201847903303,71.1269,21.09384753289996
5,705.0,0.013788201847903303,106.56,55.32318057627591
6,553.0,0.013788201847903303,92.3264,62.52652995790128
7,915.0,0.013788201847903303,62.3541,61.41199384373988
8,1077.0,0.013788201847903303,154.726,25.10722238865011
9,282.0,0.013788201847903303,41.1314,23.572813239318123
10,289.0,0.013788201847903303,2.3098,61.35787332437721
11,572.0,0.013788201847903303,16.6835,56.23481185548567
12,3305.0,0.013788201847903303,220.982,63.426813943858164
13,2128.0,0.026770907367922314,511.795,50.89568727270357
14,1997.0,0.019805733238569045,516.294,73.20707293995419
15,164.0,0.013788201847903303,0.5562,43.426237499777955
16,901.0,0.013788201847903303,18.7142,51.90259080603524
17,1077.0,0.020421701018715988,952.866,79.14548576070673
18,350.0,0.013788201847903303,34.0076,37.21042284313315
19,545.0,0.013788201847903303,87.737,49.017376441568295
20,613.0,0.013788201847903303,115.585,41.82503368540643
21,248.0,0.013788201847903303,45.932,43.14788691094988
22,372.0,0.019805733238569045,289.65,67.16590511438285
23,494.0,0.013788201847903303,73.4676,40.59341092803528
24,238.0,0.013788201847903303,11.4833,31.093502589992948
25,694.0,0.01990049751243783,218.057,45.180302878096114
26,1044.0,0.013788201847903303,242.712,65.5346417101591
27,82.0,0.013740819710968966,1.84975,15.035754876614615
28,766.0,0.013788201847903303,353.565,65.12995718720936
29,366.0,0.013740819710968966,33.5078,48.097545727464826
30,313.0,0.013835583984837752,47.1073,48.27296866870985
31,854.0,0.013788201847903303,114.893,46.634354277524636
32,636.0,0.013788201847903303,136.791,59.47662696276798
33,124.0,0.013788201847903303,3.46293,28.09438856290395
34,647.0,0.013788201847903303,162.678,128.0010478473989
35,124.0,0.02013740819710974,144.304,19.0646039491071
36,355.0,0.013788201847903303,351.994,136.0006994074826
37,1143.0,0.02184316512674722,1088.91,137.00444444444443
38,418.0,0.013835583984837752,91.4683,45.365042113151915
39,866.0,0.013788201847903303,193.524,20.130918031999357
40,121.0,0.013788201847903303,0.86755,44.09287746866834
41,1006.0,0.013788201847903303,255.807,81.27614855351568
42,595.0,0.013835583984837752,86.9584,46.175114929004145
43,502.0,0.013788201847903303,121.48,60.33274148694415
44,709.0,0.013788201847903303,908.266,136.0042580931433
45,178.0,0.013835583984837752,170.467,82.0472150768992
46,1062.0,0.0195214404169628,638.565,128.00133203044382
47,751.0,0.013788201847903303,51.9658,50.13385892180093
48,140.0,0.013788201847903303,1.39329,29.08854929726063
49,2140.0,0.013788201847903303,944.153,53.53554313583999
50,283.0,0.013788201847903303,40.4857,26.223898800650606
51,361.0,0.013835583984837752,12.5361,25.277460114588504
52,1210.0,0.01990049751243783,213.353,80.12460799808039
53,1186.0,0.014214641080312673,235.95,44.69132581423669
54,116.0,0.013788201847903303,0.25898,23.39390177345059
55,1105.0,0.013788201847903303,204.316,67.25437567224687
56,491.0,0.020232172470978416,337.991,49.39028638756744
57,670.0,0.013788201847903303,119.323,46.235697824985586
58,2884.0,0.026960435915659775,388.231,55.54328581553472
59,75.0,0.013788201847903303,2.24065,25.069806580376046
60,404.0,0.013788201847903303,3.13441,24.052086641049563
61,168.0,0.013788201847903303,14.8772,37.089307803273954
62,386.0,0.013788201847903303,114.04,48.07474469621621
63,225.0,0.019805733238569045,142.823,31.049516729614417
64,815.0,0.013882966121772089,74.7825,46.71651013530564
65,1188.0,0.013788201847903303,89.9049,51.506018425944355
66,1003.0,0.013788201847903303,40.326,47.45065870177534
67,1627.0,0.03340440653873489,479.416,63.71293375072219
68,1410.0,0.013788201847903303,129.696,67.57690361368476
69,948.0,0.014214641080312673,172.649,59.181387527220906
70,1070.0,0.013788201847903303,34.4374,51.203081295168424
71,634.0,0.013740819710968966,76.1053,43.17025686744628
72,366.0,0.013788201847903303,44.8729,38.08296325949464
73,630.0,0.013835583984837752,41.9881,42.170623173802824
74,868.0,0.013788201847903303,24.3808,43.21456677295016
75,1857.0,0.013788201847903303,65.4631,47.53572396786096
76,724.0,0.013788201847903303,12.938,44.07729086603886
77,7.0,0.013740819710968966,0.00151906,7.015937462978026
78,245.0,0.013788201847903303,9.58856,32.06247681111731
79,570.0,0.02639185027244728,348.906,52.2407853060237
80,331.0,0.019758351101634708,152.392,41.46171473604751
81,289.0,0.013788201847903303,34.8296,37.130172568431014
82,557.0,0.013788201847903303,132.289,53.08292031944581
83,1781.0,0.026344468135512944,491.14,62.1764106137675
84,556.0,0.013788201847903303,14.6528,40.09810585994897
85,2314.0,0.02037431888178154,405.715,66.93511757129174
86,94.0,0.013788201847903303,3.16688,35.3219578260786
87,1122.0,0.013788201847903303,119.801,34.10366810044874
88,198.0,0.013788201847903303,15.1759,68.06922318585792
89,560.0,0.013788201847903303,83.4474,44.03808638448594
90,33.0,0.013740819710968966,0.21173,16.007505301473024
91,252.0,0.012935323383084563,15.65,8.278865875428556
92,361.0,0.013788201847903303,59.4795,47.690929457657425
93,2182.0,0.013788201847903303,346.545,70.45367012021882
94,640.0,0.013788201847903303,79.7041,43.33632897484762
95,919.0,0.013788201847903303,16.8535,19.088672034402045
96,6.0,0.019426676143094013,138.0,1.005172374276913
97,287.0,0.013788201847903303,46.4145,45.079201580819344
98,83.0,0.013788201847903303,0.806895,17.051753507620212
99,68.0,0.013788201847903303,1.34581,35.172248925554484
100,328.0,0.013788201847903303,56.8033,0.0
101,0.0,0.0072494669509595155,0.0,36.442176258523226
102,226.0,0.013788201847903303,18.4017,19.370515366255056
103,285.0,0.0203269367448472,197.496,48.22258367821324
104,156.0,0.013740819710968966,6.54145,24.053245209277925
105,245.0,0.013882966121772089,36.8196,27.08358566793854
106,92.0,0.013788201847903303,0.764583,19.00202433467751
107,84.0,0.013788201847903303,4.61186,15.03613727408925
108,83.0,0.013740819710968966,1.29748,22.030377824980434
109,39.0,0.013740819710968966,0.291942,19.02441888357906
110,42.0,0.013077469793887686,0.266727,11.031268726492277
111,259.0,0.013788201847903303,44.187,60.1386809460861
112,203.0,0.013788201847903303,58.9859,128.00062587744256
113,0.0,0.006443970623075113,0.0,0.0
114,411.0,0.01430940535418146,185.195,103.0128839771706
115,0.0,0.006728263444681359,0.0,0.0
116,275.0,0.013788201847903303,38.1553,37.103034434271734
117,22.0,0.013740819710968966,0.00405018,12.026809195909728
118,45.0,0.013788201847903303,0.0926098,6.0890833580252375
119,31.0,0.013788201847903303,0.000769823,12.015944830315238
120,160.0,0.013788201847903303,1.96432,17.052482954345184
121,15.0,0.020279554607912864,138.032,10.012508518485177
122,127.0,0.013788201847903303,1.24769,21.063798493010967
123,77.0,0.013788201847903303,0.434269,0.0
124,0.0,0.0072494669509595155,0.0,0.0
125,0.0,0.006728263444681359,0.0,0.0
126,0.0,0.006396588486140775,0.0,0.0
127,24.0,0.013409144752428381,0.0276521,0.0
128,56.0,0.013361762615493933,7.10543e-15,0.0
129,0.0,0.007296849087893853,0.0,1.0449051513500616
130,0.0,0.006443970623075113,0.0,20.027555968741147
131,0.0,0.006443970623075113,0.0,5.005296015209733
132,0.0,0.007296849087893853,0.0,11.025205170193123
133,37.0,0.012508884150675192,2.59348e-13,0.0
134,0.0,0.006349206349206327,0.0,0.0
135,0.0,0.007296849087893853,0.0,0.0
136,4.0,0.0066334991708125735,0,1.000342753520209
137,66.0,0.0066334991708125735,0,4.05048302047865
138,60.0,0.0066334991708125735,0,2.0170901101527106
139,58.0,0.0066334991708125735,1.91847e-13,1.0006762844052455
140,47.0,0.0066334991708125735,1.91847e-13,1.002215741103655
141,22.0,0.0066334991708125735,0,1.0156199254425435
142,45.0,0.0066334991708125735,0,1.009674671163965
143,53.0,0.0066334991708125735,1.84741e-13,1.042585101363338
144,64.0,0.0066334991708125735,5.68434e-14,1.030896413960778
145,14.0,0.013266998341625258,139.0,1.0051796702328561
146,8.0,0.006680881307747022,0,1.0023285595697355
147,56.0,0.0066334991708125735,7.81597e-14,1.0461510754174554
148,45.0,0.01364605543710018,0.965044,15.015784957561564
149,37.0,0.006443970623075113,0,1.000632647017872
150,69.0,0.013361762615493933,1.92372,30.053866605649638
151,11.0,0.006207059938403203,0,1.0043589779131228
152,11.0,0.006207059938403203,0,1.004356672166305
153,1.0,0.006112295664534417,0,1.0029763177813356
154,1.0,9.476427386878594e-05,0.0,1.0
155,1.0,0.006112295664534417,0,1.0185927404154995
156,1.0,0.006112295664534417,0.0,1.0036845898316573
157,1.0,0.006112295664534417,0.0,1.0011632430536364
158,2.0,0.006112295664534417,0,2.000218823824516
159,2.0,0.006112295664534417,7.10543e-15,2.0002905127250057
160,1.0,0.006112295664534417,6.25278e-13,1.0002663724911132
161,1.0,0.006112295664534417,5.68434e-14,1.0001879633510944
162,1.0,0.006112295664534417,0,1.0003034405869338
163,1.0,0.006112295664534417,8.52651e-14,1.0009164844057095
164,2.0,0.006112295664534417,0,2.0005179286824064
165,0.0,0.0072494669509595155,0.0,0.0
166,1.0,0.005306799336650125,0,1.0006980022185894
