Temp. Reachability,Stat. Reachability,Temp. Betweenness,Temp. Closeness,Degree Centrality,Stat. Degree
0,0.01990049751243783,0.02008446738620362,1294.03,129.0013690195946,2086.0,129.0
1,0.013835583984837752,0.013655560769591735,268.953,66.26591394959097,1110.0,66.0
2,0.01430940535418146,0.013655560769591735,747.693,65.36588042160533,4607.0,64.0
3,0.013930348258706426,0.013655560769591735,232.144,63.42681394385815,1723.0,63.0
4,0.013788201847903303,0.013655560769591735,71.1269,50.89568727270355,773.0,50.0
5,0.013788201847903303,0.013655560769591735,106.56,43.42623749977794,705.0,43.0
6,0.013788201847903303,0.013655560769591735,92.3264,73.20707293995417,553.0,73.0
7,0.013788201847903303,0.013655560769591735,62.3541,51.902590806035235,915.0,51.0
8,0.013788201847903303,0.013655560769591735,154.726,61.35787332437723,1077.0,61.0
9,0.013788201847903303,0.013655560769591735,41.1314,56.23481185548563,282.0,56.0
10,0.013788201847903303,0.013655560769591735,2.3098,23.57281323931812,289.0,23.0
11,0.013788201847903303,0.013655560769591735,16.6835,25.107222388650108,572.0,25.0
12,0.013788201847903303,0.013655560769591735,220.982,61.41199384373987,3305.0,61.0
13,0.026770907367922314,0.026513374002815615,511.795,62.526529957901275,2128.0,62.0
14,0.019805733238569045,0.020131393711872336,516.294,55.32318057627592,1997.0,55.0
15,0.013788201847903303,0.013655560769591735,0.5562,21.093847532899957,164.0,21.0
16,0.013788201847903303,0.013655560769591735,18.7142,32.925771719209074,901.0,32.0
17,0.020421701018715988,0.020131393711872336,952.866,79.14548576070669,1077.0,79.0
18,0.013788201847903303,0.013655560769591735,34.0076,37.21042284313318,350.0,37.0
19,0.013788201847903303,0.013655560769591735,87.737,49.017376441568274,545.0,48.0
20,0.013788201847903303,0.013655560769591735,115.585,41.825033685406424,613.0,41.0
21,0.013788201847903303,0.013655560769591735,45.932,43.147886910949865,248.0,43.0
22,0.019805733238569045,0.020131393711872336,289.65,67.16590511438305,372.0,67.0
23,0.013788201847903303,0.013655560769591735,73.4676,40.593410928035276,494.0,40.0
24,0.013788201847903303,0.013655560769591735,11.4833,31.09350258999294,238.0,31.0
25,0.01990049751243783,0.020131393711872336,218.057,45.18030287809612,694.0,45.0
26,0.013788201847903303,0.013655560769591735,242.712,65.53464171015906,1044.0,65.0
27,0.013740819710968966,0.013655560769591735,1.84975,15.035754876614611,82.0,15.0
28,0.013788201847903303,0.013655560769591735,353.565,65.12995718720931,766.0,65.0
29,0.013740819710968966,0.013655560769591735,33.5078,48.09754572746481,366.0,45.0
30,0.013835583984837752,0.013655560769591735,47.1073,48.27296866870986,313.0,48.0
31,0.013788201847903303,0.013655560769591735,114.893,59.476626962767966,854.0,59.0
32,0.013788201847903303,0.013655560769591735,136.791,46.63435427752466,636.0,46.0
33,0.013788201847903303,0.013655560769591735,3.46293,28.094388562903944,124.0,28.0
34,0.013788201847903303,0.013655560769591735,162.678,128.00104784739884,647.0,128.0
35,0.02013740819710974,0.020131393711872336,144.304,19.064603949107116,124.0,19.0
36,0.013788201847903303,0.013655560769591735,351.994,136.0006994074826,355.0,136.0
37,0.02184316512674722,0.020131393711872336,1088.91,137.00444444444443,1143.0,137.0
38,0.013835583984837752,0.013655560769591735,91.4683,45.36504211315188,418.0,44.0
39,0.013788201847903303,0.013655560769591735,193.524,44.092877468668334,866.0,44.0
40,0.013788201847903303,0.013655560769591735,0.86755,20.130918031999368,121.0,20.0
41,0.013788201847903303,0.013655560769591735,255.807,81.27614855351567,1006.0,81.0
42,0.013835583984837752,0.013655560769591735,86.9584,46.175114929004145,595.0,46.0
43,0.013788201847903303,0.013655560769591735,121.48,60.33274148694417,502.0,60.0
44,0.013788201847903303,0.013655560769591735,908.266,136.0042580931433,709.0,136.0
45,0.013835583984837752,0.013655560769591735,170.467,82.04721507689918,178.0,82.0
46,0.0195214404169628,0.020131393711872336,638.565,128.00133203044376,1062.0,128.0
47,0.013788201847903303,0.013655560769591735,51.9658,50.13385892180091,751.0,50.0
48,0.013788201847903303,0.013655560769591735,1.39329,29.088549297260645,140.0,29.0
49,0.013788201847903303,0.013655560769591735,944.153,80.1246079980804,2140.0,80.0
50,0.013788201847903303,0.013655560769591735,40.4857,25.277460114588504,283.0,25.0
51,0.013835583984837752,0.013655560769591735,12.5361,26.223898800650613,361.0,26.0
52,0.01990049751243783,0.020131393711872336,213.353,53.535543135839994,1210.0,52.0
53,0.014214641080312673,0.013655560769591735,235.95,44.69132581423666,1186.0,44.0
54,0.013788201847903303,0.013655560769591735,0.25898,23.393901773450605,116.0,23.0
55,0.013788201847903303,0.013655560769591735,204.316,67.25437567224688,1105.0,67.0
56,0.020232172470978416,0.020131393711872336,337.991,49.390286387567464,491.0,49.0
57,0.013788201847903303,0.013655560769591735,119.323,46.23569782498558,670.0,46.0
58,0.026960435915659775,0.026607226654152938,388.231,55.54328581553473,2884.0,55.0
59,0.013788201847903303,0.013655560769591735,2.24065,25.069806580376053,75.0,25.0
60,0.013788201847903303,0.013655560769591735,3.13441,24.05208664104957,404.0,24.0
61,0.013788201847903303,0.013655560769591735,14.8772,37.089307803273925,168.0,37.0
62,0.013788201847903303,0.013655560769591735,114.04,48.074744696216186,386.0,48.0
63,0.019805733238569045,0.020131393711872336,142.823,31.04951672961443,225.0,31.0
64,0.013882966121772089,0.013655560769591735,74.7825,46.71651013530569,815.0,46.0
65,0.013788201847903303,0.013655560769591735,89.9049,51.506018425944355,1188.0,51.0
66,0.013788201847903303,0.013655560769591735,40.326,47.45065870177533,1003.0,47.0
67,0.03340440653873489,0.03364617550445803,479.416,63.71293375072219,1627.0,62.0
68,0.013788201847903303,0.013655560769591735,129.696,67.57690361368476,1410.0,67.0
69,0.014214641080312673,0.013655560769591735,172.649,59.1813875272209,948.0,59.0
70,0.013788201847903303,0.013655560769591735,34.4374,51.20308129516843,1070.0,51.0
71,0.013740819710968966,0.013655560769591735,76.1053,43.1702568674463,634.0,43.0
72,0.013788201847903303,0.013655560769591735,44.8729,38.08296325949464,366.0,38.0
73,0.013835583984837752,0.013655560769591735,41.9881,42.17062317380282,630.0,42.0
74,0.013788201847903303,0.013655560769591735,24.3808,43.214566772950135,868.0,43.0
75,0.013788201847903303,0.013655560769591735,65.4631,47.535723967860974,1857.0,47.0
76,0.013788201847903303,0.013655560769591735,12.938,44.07729086603885,724.0,44.0
77,0.013740819710968966,0.013655560769591735,0.00151906,7.015937462978028,7.0,7.0
78,0.013788201847903303,0.013655560769591735,9.58856,32.06247681111732,245.0,32.0
79,0.02639185027244728,0.026607226654152938,348.906,52.240785306023696,570.0,52.0
80,0.019758351101634708,0.02008446738620362,152.392,41.46171473604753,331.0,41.0
81,0.013788201847903303,0.013655560769591735,34.8296,37.130172568430986,289.0,37.0
82,0.013788201847903303,0.013655560769591735,132.289,53.08292031944581,557.0,53.0
83,0.026344468135512944,0.026607226654152938,491.14,62.17641061376748,1781.0,62.0
84,0.013788201847903303,0.013655560769591735,14.6528,40.09810585994899,556.0,40.0
85,0.02037431888178154,0.020131393711872336,405.715,66.93511757129173,2314.0,66.0
86,0.013788201847903303,0.013655560769591735,3.16688,35.32195782607862,94.0,35.0
87,0.013788201847903303,0.013655560769591735,119.801,44.03808638448596,1122.0,43.0
88,0.013788201847903303,0.013655560769591735,15.1759,34.10366810044873,198.0,34.0
89,0.013788201847903303,0.013655560769591735,83.4474,68.06922318585798,560.0,68.0
90,0.013740819710968966,0.013655560769591735,0.21173,16.007505301473028,33.0,16.0
91,0.012935323383084563,0.013655560769591735,15.65,8.278865875428552,252.0,8.0
92,0.013788201847903303,0.013655560769591735,59.4795,47.690929457657425,361.0,47.0
93,0.013788201847903303,0.013655560769591735,346.545,70.45367012021879,2182.0,70.0
94,0.013788201847903303,0.013655560769591735,79.7041,43.33632897484762,640.0,43.0
95,0.013788201847903303,0.013655560769591735,16.8535,19.08867203440205,919.0,19.0
96,0.019426676143094013,0.020131393711872336,138.0,1.0051723742769134,6.0,1.0
97,0.013788201847903303,0.013655560769591735,46.4145,45.07920158081932,287.0,45.0
98,0.013788201847903303,0.013655560769591735,0.806895,17.051753507620216,83.0,17.0
99,0.013788201847903303,0.013655560769591735,1.34581,35.17224892555446,68.0,35.0
100,0.013788201847903303,0.013655560769591735,56.8033,36.442176258523325,328.0,36.0
101,0.0072494669509595155,0.00722665415297985,0.0,0.0,0.0,0.0
102,0.013788201847903303,0.013655560769591735,18.4017,19.370515366255052,226.0,19.0
103,0.0203269367448472,0.020131393711872336,197.496,48.22258367821324,285.0,48.0
104,0.013740819710968966,0.013655560769591735,6.54145,24.053245209277932,156.0,24.0
105,0.013882966121772089,0.013655560769591735,36.8196,27.083585667938543,245.0,27.0
106,0.013788201847903303,0.013655560769591735,0.764583,19.024418883579063,92.0,19.0
107,0.013788201847903303,0.013655560769591735,4.61186,11.031268726492272,84.0,11.0
108,0.013740819710968966,0.013655560769591735,1.29748,22.030377824980445,83.0,22.0
109,0.013740819710968966,0.013655560769591735,0.291942,15.036137274089251,39.0,15.0
110,0.013077469793887686,0.013655560769591735,0.266727,19.00202433467751,42.0,19.0
111,0.013788201847903303,0.013655560769591735,44.187,60.138680946086104,259.0,60.0
112,0.013788201847903303,0.013655560769591735,58.9859,128.0006258774426,203.0,128.0
113,0.006443970623075113,0.00722665415297985,0.0,0.0,0.0,0.0
114,0.01430940535418146,0.013655560769591735,185.195,103.0128839771706,411.0,103.0
115,0.006728263444681359,0.00722665415297985,0.0,0.0,0.0,0.0
116,0.013788201847903303,0.013655560769591735,38.1553,37.10303443427172,275.0,37.0
117,0.013740819710968966,0.013655560769591735,0.00405018,12.02680919590973,22.0,12.0
118,0.013788201847903303,0.013655560769591735,0.0926098,12.015944830315238,45.0,12.0
119,0.013788201847903303,0.013655560769591735,0.000769823,6.089083358025236,31.0,6.0
120,0.013788201847903303,0.013655560769591735,1.96432,17.052482954345177,160.0,17.0
121,0.020279554607912864,0.020131393711872336,138.032,10.012508518485182,15.0,10.0
122,0.013788201847903303,0.013655560769591735,1.24769,21.063798493010967,127.0,21.0
123,0.013788201847903303,0.013655560769591735,0.434269,20.027555968741154,77.0,20.0
124,0.0072494669509595155,0.00722665415297985,0.0,0.0,0.0,0.0
125,0.006728263444681359,0.00722665415297985,0.0,0.0,0.0,0.0
126,0.006396588486140775,0.00722665415297985,0.0,0.0,0.0,0.0
127,0.013409144752428381,0.013655560769591735,0.0276521,11.02520517019312,24.0,11.0
128,0.013361762615493933,0.013655560769591735,7.10543e-15,5.005296015209739,56.0,6.0
129,0.007296849087893853,0.00722665415297985,0.0,0.0,0.0,0.0
130,0.006443970623075113,0.00722665415297985,0.0,0.0,0.0,0.0
131,0.006443970623075113,0.00722665415297985,0.0,0.0,0.0,0.0
132,0.007296849087893853,0.00722665415297985,0.0,0.0,0.0,0.0
133,0.012508884150675192,0.013655560769591735,2.59348e-13,1.0449051513500616,37.0,1.0
134,0.006349206349206327,0.00722665415297985,0.0,0.0,0.0,0.0
135,0.007296849087893853,0.007273580478648567,0.0,0.0,0.0,0.0
136,0.0066334991708125735,0.006569685593618035,0,1.0003427535202103,4.0,1.0
137,0.0066334991708125735,0.006569685593618035,0,4.0504830204786515,66.0,4.0
138,0.0066334991708125735,0.006569685593618035,0,2.0170901101527123,60.0,2.0
139,0.0066334991708125735,0.006569685593618035,1.91847e-13,1.000676284405249,58.0,1.0
140,0.0066334991708125735,0.006569685593618035,1.91847e-13,1.002215741103655,47.0,1.0
141,0.0066334991708125735,0.006569685593618035,0,1.0156199254425438,22.0,1.0
142,0.0066334991708125735,0.006569685593618035,0,1.0096746711639655,45.0,1.0
143,0.0066334991708125735,0.006569685593618035,1.84741e-13,1.042585101363338,53.0,1.0
144,0.0066334991708125735,0.006569685593618035,5.68434e-14,1.0308964139607777,64.0,1.0
145,0.013266998341625258,0.01313937118723607,139.0,1.0051796702328555,14.0,1.0
146,0.006680881307747022,0.006616611919286752,0,1.002328559569737,8.0,1.0
147,0.0066334991708125735,0.006569685593618035,7.81597e-14,1.0461510754174552,56.0,1.0
148,0.01364605543710018,0.013655560769591735,0.965044,15.015784957561559,45.0,15.0
149,0.006443970623075113,0.006569685593618035,0,1.0006326470178726,37.0,1.0
150,0.013361762615493933,0.013655560769591735,1.92372,30.05386660564964,69.0,30.0
151,0.006207059938403203,0.006569685593618035,0,1.0043589779131223,11.0,1.0
152,0.006207059938403203,0.006569685593618035,0,1.004356672166305,11.0,1.0
153,0.006112295664534417,0.006569685593618035,0,1.0029763177813344,1.0,1.0
154,9.476427386878594e-05,9.385265133743381e-05,0.0,1.0,1.0,1.0
155,0.006112295664534417,0.006569685593618035,0,1.0185927404155006,1.0,1.0
156,0.006112295664534417,0.006569685593618035,0.0,1.0036845898316555,1.0,1.0
157,0.006112295664534417,0.006569685593618035,0.0,1.0011632430536368,1.0,1.0
158,0.006112295664534417,0.006569685593618035,0,2.0002188238245164,2.0,2.0
159,0.006112295664534417,0.006569685593618035,7.10543e-15,2.0002905127250052,2.0,2.0
160,0.006112295664534417,0.006569685593618035,6.25278e-13,1.0002663724911136,1.0,1.0
161,0.006112295664534417,0.006569685593618035,5.68434e-14,1.000187963351094,1.0,1.0
162,0.006112295664534417,0.006569685593618035,0,1.0003034405869338,1.0,1.0
163,0.006112295664534417,0.006569685593618035,8.52651e-14,1.0009164844057095,1.0,1.0
164,0.006112295664534417,0.006569685593618035,0,2.000517928682406,2.0,2.0
165,0.0072494669509595155,0.00722665415297985,0.0,0.0,0.0,0.0
166,0.005306799336650125,0.006569685593618035,0,1.0006980022185885,1.0,1.0
