Degree Centrality,Reachability Centrality,Temporal Betweenness,Temporal Closeness
0,203.0,0.004722323162290043,13244.9,33.03722895603375
1,0.0,0.0007067043278394802,0.0,0
2,354.0,0.0141290705166075,63889.4,175.09968279423774
3,0.0,1.1146755959368093e-06,0.0,0
4,1.0,1.1146755959368093e-06,0.0,0
5,116.0,0.002335245373538908,7593.34,45.057888161592984
6,0.0,0.00026863681862665523,0.0,0
7,59.0,0.003276588914328249,13225.2,28.05767184996168
8,1091.0,0.006983999946495567,35868.1,238.0795435470258
9,1.0,2.7866889898975344e-06,1.0,0
10,0.0,0.00028368493917219073,0.0,0
11,993.0,0.00278390230091341,17672.6,142.15662502108233
12,0.0,0.0002831276013741668,0.0,0
13,0.0,2.2293511918736186e-06,0.0,0
14,0.0,0.0007005736120616612,0.0,0
15,0.0,1.1146755959368093e-06,0.0,0
16,0.0,1.6720133939607251e-06,0.0,0
17,0.0,1.6720133939607251e-06,0.0,0
18,359.0,0.006138518506958901,15357.0,105.71012672384799
19,5.0,0.0003544668395156769,125.0,0
20,0.0,3.6784294666691864e-05,0.0,0
21,0.0,2.2293511918736186e-06,0.0,0
22,0.0,1.0032080363653328e-05,0.0,0
23,0.0,1.1146755959368093e-06,0.0,0
24,1.0,0.0004993746669906818,0.0,0
25,53.0,0.001956255670912066,4182.53,15.117401574090199
26,273.0,0.002638994473438405,14642.1,48.786304681575494
27,0.0,1.1146755959368093e-06,0.0,0
28,27.0,0.0018080038166492507,787.815,18.028656837808917
29,36.0,0.0016424744906490263,569.547,13.015820996350312
30,0.0,1.1146755959368093e-06,0.0,0
31,457.0,0.009790753097126181,114931.0,182.47324547719947
32,0.0,2.2293511918736186e-06,0.0,0
33,86.0,0.0016898482034773954,3712.7,37.07794050414309
34,0.0,0.00035000813713181866,0.0,0
35,267.0,0.0017979717362855974,3186.74,86.27771172688398
36,0.0,1.1146755959368093e-06,0.0,0
37,322.0,0.001542711024810406,61.2236,37.240145687983464
38,0.0,0.000696114909677803,0.0,0
39,0.0,1.6720133939607251e-06,0.0,0
40,561.0,0.004403525941845121,27100.5,178.76474334122415
41,346.0,0.014664114802668937,99848.2,160.80235547415
42,1.0,0.0010946114352340386,0.825643,0
43,167.0,0.00664848259211126,12456.5,67.26859958758583
44,0.0,1.1146755959368093e-06,0.0,0
45,1.0,3.511228127273114e-05,0.0,0
46,7.0,0.0016692267049520648,892.7,5.002605420456666
47,183.0,0.0028401934185093847,11033.4,35.79776379938472
48,0.0,1.1146755959368093e-06,0.0,0
49,72.0,0.0016764720963258206,6605.07,34.672441135746425
50,126.0,0.0017812516023462122,6837.95,44.13377118029225
51,58.0,0.002873076348590242,8142.01,31.048071832063005
52,170.0,0.003547455084146889,5726.44,66.44141354467877
53,2.0,0.0020387416650132772,995.343,0
54,0.0,0.00034945079933390577,0.0,0
55,14.0,0.0025899487472160754,2470.82,12.002455066909878
56,16.0,0.0014429475589718965,80.2293,6.01326613212847
57,4.0,0.0019763198316393726,1296.13,4.003514706504554
58,0.0,0.000677722762344457,0.0,0
59,41.0,0.0016246396811135932,1189.74,15.047408227552772
60,8.0,0.0035023107225103933,3456.22,7.0130201600405915
61,88.0,0.0016881761900834347,3382.58,41.194299480025755
62,219.0,0.0040050294162889966,27958.3,67.0983835440801
63,0.0,0.0007005736120616612,0.0,0
64,0.0,0.0003672856088692278,0.0,0
65,1.0,0.001091824746244141,0.101651,0
66,359.0,0.00537775241271532,35628.9,146.39592918417108
67,141.0,0.0017065683374167806,5591.22,31.835661649671675
68,58.0,0.0016898482034773954,61.6654,39.275082419887916
69,26.0,0.0017071256752146935,507.232,14.029812075614796
70,3.0,0.0009848158890317649,1.32161e-12,0
71,229.0,0.0056018022075035034,35231.0,59.494560980061095
72,96.0,0.001620180978729735,4784.62,28.307796877319152
73,88.0,0.0017567287392350472,8077.7,43.17427064035943
74,21.0,0.0013409547419414025,1086.71,5.004163795137031
75,3.0,0.0021457505222255424,1674.27,0
76,0.0,3.3440267879214502e-06,0.0,0
77,1.0,0.0009101326241024443,2.68172,0
78,13.0,0.0011430998236583445,28.1572,11.009647298452068
79,31.0,0.0015248762152750839,535.935,10.074315689795956
80,5.0,0.001230601857941327,293.949,3.0040013408696535
81,0.0,2.2293511918736186e-06,0.0,0
82,15.0,0.0016848321632955132,14.4513,12.010506621618045
83,26.0,0.001962943724487909,3075.93,15.030399642895665
84,16.0,0.00165585059780049,747.994,10.007698240727473
85,1.0,0.0014780598402447387,61.6894,0
86,15.0,0.0015265482286690446,73.752,11.030336086582818
87,36.0,0.003600402174955053,5561.95,12.29360124914884
88,0.0,0.0007005736120616612,0.0,0
89,27.0,0.001860393569659391,1854.57,17.726439224265096
90,6.0,0.0013103011630525296,0,4.004206644997793
91,0.0,3.4554943474818245e-05,0.0,0
92,7.0,0.001007666738748969,90.9543,5.0004203064785875
93,8.0,0.0016814881365075918,593.247,5.017363499820342
94,275.0,0.006019805555989022,30524.0,80.23216687298157
95,33.0,0.0016246396811135932,3.64329,15.152507570226563
96,165.0,0.0032058070139847628,15747.5,39.41779063329408
97,4.0,0.001355445524688914,15.6244,0
98,26.0,0.0015376949846286347,1067.17,9.065462474800869
99,1.0,0.0014797318536385884,2.04636e-12,0
100,69.0,0.0031784974618837003,6275.54,23.032118524435827
101,26.0,0.0015326789444467526,613.541,11.105833225461508
102,739.0,0.00641551539255536,77587.6,234.43878258870038
103,7.0,0.0015025827033557926,13.698,5.022617503882481
104,686.0,0.007492292018253965,82224.1,219.34333163383536
105,1.0,0.000983701213435828,1.13687e-12,0
106,0.0,1.1146755959368093e-06,0.0,0
107,0.0,0.0002831276013741668,0.0,0
108,11.0,0.001890489810750351,1442.92,7.004640291880793
109,1.0,0.0011470011882441788,0.808142,0
110,1.0,0.0007011309498596852,0.0,0
111,0.0,0.00016720133939418513,0.0,0
112,0.0,1.1146755959368093e-06,0.0,0
113,60.0,0.0016279837079015147,221.352,9.20766476616607
114,0.0,0.00035000813713181866,0.0,0
115,0.0,0.0005361589616573736,0.0,0
116,0.0,1.6720133939607251e-06,0.0,0
117,32.0,0.0018453454491139665,1250.36,17.099367508997727
118,16.0,0.0012411912761028931,1188.01,8.02627939699444
119,8.0,0.002281183607134807,1599.6,5.0147402050791445
120,7.0,0.0014513076259415891,120.791,6.0075005026966
121,0.0,0.0007005736120616612,0.0,0
122,0.0,0.0004993746669906818,0.0,0
123,78.0,0.002333016022347034,7303.04,30.172539193623678
124,5.0,0.0012222417909715233,15.1885,3.0015116538431053
125,0.0,0.0002831276013741668,0.0,0
126,26.0,0.0016608666379823722,512.243,18.01248043850939
127,266.0,0.006161369356676105,34717.8,71.72796578500093
128,1.0,0.0013459707821232847,22.2607,0
129,0.0,6.130715777818985e-06,0.0,0
130,85.0,0.001969074440265617,2616.46,30.110444369725855
131,33.0,0.0016770294341237335,2248.52,19.035082810390033
132,4.0,0.0009742264708701986,7.27502,0
133,2.0,0.000965866403900506,9.12071,2.1389503732629844
134,13.0,0.0029243514260044456,3984.51,8.003138324739323
135,0.0,3.399760567679433e-05,0.0,0
136,2.0,0.0007011309498596852,1.0,0
137,0.0,0.00014936652985886312,0.0,0
138,0.0,1.1146755959368093e-06,0.0,0
139,33.0,0.0016948642436591665,179.49,14.081117133620092
140,0.0,0.0007005736120616612,0.0,0
141,64.0,0.002393765842326867,8688.54,26.061066346054034
142,119.0,0.0018592788940634541,4263.03,31.093223107750894
143,209.0,0.005753955426352264,25339.4,75.29833763241612
144,60.0,0.0016809307987096789,237.692,23.311854284053418
145,22.0,0.001416195344668858,106.814,9.052358139090563
146,5.0,0.0011141182581633213,57.5545,4.004513273460924
147,0.0,2.2293511918736186e-06,0.0,0
148,7.0,0.002335245373538908,1907.77,3.0131519438756906
149,0.0,1.1146755959368093e-06,0.0,0
150,9.0,0.0016173942897398375,1309.92,8.114432484734367
151,58.0,0.0015025827033557926,291.736,8.76116693745466
152,0.0,1.1146755959368093e-06,0.0,0
153,7.0,0.0015928714266286725,1228.61,6.007088357836279
154,24.0,0.0016837174876995764,648.195,13.046132046097242
155,0.0,1.6720133939607251e-06,0.0,0
156,0.0,0.0003305013142025359,0.0,0
157,0.0,0.0002842422769701036,0.0,0
158,0.0,7.635527832339228e-05,0.0,0
159,16.0,0.0021764041011144153,1081.53,10.013473285534424
160,79.0,0.0017483686722653546,2407.13,12.115205367970646
161,11.0,0.0015388096602245716,92.0883,5.005602175114551
162,22.0,0.001542711024810406,764.362,14.291611512178628
163,6.0,0.001248436667476649,457.803,5.006056205910398
164,0.0,0.00028368493917219073,0.0,0
165,1.0,0.0014596676929112817,0.361675,0
166,4.0,0.0009853732268297888,172.679,3.000341143815135
167,13.0,0.0015271055664669575,77.0942,4.022816755657439
168,0.0,1.1146755959368093e-06,0.0,0
169,0.0,6.130715777818985e-06,0.0,0
170,1.0,0.0009318687982236007,0.0,0
171,42.0,0.002195353586245785,1724.07,27.027476075176924
172,10.0,0.0015689059013155315,194.727,8.024053152408406
173,43.0,0.0016703413805480016,910.679,9.054849777892299
174,80.0,0.002653485256185917,3973.98,13.108357677333165
175,375.0,0.002748790019640568,21465.7,115.52544317261662
176,13.0,0.0017366645785077406,1308.67,5.021790810130198
177,0.0,2.8981565495023176e-05,0.0,0
178,0.0,2.8981565495023176e-05,0.0,0
179,19.0,0.0016781441097197813,304.83,7.014151788409792
180,80.0,0.0015087134191336116,2246.18,22.162750147105793
181,0.0,0.0007005736120616612,0.0,0
182,17.0,0.002766624829176001,2352.78,13.01973001204182
183,14.0,0.002495758659357361,2026.65,7.011444244198357
184,6.0,0.002285642309518665,1940.14,6.007833565316834
185,1.0,0.0010093387521429298,0,0
186,7.0,2.7866889898975344e-06,0,3.0
187,0.0,2.7866889898975344e-06,0.0,0
188,142.0,0.0016937495680632297,1809.85,36.10139840180037
189,2.0,0.0016486052064267342,20.871,2.0088471900460587
190,102.0,0.0034125793370355373,9065.15,35.28595256071041
191,0.0,2.7866889898975344e-06,0.0,0
192,200.0,0.003287735670287839,14148.6,55.49937907120597
193,299.0,0.006671333441828464,46292.8,140.13191213580728
194,0.0,0.0003544668395156769,0.0,0
195,0.0,1.1146755959368093e-06,0.0,0
196,0.0,1.1146755959368093e-06,0.0,0
197,17.0,0.001644146504042876,940.606,7.025329880723485
198,120.0,0.0018971778643261938,12114.8,59.219366193508144
199,0.0,1.1146755959368093e-06,0.0,0
200,21.0,0.002580474004650446,1808.29,8.004905669138484
201,0.0,0.0003684002844651646,0.0,0
202,4.0,0.0014423902211739836,21.4707,3.050582026795264
203,302.0,0.0017990864118815342,6731.89,78.59411126076218
204,1.0,0.0009664237416984189,1.0,0
205,1.0,0.0012640421258200973,2.27374e-13,0
206,0.0,1.1146755959368093e-06,0.0,0
207,0.0,6.632319795973896e-05,0.0,0
208,35.0,0.0015638898611337604,1606.94,23.06573393741609
209,0.0,3.5669619070755054e-05,0.0,0
210,61.0,0.0019830078852152155,2791.17,28.022628625918443
211,312.0,0.005792969072210941,24741.1,73.95758249451295
212,0.0,1.1146755959368093e-06,0.0,0
213,80.0,0.0021568972781851325,2666.36,38.088024087222166
214,5.0,0.001325906621395978,94.8485,3.0024536665620642
215,0.0,2.2293511918736186e-06,0.0,0
216,0.0,1.1146755959368093e-06,0.0,0
217,0.0,1.1146755959368093e-06,0.0,0
218,16.0,0.001848132138103864,2154.07,7.007613837949115
219,138.0,0.0017628594550127552,2583.43,41.402985510681006
220,20.0,0.001703781648426883,852.575,12.004547048694652
221,2.0,0.0012032923058402645,2.71205,0
222,0.0,7.85846295152659e-05,0.0,0
223,60.0,0.0025102494421048727,3853.21,23.11056303154183
224,8.0,0.0012763035573757353,27.6076,4.016165799284676
225,1.0,0.0011681800245674223,1.56919,0
226,3.0,0.0014418328833759597,1.7053e-13,3.002615166052672
227,43.0,0.003510113451682173,5268.75,23.032714858675465
228,1.0,1.1146755959368093e-06,0.0,0
229,0.0,1.1146755959368093e-06,0.0,0
230,0.0,1.1146755959368093e-06,0.0,0
231,1.0,0.0007702408368092106,0.464495,0
232,84.0,0.0017110270398006389,3528.43,20.15958143872178
233,70.0,0.004193409592006425,6517.01,31.30311109954054
234,5.0,0.0014674704220830614,1.11445,3.003500680504948
235,59.0,0.001667554691558104,4572.49,14.044588553404731
236,4.0,0.0013470854577192215,26.6791,4.007612781854385
237,0.0,0.0005617965003644754,0.0,0
238,18.0,0.0014919932851942264,409.306,7.163055262618014
239,0.0,9.474742565629413e-06,0.0,0
240,5.0,0.0013337093505677577,3.24603,2.0147128310676763
241,107.0,0.001818593234810928,4697.59,29.223606440273688
242,1.0,0.0006855254915162368,62.6888,0
243,27.0,0.0034839185751770474,4249.76,6.020402035724342
244,34.0,0.0032788182655202336,4571.29,20.034811333875194
245,0.0,1.1146755959368093e-06,0.0,0
246,1.0,0.001002093360769174,0,0
247,15.0,0.002489627943579542,1845.66,5.012403098540692
248,493.0,0.005999741395261715,90656.2,169.99620760612072
249,122.0,0.0022170897603670525,12196.9,53.14367647821782
250,0.0,0.00028368493917219073,0.0,0
251,127.0,0.0035017533847124804,12872.0,40.71118086410467
252,0.0,1.1146755959368093e-06,0.0,0
253,213.0,0.0022109590445892335,17304.7,57.71982041401467
254,1.0,0.0009876025780217734,0,0
255,7.0,0.002111195578750724,2085.5,5.014013370807255
256,55.0,0.0021981402752356827,2030.8,20.019715098037157
257,2.0,0.0009340981494155853,0.0,0
258,17.0,0.001542711024810406,457.991,12.025185103917709
259,75.0,0.0018024304386694556,8387.86,33.06155580299694
260,23.0,0.0015215321884871624,85.622,4.076640474723612
261,0.0,1.6720133939607251e-06,0.0,0
262,153.0,0.004175017444673079,16296.1,51.17210512214936
263,1.0,1.6720133939607251e-06,0.0,0
264,0.0,0.000390136458586432,0.0,0
265,77.0,0.002310722510427743,6174.48,68.11491758561999
266,4.0,0.0013537735112949534,0,3.002380343257308
267,1.0,0.000948031594365073,0,0
268,5.0,0.0013766243610122686,141.015,3.013993462323153
269,0.0,3.3440267879214502e-06,0.0,0
270,17.0,0.001674242745133836,387.612,8.02166757854621
271,67.0,0.0016848321632955132,3018.37,21.16661531212931
272,3.0,0.001392229819355717,18.2417,3.003397549294117
273,33.0,0.001476387826850778,1307.36,17.017357338511683
274,1.0,3.6784294666691864e-05,0.0,0
275,20.0,0.0016669973537600802,734.352,12.044479403094892
276,449.0,0.002495758659357361,20630.0,86.89131828076167
277,25.0,0.0016519492332146557,980.329,9.014233397139593
278,0.0,0.00032492793622274085,0.0,0
279,1.0,0.0011141182581633213,2.29301,0
280,212.0,0.0028234732845699995,11666.9,31.21963697069209
281,53.0,0.0029433009111358155,5782.5,18.038008868797938
282,77.0,0.0018826870815786823,9228.17,31.125043113703768
283,0.0,0.0003628269064853695,0.0,0
284,14.0,0.001680373460911655,817.558,9.022445158672205
285,27.0,0.0020716245950941348,1139.0,12.031471911290605
286,0.0,4.458702383847157e-05,0.0,0
287,37.0,0.0016636533269722698,2782.42,15.788234717998007
288,120.0,0.002088902066831544,7091.04,40.40530608459349
289,4.0,0.001206636332628075,5.03164,4.004434456478298
290,10.0,0.0020610351769324575,1098.02,7.005199623302624
291,0.0,1.6720133939607251e-06,0.0,0
292,0.0,0.0003215839094348194,0.0,0
293,39.0,0.0020911314180234175,2021.29,15.057241757841524
294,1.0,0.0016352290992752705,0,0
295,71.0,0.0038205506051574023,7057.66,29.1754538137018
296,325.0,0.0025113641177008095,20877.3,70.72441060246845
297,60.0,0.0014841905560224466,2547.08,14.153817444212788
298,21.0,0.0015856260352549167,3288.79,11.016062411847404
299,8.0,0.003137811802631063,2865.19,7.004550097658527
300,1.0,0.0010043227119611586,6.82121e-13,0
301,91.0,0.002777771585135591,9351.62,40.166996387729625
302,54.0,0.0017773502377602668,1451.95,19.126554488433438
303,1.0,0.0024277634480037724,1731.0,0
304,6.0,0.002850782836671062,2588.2,4.007503011648105
305,71.0,0.0024823825522057863,10173.9,41.04450145920237
306,63.0,0.0015928714266286725,342.215,16.407343193451908
307,193.0,0.0023742590193975843,24189.0,84.14973405231777
308,50.0,0.0020989341471951972,7070.13,36.03317142010815
309,5.0,0.0013114158386484664,0,3.0043135935144156
310,17.0,0.0016530639088105925,543.901,12.008367138861072
311,51.0,0.0015945434400226333,2090.8,9.001840358063006
312,39.0,0.0015287775798609182,652.951,10.025032388224531
313,66.0,0.0017990864118815342,2558.98,24.371409622772788
314,11.0,0.0012763035573757353,262.698,6.005724891020834
315,118.0,0.0027047603336001202,3789.6,18.20597444905434
316,184.0,0.0028173425687921805,14842.2,51.23736060721169
317,32.0,0.0025788019912564852,2967.09,17.0553906080676
318,29.0,0.002005301397134396,1602.24,14.035969384297756
319,0.0,0.0003221412472328433,0.0,0
320,280.0,0.002658501296367688,7304.68,105.44701705908524
321,10.0,0.001500353352163919,128.498,6.009494340815105
322,1012.0,0.004213473752733732,44389.6,98.27201519300367
323,29.0,0.001583954021861067,1317.96,5.0177239615454745
324,212.0,0.0028959271983074464,27557.8,76.40089701280979
325,7.0,0.0017082403508107413,1472.51,5.0008900720751
326,17.0,0.0014295714518203217,59.9499,15.065522977790785
327,3.0,0.0016408024772550656,20.8342,0
328,18.0,0.002538673669801872,2490.63,8.012883313947775
329,0.0,1.1146755959368093e-06,0.0,0
330,0.0,0.0001571692590305318,0.0,0
331,48.0,0.0015928714266286725,561.667,12.097914068633589
332,15.0,0.0017115843775985518,581.809,7.013229706036304
333,43.0,0.002297903741074192,1693.07,20.303742957290183
334,82.0,0.0016463758552348606,88.2325,18.299100008456257
335,13.0,0.0013186612300222222,27.0788,6.011807769234633
336,91.0,0.0016458185174368367,4122.61,39.24571145968056
337,34.0,0.0034967373445305983,3973.73,15.017446828481539
338,40.0,0.0017388939296996142,3545.77,28.26006316060151
339,3.0,0.0012690581660019795,236.177,0
340,153.0,0.0024762518364280783,8740.66,33.33231278366278
341,212.0,0.002659058634165712,13460.9,61.19482735494336
342,19.0,0.0025520497769534467,3643.71,15.022560487488379
343,13.0,0.0016413598150529785,73.698,8.006705220343825
344,24.0,0.001566676550123658,2600.07,13.030375841737284
345,47.0,0.003911396666228195,9728.68,29.029825447600413
346,1.0,0.0009697677684863404,0.645123,0
347,1.0,0.0011904735364867136,0,0
348,15.0,0.0016591946245884115,2076.91,10.01567847157612
349,94.0,0.0021568972781851325,3459.87,29.40464339913463
350,7.0,0.0011888015230927529,6.96562,5.009854848177963
351,12.0,0.0014908786095982896,702.058,8.007282186404165
352,66.0,0.0034961800067326854,10358.0,28.252202109391668
353,9.0,0.0012751888817796875,24.114,2.014328750565241
354,79.0,0.001307514474062632,514.38,7.155398804231264
355,22.0,0.0023380320625288054,2110.36,14.119193674295378
356,295.0,0.0022895436741044994,11474.9,135.67453600014179
357,30.0,0.002197025599639746,1802.62,15.021078243714436
358,14.0,0.0010929394218400779,40.8504,3.0054017340489745
359,0.0,0.0002831276013741668,0.0,0
360,35.0,0.0012712875171938531,851.544,21.019381039298374
361,4.0,0.001487534582810368,191.394,4.002900318760395
362,13.0,0.0013103011630525296,79.9272,6.008091639632781
363,20.0,0.0015443830382043666,737.099,9.071975754737943
364,18.0,0.0012802049219615697,1283.64,9.013444924756893
365,9.0,0.0013398400663454657,298.895,5.003619147635918
366,78.0,0.001812462519033109,1736.5,17.74728375729831
367,95.0,0.0019534689819221684,11622.1,37.16994197842934
368,0.0,6.799521135358866e-05,0.0,0
369,6.0,0.0014173100202647948,200.747,6.002590489672493
370,14.0,0.002549820425761462,2890.69,11.550340658136976
371,485.0,0.004751304727785066,68377.6,123.18928480531629
372,18.0,0.0015293349176589421,288.401,5.037031564520684
373,1.0,0.0006526425614353792,0.90489,0
374,27.0,0.0016296557212954754,3003.33,15.034113420162976
375,23.0,0.0019161273494574527,2186.2,14.054504350848129
376,84.0,0.001536022971234674,1033.23,42.03275884608591
377,122.0,0.0018096758300432114,4538.83,21.115754174886774
378,30.0,0.0017450246454774332,1588.5,14.017251489448274
379,0.0,0.0004993746669906818,0.0,0
380,0.0,0.00041298730830363617,0.0,0
381,0.0,0.00028368493917219073,0.0,0
382,0.0,1.6720133939607251e-06,0.0,0
383,2.0,0.0016218529921236957,1.0119,0
384,7.0,0.0011932602254766111,321.164,5.042216448495963
385,19.0,0.0015806099950731456,1318.5,9.008684768683024
386,6.0,0.0011497878772340764,39.9055,3.0042776251529535
387,65.0,0.0014607823685073296,4072.39,24.129415539098684
388,196.0,0.002795606394670913,16257.3,58.36363800890334
389,1.0,0.0014981240009720453,1.36424e-12,0
390,34.0,0.0016904055412753083,2151.47,18.025381097515954
391,100.0,0.0022940023764883577,8246.74,30.125620461064837
392,112.0,0.003263770144974698,7868.94,33.1740921765988
393,53.0,0.0017026669728309463,3104.58,27.0186256539406
394,7.0,0.0016173942897398375,35.4857,4.0038598133503776
395,92.0,0.0018408867467301082,8086.03,19.15385112910716
396,0.0,1.1146755959368093e-06,0.0,0
397,391.0,0.0023502934940844433,19799.5,68.38866505030717
398,17.0,0.002982314556994492,3388.29,12.004469229868569
399,443.0,0.013416235472990312,69616.4,217.49954451158118
400,8.0,0.002197025599639746,1935.77,4.007996713574923
401,28.0,0.0023792750595793555,2325.66,14.108145512011323
402,5.0,0.0015098280947295484,44.3655,5.005440324020175
403,10.0,0.00136269091606267,293.979,5.016125069849306
404,36.0,0.0016842748254974893,1358.65,13.020751424587933
405,0.0,7.524060272734445e-05,0.0,0
406,19.0,0.0023926511667309303,2008.52,9.024091145603483
407,10.0,0.0016168369519419246,611.443,8.01187434505802
408,46.0,0.001800201087477471,1241.5,24.307671213792638
409,1.0,0.001307514474062632,0,0
410,0.0,0.00028368493917219073,0.0,0
411,0.0,1.1146755959368093e-06,0.0,0
412,53.0,0.0017985290740836213,716.31,8.247332977678068
413,3.0,0.0011113315691734238,44.1335,3.0118784158248286
414,74.0,0.0020320536114374343,4458.04,28.024348200974508
415,1.0,0.001337610715153592,6.82121e-13,0
416,0.0,2.2293511918736186e-06,0.0,0
417,15.0,0.0025342149674180137,1884.88,13.015815620571558
418,0.0,0.00037062963565714924,0.0,0
419,0.0,0.0007044749766474956,0.0,0
420,8.0,0.001152017228426061,1415.07,6.000584491415488
421,79.0,0.0015817246706690824,3674.71,31.068428933227946
422,49.0,0.0019127833226696422,1185.11,30.29305233209849
423,14.0,0.0011313957299007305,13.4807,8.007382856082543
424,34.0,0.0014992386765679822,460.965,10.019744411055505
425,1.0,0.0009441302297792387,0,0
426,2.0,0.00198690924980105,1691.0,0
427,1.0,0.0011798841183250364,0.0473719,0
428,81.0,0.002016448153093986,6719.95,26.090254913553242
429,32.0,0.001487534582810368,736.304,23.030521463667725
430,388.0,0.0025643112085089736,12833.9,75.55208212249578
431,4.0,0.001205521657032138,8.57725,3.002738724554207
432,1.0,0.0005411750018392558,0.0,0
433,1.0,0.0007011309498596852,0.0,0
434,2.0,0.0010550404515773382,7.95808e-13,0
435,0.0,0.00028368493917219073,0.0,0
436,30.0,0.002676336105903121,5138.19,7.057145159879613
437,9.0,0.001542153687012493,790.913,5.00218973727334
438,50.0,0.0016764720963258206,1544.09,20.035369994648395
439,30.0,0.001649719882022782,1331.9,15.05813783053398
440,4.0,0.0013348240261636946,1.23533,0
441,12.0,0.001463569057497227,590.624,10.005553102340048
442,15.0,0.0014379315187901254,710.432,9.0058482091784
443,0.0,0.0002831276013741668,0.0,0
444,10.0,0.002503561388529141,2179.8,4.010352218795245
445,0.0,2.7866889898975344e-06,0.0,0
446,129.0,0.002999034690933877,4864.37,32.366323739173794
447,94.0,0.0015410390114165562,5928.7,40.16562436200273
448,15.0,0.0016759147585277967,1603.07,11.01318779920088
449,0.0,9.307541226277749e-05,0.0,0
450,3.0,0.0016045755203862866,0,0
451,0.0,0.0005534364333947828,0.0,0
452,4.0,0.0015321216066488397,0.797222,3.0025415730999185
453,227.0,0.002135718441861889,11851.8,43.67739154388217
454,0.0,9.307541226277749e-05,0.0,0
455,78.0,0.002821243933378015,6507.97,36.14625943266993
456,1.0,0.001457995679517432,0.0,0
457,0.0,9.307541226277749e-05,0.0,0
458,0.0,0.0002831276013741668,0.0,0
459,43.0,0.002981757219196468,4816.89,14.020164753769553
460,1.0,0.001038320317637953,9.09495e-13,0
461,113.0,0.0037246885039047273,10573.7,24.28036143771778
462,82.0,0.0033395680855000665,7879.51,26.07922456845762
463,0.0,0.00028368493917219073,0.0,0
464,44.0,0.0015165161483053913,240.388,6.092988576056229
465,5.0,0.0013482001333151583,97.1884,3.0031526270334434
466,1.0,0.0012941383669110573,0,0
467,29.0,0.0016302130590933883,2486.78,16.06708394870701
468,38.0,0.002587162058226178,2026.15,13.159944528765497
469,16.0,0.001445734247961794,233.164,6.1165239189197855
470,0.0,0.0006738213977586227,0.0,0
471,3.0,0.0014513076259415891,27.1015,0
472,13.0,0.0014769451646486909,215.359,7.016590411520728
473,233.0,0.0029622503962671853,17893.1,56.097148930807734
474,181.0,0.002442811568549197,29040.9,55.608262810430084
475,0.0,0.00028368493917219073,0.0,0
476,19.0,0.0024344515015795043,1842.52,5.085014814793703
477,0.0,2.7866889898975344e-06,0.0,0
478,95.0,0.002287314322912626,5533.14,38.328126173425204
479,1.0,0.001326463959194002,6.82121e-13,0
480,93.0,0.0016664400159621673,5232.71,38.35740581679831
481,128.0,0.0031640066791361887,14556.5,53.23760831841631
482,160.0,0.001692634892467293,4823.3,30.40295172712902
483,29.0,0.0014301287896183457,49.2342,6.157326858775302
484,2.0,0.001476387826850778,0,0
485,0.0,8.137131850516344e-05,0.0,0
486,17.0,0.001434587492002204,370.118,8.018829785149286
487,4.0,0.0015265482286690446,1640.43,4.005132597088931
488,2.0,0.0012267004933553816,5.24724,0
489,0.0,0.0004988173291926579,0.0,0
490,0.0,1.1146755959368093e-06,0.0,0
491,57.0,0.002244956650266028,2800.83,24.118709289095914
492,3.0,0.0012071936704260988,0.470317,3.0035339571720505
493,44.0,0.0025297562650341554,2599.03,14.095384664173892
494,263.0,0.002371472330407687,29374.4,56.529704567973226
495,20.0,0.0011960469144665087,369.059,10.012153705213326
496,12.0,0.0015198601750932017,206.972,8.019443157349306
497,184.0,0.0026841388350747897,17887.4,44.37197601487912
498,0.0,0.0002831276013741668,0.0,0
499,0.0,0.00014936652985886312,0.0,0
500,34.0,0.0013403974041434896,539.35,6.027219246447842
501,101.0,0.002316853226205562,14427.4,35.43604677699499
502,92.0,0.0016658826781641434,1111.64,23.055730464148386
503,32.0,0.002302919781256074,2262.17,17.32370016908469
504,0.0,0.0004570169943440838,0.0,0
505,0.0,1.1146755959368093e-06,0.0,0
506,18.0,0.001356002862486938,346.866,5.042924625970814
507,3.0,0.001452422301537637,57.9995,0
508,205.0,0.0021256863614982358,9004.16,50.13196788314983
509,0.0,0.00012038496436383994,0.0,0
510,3.0,0.0013482001333151583,12.9925,3.0086452724205075
511,0.0,0.0006225463203444193,0.0,0
512,84.0,0.001955140995316129,13373.3,38.36337762656745
513,65.0,0.0021106382409527003,4839.06,33.08463463188865
514,1.0,0.0012278151689514294,73.7054,0
515,11.0,0.001944551577154452,1758.06,9.015055056799683
516,29.0,0.0023597682366500727,1999.34,19.05105236155344
517,41.0,0.002561524519519076,2912.97,14.0078053133253
518,0.0,0.00028368493917219073,0.0,0
519,23.0,0.0019406502125686176,1239.65,16.017507690270083
520,1.0,0.0014474062613557548,0.0,0
521,3.0,0.0011074302045875895,210.386,3.00441478425365
522,125.0,0.020310504034011023,58576.9,88.13078585804901
523,0.0,1.1146755959368093e-06,0.0,0
524,156.0,0.0018308546663664549,9501.88,25.384201808807898
525,2.0,0.0013487574711131822,0,0
526,18.0,0.002555951141539281,4188.61,12.026833810460156
527,0.0,0.0006097275509908684,0.0,0
528,0.0,0.00011536892418195777,0.0,0
529,0.0,0.0004993746669906818,0.0,0
530,0.0,8.137131850516344e-05,0.0,0
531,43.0,0.0015711352525075162,1233.57,11.136936488459865
532,0.0,9.251807446475357e-05,0.0,0
533,6.0,0.0012974823936989788,1089.62,0
534,5.0,0.0013599042270727724,11.3818,3.005852976499707
535,215.0,0.004144921203582119,15852.3,42.18198840703776
536,20.0,0.002154110589195235,2325.67,14.0132795480437
537,61.0,0.0028457667964891797,5469.63,20.131326609328706
538,41.0,0.0015142867971134066,97.5928,21.04995319710153
539,60.0,0.0017071256752146935,3139.73,26.372944409973858
540,1.0,0.001008224076546993,0.352258,0
541,241.0,0.002045429718589009,16561.5,50.34582613444087
542,17.0,0.0015911994132347118,202.744,8.03278535235725
543,29.0,0.0015321216066488397,1937.89,12.170838133149012
544,13.0,0.002543689709983754,2285.06,12.015035715274045
545,96.0,0.0019657304134778064,5647.08,42.26826354551275
546,96.0,0.0024143873408521976,6515.07,29.159130449352876
547,9.0,0.0014869772450123442,81.4402,6.053046865026874
548,29.0,0.0016274263701034908,886.574,14.04927192425966
549,0.0,0.00038121905381871546,0.0,0
550,71.0,0.001397803197335512,253.653,25.0503161173611
551,13.0,0.0016073622093761841,18.8077,9.030508762497243
552,4.0,0.0016653253403662305,81.1644,3.006751285931653
553,2.0,0.001152574566223974,15.1682,0
554,114.0,0.0020381843272152533,5398.58,58.144081180419185
555,0.0,0.0004988173291926579,0.0,0
556,164.0,0.00251303613109477,7924.39,32.12851236478265
557,0.0,0.0001488091920608392,0.0,0
558,3.0,0.0012813195975575065,0.0830918,0
559,39.0,0.0015220895262851863,1523.12,20.287166859824598
560,247.0,0.002419403381033969,12547.6,31.523851269459442
561,7.0,0.0014301287896183457,15.9844,6.014156292055922
562,6.0,0.0022538740550337444,1350.1,5.00670835926327
563,0.0,0.00038121905381871546,0.0,0
564,0.0,0.00011982762656581603,0.0,0
565,0.0,0.0005539937711928067,0.0,0
566,40.0,0.0017383365919017013,2367.46,22.126951691957807
567,2.0,0.001140313134668447,0,0
568,157.0,0.0019406502125686176,7475.47,29.788507579330894
569,2.0,0.001325906621395978,37.3638,0
570,16.0,0.0011676226867695094,154.66,5.006210170027812
571,0.0,0.0002831276013741668,0.0,0
572,42.0,0.001842558760124069,2948.08,17.32414247336116
573,11.0,0.0016458185174368367,23.7091,5.086594990791852
574,2.0,0.001998613343558664,1506.59,0
575,78.0,0.0024745798230341176,7057.24,22.452674495349832
576,1.0,0.0011731960647493045,0.0414915,0
577,3.0,0.001488649258406305,8.38075,3.0022213040862327
578,0.0,0.00028702896596000116,0.0,0
579,1.0,0.0011620493087897144,9.09495e-13,0
580,14.0,0.0017366645785077406,790.641,5.002260123582546
581,35.0,0.0018341986931543763,2665.78,16.01009490301184
582,48.0,0.001920028714043398,1824.6,21.050603792366047
583,0.0,0.00028368493917219073,0.0,0
584,8.0,0.0014618970441032664,297.183,4.007247914998948
585,178.0,0.002177518776710463,12777.2,64.24325474330642
586,2.0,0.0013732803342243471,12.1615,2.009996663081991
587,27.0,0.0018743270146089896,2142.9,14.598101504078763
588,3.0,0.0014418328833759597,27.5865,3.003330559926967
589,66.0,0.001811905181235085,6785.98,34.081177182230334
590,3.0,0.0016513918954166318,1.47834,0
591,31.0,0.0015895273998408621,2354.07,17.278696245524788
592,12.0,0.0016547359222045532,411.982,7.015491082094942
593,38.0,0.0016998802838410487,1433.43,19.048365962596343
594,60.0,0.00192671676761913,3989.79,21.25062079431627
595,85.0,0.0018068891410533139,6496.5,31.12471634802519
596,2.0,0.0012562393966484287,8.55341,0
597,187.0,0.004940799579098543,46951.2,77.36986635669061
598,139.0,0.0016296557212954754,1969.15,19.40933241395787
599,35.0,0.0015087134191336116,196.84,20.072951721428087
600,10.0,0.001608476884972121,222.294,6.027507227308718
601,3.0,0.001307514474062632,8.84052,3.021183120258201
602,40.0,0.0017561714014370233,2073.14,13.263564687712533
603,0.0,0.00016608666379824832,0.0,0
604,457.0,0.001889932472952438,16099.1,68.85901705960022
605,16.0,0.002197025599639746,2222.92,8.015334694128484
606,12.0,0.0017071256752146935,1815.0,7.0408858221585575
607,1.0,0.001278532908567609,2.27374e-13,0
608,80.0,0.001950124955134358,5820.26,33.076703662190766
609,4.0,0.0016463758552348606,21.578,3.007049720697143
610,4.0,0.0015917567510327357,0,0
611,4.0,0.0016402451394570416,0.0564548,4.010389801391578
612,0.0,0.00028479961476812754,0.0,0
613,1.0,0.0011849001585069185,0.111111,0
614,114.0,0.0030558831463278757,12498.0,47.06252133645778
615,15.0,0.0018514761648917855,1220.81,13.027144565326536
616,394.0,0.0032247564991160216,31248.0,60.331575466024816
617,1.0,0.0010098960899409537,4.54747e-13,0
618,27.0,0.001326463959194002,7.62863,9.02482209796845
619,81.0,0.0022098443689932967,2801.64,21.016471668642755
620,108.0,0.0029483169513176977,9178.89,32.083340071361135
621,6.0,0.0013063997984666953,3.88453,5.004348113499314
622,0.0,0.0002441139555154903,0.0,0
623,12.0,0.0013298079859818124,45.0817,9.004572601314987
624,45.0,0.0038027157956219693,5001.4,8.004624636710947
625,157.0,0.0025470337367715645,32186.8,51.547189652683166
626,22.0,0.0024255340968117878,2355.7,13.097067036989198
627,0.0,0.00021401771442453033,0.0,0
628,6.0,0.0016419171528510024,145.498,4.009032556958475
629,0.0,0.0001794627709498231,0.0,0
630,19.0,0.0009413435407893411,2.41585e-13,10.00576100786923
631,18.0,0.0016240823433156804,433.416,9.016716553107242
632,0.0,1.6720133939607251e-06,0.0,0
633,12.0,0.0016396878016591288,12.1352,8.010616980272284
634,20.0,0.001602346169194413,161.381,9.009438410618106
635,13.0,0.0013292506481838995,270.523,8.011659242402665
636,0.0,0.0002719808454145767,0.0,0
637,397.0,0.005878241755301938,55684.3,137.5835800766758
638,118.0,0.0021095235653567634,11956.1,39.604141573826745
639,90.0,0.0018397720711341714,6412.62,30.920466454214555
640,2.0,0.0015867407108509646,9.91299,0
641,101.0,0.0020565764745485993,5411.93,38.28699200508565
642,20.0,0.0020838860266496617,1522.45,5.142046880207111
643,138.0,0.0022538740550337444,16438.1,65.1595763574413
644,13.0,0.0017205017823662683,1015.01,11.049624175134166
645,60.0,0.0014970093253759975,434.927,17.203951330754258
646,1.0,0.0011174622849512428,0.172678,0
647,17.0,0.0009424582163852779,2.84217e-13,10.023232080084115
648,21.0,0.001517630823901328,1118.5,9.037066446532924
649,0.0,0.00035669619070766156,0.0,0
650,5.0,0.0015332362822447765,51.8989,3.0073125716326277
651,186.0,0.0030469657415602702,15678.5,58.4385505967258
652,0.0,0.00016162796141439006,0.0,0
653,107.0,0.002413272665256261,9436.18,44.23377630560464
654,21.0,0.0010656298697390154,4.66738e-13,19.019527493199732
655,0.0,1.1146755959368093e-06,0.0,0
656,2.0,0.0009446875675772626,6.46195,0
657,25.0,0.0016073622093761841,1497.33,12.192383789080424
658,10.0,0.0015031400411538165,399.411,6.016115249632931
659,7.0,0.0014195393714567794,46.4813,4.004962170283408
660,0.0,0.00016162796141439006,0.0,0
661,4.0,0.0012250284799615319,4.2928,0
662,0.0,0.00018392147333357034,0.0,0
663,0.0,1.1146755959368093e-06,0.0,0
664,1.0,0.0007880756463446437,5.93946,0
665,5.0,0.00146412639529514,120.057,5.00313524807451
666,22.0,0.001494779974184124,795.23,10.058859625885065
667,0.0,1.1146755959368093e-06,0.0,0
668,1.0,0.0013281359725878517,1.8997,0
669,0.0,1.1146755959368093e-06,0.0,0
670,0.0,1.1146755959368093e-06,0.0,0
671,0.0,1.1146755959368093e-06,0.0,0
672,52.0,0.0019423222259625783,3553.7,29.039654621355496
673,28.0,0.0018492468136998008,1291.54,18.04268306269982
674,11.0,0.0012852209621433408,13.435,0
675,6.0,0.0014435048967699204,307.186,5.005971677184173
676,1.0,0.0014986813387699582,0.00653262,0
677,20.0,0.0016051328581843105,159.06,11.049750352274627
678,405.0,0.0035480124219448017,29445.6,78.69482516728216
679,2.0,0.001128051703112809,5.11177,2.0122055950313005
680,187.0,0.0017009949594369855,5196.3,41.48079383800473
681,0.0,0.00035502417731370084,0.0,0
682,143.0,0.0024924146325694396,11348.3,23.32049197826331
683,0.0,0.00016664400159616122,0.0,0
684,1.0,0.000954162310142892,4.54747e-13,0
685,110.0,0.0020788699864678906,2984.97,34.162529261414136
686,126.0,0.003072603280267372,16100.2,59.09247599308214
687,6.0,0.0012283725067493423,138.852,4.0281652216593775
688,6.0,0.001854262853881683,2536.78,2.0124267396226325
689,0.0,0.00021011634983869598,0.0,0
690,0.0,0.0001655293260002244,0.0,0
691,0.0,0.00016218529921241398,0.0,0
692,0.0,0.00016218529921241398,0.0,0
693,0.0,0.00016218529921241398,0.0,0
694,0.0,0.00016218529921241398,0.0,0
695,4.0,0.0016313277346893251,4.54747e-13,0
696,162.0,0.004290386368855037,17773.5,62.693736015225916
697,3.0,0.0014239980738405267,4.1521,0
698,10.0,0.001824166612790723,1047.24,7.0075812190761315
699,23.0,0.0016107062361641056,438.413,14.108996393971605
700,100.0,0.0028100971774184247,9151.53,40.21392603874792
701,0.0,0.00020955901204067207,0.0,0
702,0.0,0.00018949485131347643,0.0,0
703,325.0,0.00321026571636851,33725.4,101.62679527080311
704,15.0,0.0011804414561230603,6.90606,8.005407459640278
705,65.0,0.0021284730504881333,5506.58,21.08390230608052
706,0.0,0.0006203169691524346,0.0,0
707,68.0,0.0026323064198626733,5655.04,26.132384659965243
708,4.0,0.0014290141140224089,0.852229,3.003973524435376
709,39.0,0.002035397638225356,3829.73,24.01596452353694
710,130.0,0.0032726875497424146,12317.3,29.362904485639017
711,98.0,0.002574900626670651,10064.7,24.275318705323755
712,446.0,0.009299738497105192,46392.4,148.41840091267306
713,46.0,0.002819571919984165,5348.04,25.132956973268783
714,2.0,0.0011692947001633591,5.30953,0
715,9.0,0.0016012314935983651,360.744,4.01382893365132
716,0.0,1.1146755959368093e-06,0.0,0
717,0.0,1.1146755959368093e-06,0.0,0
718,83.0,0.0018018731008714317,8271.23,35.365430125193086
719,10.0,0.0013114158386484664,6.35118,3.006607701359348
720,22.0,0.0018197079104068647,2147.89,10.055159228353153
721,0.0,0.00021401771442453033,0.0,0
722,3.0,0.0011425424858603206,0.013245,0
723,14.0,0.0015566444697600046,101.681,4.018317206600793
724,137.0,0.003131681086853244,8441.01,32.339224735112566
725,26.0,0.0015070414057396508,656.298,8.157467275959212
726,22.0,0.0016959789192551034,471.131,11.037241922108068
727,47.0,0.001512057445921533,151.571,14.99682372528876
728,0.0,0.0005656978649503097,0.0,0
729,0.0,1.1146755959368093e-06,0.0,0
730,6.0,0.0015410390114165562,55.7481,4.0238354236917715
731,6.0,0.0013894431303658195,80.1814,6.009041475604261
732,235.0,0.00158451135965898,2332.3,64.75373721024238
733,47.0,0.0015761512926892873,727.41,9.040751301959624
734,20.0,0.001728304511538048,1331.06,8.004047748553047
735,1.0,0.0012685008282039556,0.885434,0
736,1.0,0.0012105376972140203,2.27374e-13,0
737,20.0,0.0019350768345888225,1760.61,8.017425266030106
738,31.0,0.0018670816232352339,917.319,18.017375606957813
739,7.0,0.0014925506229921393,324.773,5.007670502194186
740,77.0,0.0016987656082450009,1412.11,15.674663903544484
741,0.0,0.00022349245699027076,0.0,0
742,0.0,0.0006086128753948206,0.0,0
743,0.0,0.0005629111759604122,0.0,0
744,0.0,0.0002190337546064125,0.0,0
745,1.0,0.0010221575214964806,2.27374e-13,0
746,2.0,0.0016369011126692312,0,2.0146664868410187
747,0.0,0.0003221412472328433,0.0,0
748,32.0,0.001511500108123509,1470.97,17.042079852457142
749,0.0,1.1146755959368093e-06,0.0,0
750,4.0,0.001110216893577487,24.2497,0
751,23.0,0.0017623021172148423,913.66,12.006593718437394
752,154.0,0.0017628594550127552,10725.1,38.07194056853932
753,18.0,0.0016101488983660817,266.519,12.139471084050225
754,10.0,0.0016056901959822234,312.774,8.007644435043282
755,0.0,0.00018447881113159426,0.0,0
756,6.0,0.0015505137539821856,14.0957,3.005099983834305
757,128.0,0.001518188161699352,5409.69,34.48097076788929
758,0.0,0.0002190337546064125,0.0,0
759,17.0,0.001446291585759818,67.8208,9.017296845373329
760,19.0,0.0017567287392350472,1715.02,6.536293623345397
761,35.0,0.0023497361562864194,4474.08,20.11584732713019
762,0.0,0.00021290303882859352,0.0,0
763,0.0,0.0004993746669906818,0.0,0
764,80.0,0.003449363631702229,12733.4,28.031386103532608
765,56.0,0.0016870615144873868,2308.38,12.30059930830198
766,5.0,0.001230044520143303,0.31149,4.014177380280385
767,143.0,0.002484054565599747,8283.82,41.677604874734584
768,0.0,0.00045144361636428876,0.0,0
769,229.0,0.0016837174876995764,8737.1,89.5799992020064
770,21.0,0.0015009106899619429,955.563,12.020251711743676
771,0.0,0.0005021613559805793,0.0,0
772,1.0,0.001608476884972121,0.0,0
773,10.0,0.001644146504042876,489.816,4.038452422332964
774,0.0,0.00024355661771757742,0.0,0
775,6.0,0.0014251127494365745,295.313,5.006815084365549
776,62.0,0.002004186721538459,3571.96,34.21283304253151
777,16.0,0.0020905740802253936,2461.03,14.045942478048856
778,31.0,0.003600959512752966,5376.07,18.070595207778513
779,8.0,0.0011107742313753999,0,2.065827174305558
780,57.0,0.0016575226111944508,6083.36,37.02349490555914
781,14.0,0.0017199444445682444,474.951,8.009000583268621
782,167.0,0.002842980107499282,18793.9,41.617171266887915
783,0.0,0.000708376341233441,0.0,0
784,12.0,0.002058805825740584,868.288,6.039239281065715
785,3.0,0.0013069571362646082,119.792,2.011348804524241
786,18.0,0.0026127995969332796,1955.62,9.015710987147266
787,17.0,0.001607919547174208,953.557,7.210897693655707
788,1.0,0.001097955462021849,0,0
789,4.0,0.0015750366170933505,17.1769,3.00247794012616
790,2.0,0.0014412755455779358,0.0,0
791,106.0,0.0018498041514978247,5535.87,28.496923591533722
792,34.0,0.001727747173740024,1343.38,18.01349083543258
793,22.0,0.002346949467296522,2337.86,14.149560704977873
794,8.0,0.0015683485635175076,307.71,7.006753139571675
795,1.0,1.1146755959368093e-06,0.0,0
796,46.0,0.0058776844175040255,11367.7,38.03781067666987
797,3.0,0.0016118209117600424,78.5237,0
798,62.0,0.0019111113092756815,5123.73,19.047661331015455
799,89.0,0.0017678754951946374,1448.73,18.083164530242197
800,47.0,0.0016809307987096789,849.796,11.066207095476312
801,13.0,0.0015767086304873112,212.366,8.015279973354462
802,0.0,1.1146755959368093e-06,0.0,0
803,0.0,0.0004988173291926579,0.0,0
804,19.0,0.0018938338375382724,473.556,10.192607105705726
805,1.0,0.0014334728164062671,4.54747e-13,0
806,1.0,0.0002636207784448841,0.0,0
807,3.0,0.002514150806690707,1635.74,0
808,174.0,0.0023675709658218524,9530.47,57.52783087019198
809,161.0,0.0016335570858813098,2470.92,26.723896990651568
810,4.0,0.001134182418890628,4.6963,0
811,16.0,0.001235617898123098,268.291,6.002604937104686
812,0.0,0.0003845630806066369,0.0,0
813,47.0,0.0029600210450752007,5453.82,10.363910825041133
814,45.0,0.002106179538568842,3714.25,18.102025050023745
815,0.0,0.00033997605676816534,0.0,0
816,37.0,0.0021524385758012743,4559.66,18.024293508535013
817,15.0,0.0015404816736185323,312.949,8.002232979300569
818,9.0,0.0025827033558423196,1917.33,5.01385236642098
819,0.0,0.00018169212214169672,0.0,0
820,35.0,0.001571692590305429,273.356,7.078925500868989
821,49.0,0.002135161104063865,3998.8,12.745198460095018
822,222.0,0.002724267156529403,18450.7,50.457490039315616
823,17.0,0.0015990021424064915,437.686,8.024176074139648
824,0.0,0.0003672856088692278,0.0,0
825,10.0,0.0012261431555574687,0,5.134119354497786
826,1.0,0.0008766923562235629,0,0
827,3.0,0.0007145070570111489,2.14495,0
828,1.0,0.001044451033415772,0.0,0
829,114.0,0.002267807499983232,4837.38,26.395439269693806
830,68.0,0.0025397883453978087,7114.6,25.19180803530902
831,1.0,0.000984258551233852,7.62142,0
832,0.0,0.0002262791459801683,0.0,0
833,154.0,0.0018804577303866976,9174.48,36.398551031434835
834,96.0,0.003708525707763255,8375.28,22.648486781358383
835,2.0,0.0012696155037998924,1.64596,0
836,1.0,0.0008722336538397046,0,0
837,10.0,0.0014368168431940775,85.5672,8.013080022755602
838,0.0,0.0005723859185261526,0.0,0
839,97.0,0.0028218012711760387,20551.4,55.18533755499584
840,21.0,0.001969074440265617,1885.12,12.036525920102111
841,3.0,0.0014507502881436762,7.78076,0
842,139.0,0.005508726795240726,13241.4,35.066184623689395
843,0.0,0.0006805094513343546,0.0,0
844,4.0,0.0008945271657589959,4.54747e-13,0
845,7.0,0.0015533004429720831,25.6212,4.0025733978835385
846,63.0,0.0017851529669320465,6534.83,30.011823273726833
847,2.0,0.001410064628891039,8.51697,0
848,0.0,0.0004988173291926579,0.0,0
849,0.0,0.00025526071147519147,0.0,0
850,29.0,0.0015560871319619807,158.556,8.23459521810688
851,33.0,0.0027627234645900556,4331.09,18.022764890017182
852,16.0,0.0016586372867903876,1504.1,10.199455774006193
853,0.0,0.00027699688559634783,0.0,0
854,0.0,0.0003845630806066369,0.0,0
855,15.0,0.0019155700116595398,1083.84,9.012340671974517
856,4.0,0.001248436667476649,0.053303,0
857,3.0,0.0014440622345678333,2.24899,0
858,73.0,0.0015588738209518782,1245.88,35.04172550470745
859,0.0,0.0002803409123842693,0.0,0
860,4.0,0.0015594311587499021,13.8564,3.004902242191581
861,0.0,0.0006727067221626859,0.0,0
862,0.0,0.000557895135778641,0.0,0
863,16.0,0.0012768608951736482,452.627,8.02796434508099
864,8.0,0.0015572018075579175,34.7788,6.011445952139832
865,5.0,0.0014022618997193703,26.3444,0
866,1.0,0.0002736528588085374,0.0,0
867,39.0,0.0021931242350539115,2605.67,8.051631992096187
868,3.0,0.0012345032225271613,5.68434e-13,0
869,13.0,0.0015081560813356987,1055.47,8.043065603167319
870,199.0,0.002785016976509347,7977.73,75.33420581500253
871,0.0,0.00037062963565714924,0.0,0
872,12.0,0.0012712875171938531,50.0048,6.014642309439873
873,18.0,0.0016073622093761841,519.518,11.021972123924456
874,0.0,0.0007005736120616612,0.0,0
875,4.0,0.0012618127746282237,9.09495e-13,4.005378416483055
876,0.0,0.0002803409123842693,0.0,0
877,101.0,0.0018046597898613292,8907.93,35.33095548137413
878,0.0,1.1146755959368093e-06,0.0,0
879,0.0,0.0002814555879802061,0.0,0
880,20.0,0.0034471342805103555,5688.12,10.080922149017185
881,9.0,0.001745581983275457,1492.52,8.003681265817464
882,7.0,0.0015098280947295484,766.095,6.0029751572272465
883,109.0,0.001590084737638775,1876.99,14.181095433498564
884,2.0,0.0013359387017596314,0.0836293,0
885,3.0,0.001211652372809957,257.295,0
886,0.0,0.0004993746669906818,0.0,0
887,0.0,0.0002831276013741668,0.0,0
888,0.0,0.0002831276013741668,0.0,0
889,0.0,0.000557895135778641,0.0,0
890,0.0,0.0002831276013741668,0.0,0
891,0.0,0.0002831276013741668,0.0,0
892,9.0,0.0015154014727093434,89.5158,8.005619576084523
893,0.0,0.0002831276013741668,0.0,0
894,0.0,0.0002831276013741668,0.0,0
895,0.0,0.00028368493917219073,0.0,0
896,0.0,0.00028368493917219073,0.0,0
897,3.0,0.0014501929503456523,82.2179,0
898,11.0,0.001499796014365895,177.934,9.139600453970557
899,0.0,0.00035502417731370084,0.0,0
900,14.0,0.0015315642688508158,184.701,7.010121864945427
901,0.0,0.00028368493917219073,0.0,0
902,7.0,0.0013665922806486153,245.175,6.006707190582457
903,0.0,0.00028368493917219073,0.0,0
904,0.0,0.00028368493917219073,0.0,0
905,0.0,0.00028368493917219073,0.0,0
906,0.0,0.00028535695256604043,0.0,0
907,11.0,0.0013727229964263232,292.785,8.009006581143993
908,0.0,0.0003834484050107001,0.0,0
909,0.0,0.00028479961476812754,0.0,0
910,0.0,0.00028479961476812754,0.0,0
911,28.0,0.0014864199072144313,903.329,12.022085308146481
912,70.0,0.00171604307998241,4439.14,23.20685159429442
913,0.0,0.00045144361636428876,0.0,0
914,45.0,0.0013532161734970405,835.656,19.035579500083468
915,0.0,0.00029371701953584406,0.0,0
916,1.0,0.0011832281451129578,6.18574,0
917,1.0,0.000882265734203358,0.0,0
918,39.0,0.002057691150144536,6445.03,26.063922900278172
919,5.0,0.001583954021861067,0,0
920,8.0,0.0013270212969919148,101.086,0
921,0.0,0.0002892583171519858,0.0,0
922,8.0,0.0014334728164062671,44.9392,4.008124542849191
923,18.0,0.0016218529921236957,324.936,7.016591004433369
924,2.0,0.001487534582810368,542.0,0
925,19.0,0.002934383506368099,3169.09,7.03175406484819
926,3.0,0.0015287775798609182,10.334,0
927,107.0,0.002754363397620363,11540.3,36.21923170519708
928,0.0,0.00030876514008126854,0.0,0
929,0.0,0.0003065357888893949,0.0,0
930,0.0,0.0004570169943440838,0.0,0
931,8.0,0.0012813195975575065,13.465,2.0108936620604707
932,30.0,0.0021808628034982735,1755.19,10.042368855553189
933,22.0,0.0019607143732959242,1205.84,7.006832813466072
934,1.0,0.0011481158638401157,6.82121e-13,0
935,1.0,0.0011787694427290996,2.27374e-13,0
936,0.0,0.00029538903292969376,0.0,0
937,45.0,0.003396973878692089,7701.9,19.036170627454325
938,32.0,0.00214853721121544,3502.27,23.01938116054844
939,25.0,0.001968517102467704,2362.94,14.039387869153876
940,4.0,0.0011854574963048314,4.54636e-13,0
941,46.0,0.0015733646036993898,936.693,20.170624026798652
942,7.0,0.0015053693923456901,106.389,7.004217040626999
943,24.0,0.0014390461943860622,20.293,13.336684734969513
944,1.0,0.0011068728667895655,0.0,0
945,0.0,7.802729171724199e-05,0.0,0
946,0.0,7.802729171724199e-05,0.0,0
947,0.0,0.00030876514008126854,0.0,0
948,27.0,0.0015165161483053913,742.163,15.033493691697396
949,140.0,0.0024327794881855436,11299.2,36.402437046735045
950,1.0,0.0011291663787088568,1.36424e-12,0
951,11.0,0.0018447881113159426,1375.41,8.019950364515536
952,6.0,0.0012272578311534055,0,6.02325336190583
953,15.0,0.0013103011630525296,445.733,5.008084693536533
954,0.0,0.00030319176210147347,0.0,0
955,1.0,0.0010895953950521564,1.01269,0
956,0.0,0.000557895135778641,0.0,0
957,24.0,0.002117326294528543,1732.09,4.082140738986114
958,7.0,0.0014830758804265098,69.2861,0
959,0.0,0.0006688053575767405,0.0,0
960,1.0,0.0011988336034564062,44.3366,0
961,4.0,0.0012763035573757353,313.97,3.003052983423455
962,13.0,0.0013816404011940397,196.517,7.030242529604702
963,24.0,0.002243284636872178,3804.98,14.043596848859394
964,4.0,0.0012083083460220356,5.68434e-13,2.011650642289859
965,41.0,0.0015828393462650192,1806.3,12.06451197678773
966,40.0,0.002015890815296073,1646.44,15.013944116015548
967,1.0,1.1146755959368093e-06,0.0,0
968,89.0,0.002681909483882916,7755.83,33.100862964755656
969,33.0,0.0012556820588504047,1339.38,11.005858095018906
970,19.0,0.0024104859762663633,2876.74,8.101858812282154
971,1.0,0.0008778070318194997,0,0
972,20.0,0.0022237778139427844,1410.22,6.142378031644224
973,7.0,0.0015789379816791849,95.2151,3.0563381587123772
974,30.0,0.001590084737638775,2101.6,19.584612544380544
975,0.0,0.00034164807016212606,0.0,0
976,1.0,0.0012551247210523808,4.54747e-13,0
977,9.0,0.0021078515519628027,2736.2,7.0091004154406775
978,2.0,0.0014841905560224466,0.0,0
979,25.0,0.001571692590305429,130.492,12.121073030334243
980,6.0,0.0014362595053961646,5.14694,3.0046597502071903
981,0.0,0.00033328800319243346,0.0,0
982,50.0,0.0018135771946290458,1959.34,9.187426400232514
983,17.0,0.0014981240009720453,404.921,7.012940592241563
984,7.0,0.0015945434400226333,171.44,3.0077522490380906
985,129.0,0.0015828393462650192,2245.27,48.80991541285464
986,0.0,0.0007156217326071967,0.0,0
987,11.0,0.001434587492002204,388.919,5.033419677238777
988,0.0,0.0003522374883238033,0.0,0
989,37.0,0.0016931922302652058,2280.83,12.076077439183841
990,33.0,0.002538673669801872,3521.11,16.03417111059483
991,15.0,0.0014173100202647948,1031.28,9.032242684275834
992,41.0,0.0014719291244669197,1503.86,16.011371319143688
993,39.0,0.0016251970189116172,3116.94,23.02442134091445
994,33.0,0.0015616605099417757,926.164,9.024368888551402
995,15.0,0.001229487182345279,194.715,9.06500099727551
996,36.0,0.001800201087477471,1218.87,8.026582576400962
997,13.0,0.0014189820336587555,55.7162,8.17086802265817
998,17.0,0.00133259467497171,321.182,6.198700370366054
999,52.0,0.0032554100780050055,7265.5,34.03214428514051
1000,3.0,0.0012701728415979163,0.195994,2.021364888145095
1001,13.0,0.0015833966840630431,376.029,5.009283464685649
1002,2.0,0.0012406339383049803,1.1766,0
1003,72.0,0.001620738316527759,5619.42,27.374369253136546
1004,7.0,0.0015388096602245716,127.493,6.016394288499667
1005,17.0,0.0013788537122041422,1619.51,8.124464572343198
1006,0.0,0.0003199118960408587,0.0,0
1007,2.0,0.001248436667476649,1.15621,2.0147442639408766
1008,17.0,0.0011553612552138715,250.291,8.001657495371914
1009,1.0,0.0011804414561230603,0,0
1010,0.0,0.0003455494347479604,0.0,0
1011,0.0,0.0005216681789098621,0.0,0
1012,46.0,0.0029193353858226745,3408.65,18.018809507047298
1013,21.0,0.0027978357458628977,3498.16,13.08858408382249
1014,0.0,0.0006437251566676627,0.0,0
1015,0.0,0.00041856068628343124,0.0,0
1016,1.0,0.001415638006870834,0,0
1017,48.0,0.002557065817135218,7337.59,32.043511998406515
1018,14.0,0.0014173100202647948,206.695,8.041750924409758
1019,0.0,0.0004977026535967211,0.0,0
1020,40.0,0.0019785491828313573,9535.25,21.042524159043474
1021,3.0,0.0015510710917802095,23.489,3.009995586913735
1022,25.0,0.0019272741054171538,1638.36,11.026118163006595
1023,0.0,0.0005651405271523968,0.0,0
1024,2.0,0.0012071936704260988,16.4644,0
1025,53.0,0.00251303613109477,5184.02,21.019806028996257
1026,0.0,0.0007000162742637484,0.0,0
1027,2.0,0.001182113469517021,0,0
1028,26.0,0.0015555297941639568,1690.16,15.01657669917293
1029,2.0,0.0005238975301018467,0.0,0
1030,22.0,0.002999034690933877,3435.24,10.01699638323602
1031,71.0,0.001656407935598514,3451.07,8.037834159521788
1032,116.0,0.00285524153905492,15150.4,42.13993710781285
1033,88.0,0.0035619458668944004,5346.96,18.13867450353727
1034,1.0,0.0012194551019816258,83.7669,0
1035,40.0,0.0015934287644266965,3656.11,16.009186065420188
1036,23.0,0.0016664400159621673,683.851,15.012893333739104
1037,21.0,0.001410064628891039,55.4853,13.033733213956879
1038,46.0,0.002045429718589009,3743.26,14.09149299647966
1039,6.0,0.001284106286547404,201.081,4.572870090900706
1040,20.0,0.0017990864118815342,1079.62,6.043119987184019
1041,140.0,0.002286199647316689,7578.96,41.29081922693898
1042,98.0,0.001391672481557693,660.457,9.045995058650837
1043,22.0,0.001254567383254468,13.3095,4.653456102567819
1044,12.0,0.0013052851228706475,243.574,6.015315352087563
1045,2.0,0.0014814038670325491,0,0
1046,1.0,0.0011888015230927529,2.13201,0
1047,0.0,0.0003293866386065991,0.0,0
1048,15.0,0.0015293349176589421,506.114,8.08547772705521
1049,12.0,0.002640109149034342,3741.74,9.026452013877854
1050,1.0,0.001313645189840451,11.2513,0
1051,66.0,0.002351965507478404,3795.75,26.057179203474796
1052,0.0,0.0006437251566676627,0.0,0
1053,7.0,0.001236175235921122,26.3965,5.009131726852789
1054,0.0,0.00035000813713181866,0.0,0
1055,31.0,0.0014540943149314867,663.555,11.056712713828171
1056,0.0,0.00035669619070766156,0.0,0
1057,7.0,0.0012746315439817746,39.1512,0
1058,23.0,0.001475830489052754,193.435,7.004178604364039
1059,24.0,0.0014574383417194081,1735.33,10.020377727240604
1060,1.0,0.0007702408368092106,2.27374e-13,0
1061,13.0,0.0026200449883070354,3493.31,11.15278790468818
1062,1.0,0.0014992386765679822,0,0
1063,9.0,0.0015505137539821856,5.68434e-13,6.00528807905497
1064,7.0,0.0012690581660019795,122.109,4.003473244220745
1065,22.0,0.0014507502881436762,276.661,8.083128844070773
1066,0.0,0.0003578108663035984,0.0,0
1067,34.0,0.0016396878016591288,1039.58,11.022751068672015
1068,40.0,0.0019830078852152155,1492.08,20.022352279987306
1069,8.0,0.0014228833982445899,46.506,3.008039994212619
1070,6.0,0.0014663557464871246,26.9614,3.013968627646258
1071,83.0,0.001727747173740024,7630.44,23.19374418622307
1072,0.0,0.00037174431125308605,0.0,0
1073,2.0,0.0011598199575977297,222.669,0
1074,6.0,0.0012378472493150827,43.1789,5.000965556590337
1075,4.0,0.0015800526572751217,683.389,4.008671790602064
1076,1.0,0.0013593468892748595,4.54747e-13,0
1077,5.0,0.0013058424606686714,9.09495e-13,2.040319117964438
1078,78.0,0.0012032923058402645,987.323,13.020890535761799
1079,5.0,0.0013883284547697716,79.0336,3.0155545405873756
1080,2.0,0.0011893588608906658,4.2443,0
1081,2.0,0.0003739736624450707,0.0,0
1082,14.0,0.0013487574711131822,683.424,11.042579352471467
1083,0.0,0.0003750883380410075,0.0,0
1084,0.0,0.0003750883380410075,0.0,0
1085,0.0,0.0003750883380410075,0.0,0
1086,24.0,0.0008187292252336276,0,13.181897722537869
1087,0.0,1.1146755959368093e-06,0.0,0
1088,18.0,0.0008086971448699742,0,6.004076778102609
1089,1.0,0.00046537706131388745,2.0,0
1090,1.0,0.0009446875675772626,691.0,0
1091,0.0,0.0004993746669906818,0.0,0
1092,19.0,0.0021279157126901094,1976.22,11.106740272068256
1093,1.0,0.0011018568266077944,3.12963,0
1094,0.0,0.0003756456758389204,0.0,0
1095,0.0,0.00036338424428339344,0.0,0
1096,39.0,0.0019462235905484127,1710.19,17.096229113881023
1097,0.0,0.00033941871897025244,0.0,0
1098,1.0,0.001271844854991877,2.27374e-13,0
1099,8.0,0.0013766243610122686,113.691,5.007396046208421
1100,41.0,0.0014780598402447387,376.74,15.042791785126594
1101,1.0,0.0010048800497590715,0.572438,0
1102,17.0,0.0015454977138003034,1283.29,10.013659218930734
1103,5.0,0.0012110950350119332,47.6759,3.0338297096830718
1104,39.0,0.0014061632643052047,898.596,9.016677379653837
1105,0.0,0.0003617122308894327,0.0,0
1106,3.0,0.0012200124397796497,61.0863,3.0044092687902295
1107,0.0,0.0003979391877582117,0.0,0
1108,0.0,0.0005539937711928067,0.0,0
1109,17.0,0.0014780598402447387,315.138,10.006555375858488
1110,14.0,0.0015070414057396508,339.724,8.011697386828674
1111,0.0,0.0003834484050107001,0.0,0
1112,283.0,0.002255546068427705,14795.4,69.90041793279713
1113,5.0,0.001500353352163919,6.82121e-13,4.002357479665596
1114,0.0,0.00038679243179862155,0.0,0
1115,0.0,0.0003979391877582117,0.0,0
1116,27.0,0.0015293349176589421,1098.45,13.030163953463136
1117,100.0,0.0015828393462650192,5088.82,36.45764964098683
1118,2.0,0.0008070251314760135,0,0
1119,5.0,0.001211652372809957,5.11591e-13,4.096423871747301
1120,6.0,0.001445734247961794,92.6043,3.004129832600295
1121,0.0,0.00045868900773804455,0.0,0
1122,11.0,0.0013576748758808987,19.1136,3.004849123652938
1123,2.0,0.00136269091606267,5.77806,0
1124,0.0,0.0003990538633541485,0.0,0
1125,13.0,0.0012467646540826882,46.6546,4.014537740198332
1126,102.0,0.004119841002673041,16791.6,61.026262452853054
1127,3.0,0.0013654776050525674,1.13687e-13,0
1128,1.0,0.0012211271153755865,9.09495e-13,0
1129,16.0,0.0013459707821232847,1947.86,8.00516202017564
1130,7.0,0.0013732803342243471,295.217,4.007933401883165
1131,42.0,0.0016603093001843483,1660.19,17.040674094122434
1132,0.0,0.00038679243179862155,0.0,0
1133,0.0,0.0003979391877582117,0.0,0
1134,0.0,0.0003979391877582117,0.0,0
1135,97.0,0.0019233727408312085,3485.69,31.403055237842512
1136,6.0,0.0014992386765679822,309.079,3.0200756699641893
1137,94.0,0.0018107905056391482,5190.95,15.343692638129399
1138,0.0,0.0004391821848087618,0.0,0
1139,1.0,0.0007986650645063209,4.54747e-13,0
1140,0.0,0.0004062992547279043,0.0,0
1141,44.0,0.0023976672069128124,7256.24,24.01244709894926
1142,0.0,0.0003979391877582117,0.0,0
1143,0.0,0.0004007258767481092,0.0,0
1144,0.0,0.0003984965255561246,0.0,0
1145,2.0,0.0012467646540826882,17.4623,0
1146,0.0,0.0003979391877582117,0.0,0
1147,0.0,0.0003979391877582117,0.0,0
1148,0.0,0.0007005736120616612,0.0,0
1149,0.0,0.0003979391877582117,0.0,0
1150,0.0,0.0003979391877582117,0.0,0
1151,0.0,0.0003979391877582117,0.0,0
1152,44.0,0.0013175465544262854,407.942,6.289375399264318
1153,5.0,0.0014780598402447387,2.27374e-13,3.003351827555705
1154,1.0,0.00078584629515277,0.0,0
1155,0.0,0.0005227828545057989,0.0,0
1156,0.0,0.0006699200331727884,0.0,0
1157,145.0,0.0021435211710335578,6774.38,27.027253315781348
1158,1.0,0.0007535207028698254,0.0,0
1159,0.0,1.1146755959368093e-06,0.0,0
1160,2.0,0.0013582322136788116,80.3417,0
1161,5.0,0.0011653933355775248,5.44533,3.0027828278603637
1162,3.0,0.0013392827285475528,15.4772,2.012661935428005
1163,0.0,0.00037174431125308605,0.0,0
1164,5.0,0.0013638055916586067,44.3387,4.005729215232416
1165,1.0,0.0011888015230927529,0,0
1166,42.0,0.0026807948082869792,4652.38,20.021599060516667
1167,118.0,0.002777214247337567,6047.63,19.823579846447387
1168,19.0,0.0014775025024467148,218.681,8.096150357067629
1169,0.0,0.0004090859437178018,0.0,0
1170,2.0,0.0012651568014160341,7.83056,0
1171,1.0,0.0011988336034564062,0.0,0
1172,22.0,0.002844652120893243,3161.37,10.012345362962684
1173,10.0,0.0013454134443252608,182.589,6.011595048149744
1174,4.0,0.000791977010930478,42.213,3.000206464722876
1175,20.0,0.0013699363074364257,43.4586,4.0200426926866495
1176,1.0,0.0010973981242239361,4.54747e-13,0
1177,29.0,0.001530449593254879,352.422,17.04705726257778
1178,5.0,0.0012551247210523808,50.3734,3.005105227677534
1179,11.0,0.0014992386765679822,159.829,6.012980199720334
1180,64.0,0.0027203657919435686,6375.78,27.0670079337638
1181,5.0,0.0014942226363861,44.4361,3.1084068707443144
1182,42.0,0.00385343353523826,9025.14,24.0339520294417
1183,103.0,0.0014624543819012903,3340.47,23.153631186150093
1184,103.0,0.0024706784584482833,14621.9,56.20428440679774
1185,20.0,0.0018826870815786823,1493.09,9.018554849504648
1186,15.0,0.0014691424354770222,385.416,9.009426571091549
1187,1.0,0.0013537735112949534,0.0624895,0
1188,319.0,0.0047975637650174985,48586.9,89.739168165338
1189,119.0,0.0027409872904688992,4684.15,33.03250850085183
1190,0.0,0.00041688867288958154,0.0,0
1191,0.0,0.00023073784836402655,0.0,0
1192,0.0,0.0004297074422431324,0.0,0
1193,1.0,0.0009591783503246631,1.02326,0
1194,13.0,0.0014435048967699204,22.3698,4.22312166719904
1195,19.0,0.00228006893153887,1520.24,8.067709705414387
1196,0.0,0.0004135446461016601,0.0,0
1197,5.0,0.0018191505726088408,1622.24,5.003423060451215
1198,8.0,0.0014306861274163696,1022.1,7.002452428688613
1199,0.0,0.0004001685389500853,0.0,0
1200,0.0,0.0004235767264653134,0.0,0
1201,1.0,0.001158705282001793,1.17673,0
1202,1.0,0.0009937332937994814,0,0
1203,0.0,0.0003851204184046608,0.0,0
1204,1.0,1.1146755959368093e-06,0.0,0
1205,1.0,0.001247879329678736,0.865477,0
1206,3.0,0.0012233564665675711,17.5439,3.002191654441455
1207,0.0,0.0007033603010515588,0.0,0
1208,15.0,0.0012372899115170588,375.9,3.157084226035307
1209,0.0,0.00044977160297043906,0.0,0
1210,17.0,0.0015644471989316733,1864.38,8.044031646406967
1211,0.0,1.6720133939607251e-06,0.0,0
1212,28.0,0.001440718207780023,161.223,14.13843447156755
1213,41.0,0.001464683733093164,15.0256,12.292895235691358
1214,72.0,0.0016157222763458767,2439.97,27.176774113991485
1215,5.0,0.0012506660186686336,177.983,3.0058023842294452
1216,28.0,0.002226007165134769,2075.37,12.034856259763135
1217,1.0,0.0011297237165067697,2.27374e-13,0
1218,9.0,0.0013671496184465282,1032.38,4.014653869818116
1219,2.0,0.0007306698531526212,4.21814,0
1220,0.0,0.00041856068628343124,0.0,0
1221,0.0,0.0004219047130713527,0.0,0
1222,3.0,0.001326463959194002,29.812,0
1223,18.0,0.001398360535133425,1665.63,8.017258110150326
1224,3.0,0.0013727229964263232,1.9373,0
1225,3.0,0.001386656441375811,2.27374e-13,2.099489467385496
1226,21.0,0.001499796014365895,1053.12,13.010082149042061
1227,3.0,0.0012099803594159964,17.1429,0
1228,0.0,0.00040351256573800676,0.0,0
1229,0.0,0.0004391821848087618,0.0,0
1230,110.0,0.002081656675457788,14118.0,28.240391933814617
1231,0.0,0.0004993746669906818,0.0,0
1232,5.0,0.0012010629546482798,7.60211,4.006024531598769
1233,29.0,0.001914455336063492,1498.64,11.168620476279365
1234,20.0,0.0013727229964263232,186.317,8.015182161962374
1235,315.0,0.002993461312954082,16632.8,76.47265962243546
1236,62.0,0.0020543471233567256,2055.47,13.462092006992222
1237,14.0,0.0014295714518203217,784.47,9.02619828018148
1238,2.0,0.001368264294042465,2.5337,0
1239,8.0,0.0014435048967699204,4.99649,3.0043173221267225
1240,11.0,0.0013727229964263232,925.428,4.019056048296831
1241,1.0,0.0009385568517994436,0,0
1242,2.0,0.0011971615900624455,0.0,0
1243,21.0,0.002040413678407127,2524.84,13.012951906004211
1244,1.0,0.0012138817240018307,0.0,0
1245,106.0,0.0017623021172148423,5257.91,28.395131741604644
1246,2.0,0.0012155537373957914,19.9705,0
1247,37.0,0.0014741584756587933,1371.11,23.021669999678632
1248,2.0,0.0014206540470527163,28.8937,0
1249,0.0,0.00042524873985927414,0.0,0
1250,0.0,0.0006699200331727884,0.0,0
1251,16.0,0.0014440622345678333,421.601,4.0101439145269
1252,84.0,0.0028964845361054703,9743.26,37.13406886920367
1253,3.0,0.0006375944408898437,0,0
1254,194.0,0.0030079520957015937,29184.2,54.73498658723252
1255,11.0,0.001355445524688914,336.672,6.007135517130575
1256,0.0,0.00043416614462687964,0.0,0
1257,3.0,2.2293511918736186e-06,0,0
1258,1.0,0.0012166684129917282,0,0
1259,91.0,0.001799643749679558,4836.19,16.281773744297364
1260,1.0,0.0013130878520424272,4.16075,0
1261,5.0,0.0014173100202647948,9.43737,4.009294860291954
1262,1.0,0.0012205697775776736,2.27374e-13,0
1263,4.0,0.001260140761234263,43.2371,3.004348934007266
1264,4.0,0.0009998640095773004,22.4102,0
1265,0.0,0.0004486569273743912,0.0,0
1266,12.0,0.0013125305142444033,59.5304,3.2176280950622074
1267,12.0,0.002394323180124891,5641.65,8.06130648782054
1268,60.0,0.006654613307888968,15129.1,43.19859614579642
1269,16.0,0.0019400928747707047,1474.07,9.01365852506363
1270,11.0,0.001469699773274935,935.34,6.00567333287572
1271,29.0,0.001583954021861067,915.14,21.31573737521715
1272,2.0,0.0012857782999413647,5.68434e-14,2.011067647170138
1273,24.0,0.0014390461943860622,1065.17,6.069063363611291
1274,0.0,0.0005567804601827042,0.0,0
1275,0.0,0.00044196887379865935,0.0,0
1276,0.0,0.00044977160297043906,0.0,0
1277,0.0,0.00044809958957647833,0.0,0
1278,5.0,0.0014050485887092679,100.434,4.0058626439371405
1279,169.0,0.0028903538203276513,18580.9,46.531538215218255
1280,305.0,0.004392379185885531,39164.3,100.20151983537583
1281,29.0,0.0014858625694164074,3359.89,10.005037603894776
1282,185.0,0.003535193652591251,46869.0,125.83764540793874
1283,41.0,0.0013370533773555682,2278.74,25.021774048099033
1284,143.0,0.0026540425939838297,14279.6,43.07281583563138
1285,29.0,0.0013236772702041044,21.8573,8.165984951304795
1286,12.0,0.0015042547167497533,289.203,7.058568905491049
1287,1.0,0.0014167526824667709,0,0
1288,4.0,0.0013420694175374503,48.0453,3.002909387556832
1289,13.0,0.0018431160979219818,973.0,5.024958584293421
1290,24.0,0.0014925506229921393,504.651,10.01712514751947
1291,7.0,0.0012434206272948778,146.924,7.004471918167878
1292,0.0,0.0004297074422431324,0.0,0
1293,2.0,0.0012863356377393886,211.705,0
1294,25.0,0.0014173100202647948,605.609,7.027161792752003
1295,0.0,0.0006158582667685764,0.0,0
1296,17.0,0.0014513076259415891,884.71,10.131724713611375
1297,7.0,0.0013130878520424272,77.9597,4.00873013042856
1298,3.0,0.0011436571614562574,115.154,0
1299,2.0,0.001206636332628075,0,0
1300,0.0,0.0005590098113745778,0.0,0
1301,28.0,0.0014730438000628565,3249.94,13.021301631864597
1302,1.0,0.0012328312091332005,0.0,0
1303,13.0,0.001182670807314934,257.384,3.0113706552542268
1304,1.0,0.00042859276664708457,0.532695,0
1305,7.0,0.0012985970692949156,10.5738,3.005056225210566
1306,0.0,0.0004687210881016979,0.0,0
1307,24.0,0.0017656461440027638,1753.56,6.136316835648588
1308,0.0,0.0004687210881016979,0.0,0
1309,16.0,0.0014602250307093056,690.784,9.012436133528523
1310,1.0,0.0012495513430725858,0.0,0
1311,250.0,0.001973533142649475,9857.02,26.303826451269686
1312,168.0,0.001955140995316129,10050.8,25.157068715147407
1313,41.0,0.0014200967092546923,64.7167,3.0055864298632686
1314,8.0,0.0014602250307093056,128.972,4.186437251642509
1315,12.0,0.0014719291244669197,497.69,7.018346558822874
1316,25.0,0.0015248762152750839,1308.62,15.01034202988424
1317,0.0,1.1146755959368093e-06,0.0,0
1318,6.0,0.0014301287896183457,69.8452,5.038201223207438
1319,2.0,0.00127240219278979,11.7126,0
1320,3.0,0.0010728752611127712,7.33564,0
1321,0.0,0.0007000162742637484,0.0,0
1322,6.0,0.0012891223267292862,153.818,3.0047749973988065
1323,0.0,0.0004770811550713905,0.0,0
1324,27.0,0.0013181038922241983,530.307,8.059943568997086
1325,30.0,0.0014256700872344874,1364.62,17.050717909659422
1326,3.0,0.0011720813891533677,2.27374e-13,0
1327,27.0,0.0016112635739620185,1549.78,14.012335724106588
1328,14.0,0.001523761539679147,1326.4,6.004674766412996
1329,0.0,0.0004687210881016979,0.0,0
1330,3.0,0.0007585367430517076,0.0,3.0074140759776458
1331,77.0,0.0028881244691357777,7419.44,34.01590545766783
1332,2.0,1.1146755959368093e-06,0.0,0
1333,4.0,0.0012255858177594448,177.661,3.0075429750752876
1334,10.0,0.0014056059265071807,211.646,7.014535827344539
1335,1.0,0.0012233564665675711,2.41203,0
1336,0.0,0.00047429446608149295,0.0,0
1337,94.0,0.0024467129331350312,5487.93,29.509312531923996
1338,192.0,0.0023915364911349934,14396.6,41.56057953067477
1339,22.0,0.0014568810039213842,1381.46,12.037416902712867
1340,0.0,0.00048098251965733585,0.0,0
1341,25.0,0.0013732803342243471,1219.44,8.089484536197409
1342,149.0,0.002519724184670502,12862.6,28.084557144720566
1343,40.0,0.0014853052316184945,1344.0,16.092449751320363
1344,0.0,0.000462033034525966,0.0,0
1345,149.0,0.0021273583748921965,11628.1,26.05146892360432
1346,0.0,0.0004971453157986971,0.0,0
1347,0.0,0.0006459545078595363,0.0,0
1348,28.0,0.001440718207780023,471.37,9.743318898663986
1349,25.0,0.0014312434652142825,519.766,3.0121068548738394
1350,0.0,0.00045088627856637586,0.0,0
1351,5.0,0.001398360535133425,24.5016,3.0083625503475138
1352,2.0,0.0013036131094767978,12.3258,0
1353,9.0,0.0018821297437806583,1578.5,5.0392356896948804
1354,3.0,0.0010277308994762757,32.1635,3.000580849902901
1355,12.0,0.0013281359725878517,895.701,7.009610419250611
1356,0.0,0.0005004893425866186,0.0,0
1357,43.0,0.0012467646540826882,43.303,13.257368434571429
1358,30.0,0.0014189820336587555,2050.46,13.047542019162199
1359,0.0,0.0004938012890108867,0.0,0
1360,1.0,0.0008739056672336654,0.242852,0
1361,30.0,0.001996941330164703,3795.77,14.00235104077547
1362,0.0,0.0006409384676777652,0.0,0
1363,6.0,0.0012445353028908146,101.995,3.0037053754613634
1364,34.0,0.002886452455741817,5581.6,13.023137217032543
1365,0.0,0.0003828910672126762,0.0,0
1366,10.0,0.0012941383669110573,55.0234,5.018094269060048
1367,3.0,0.0012757462195777114,13.4822,3.00128580458565
1368,2.0,0.001200505616850367,1.21381,0
1369,4.0,0.0012311591957392398,116.772,2.0229542200762447
1370,1.0,0.0011932602254766111,0,0
1371,0.0,0.0007039176388495827,0.0,0
1372,48.0,0.002070509919498087,3741.62,25.29290062105048
1373,2.0,0.0009424582163852779,10.8412,0
1374,33.0,0.001620738316527759,785.16,11.03116224211886
1375,1.0,0.0013470854577192215,5.4439,0
1376,5.0,0.0012267004933553816,139.885,4.005256394342253
1377,3.0,0.0010149121301227249,121.844,0
1378,25.0,0.0014390461943860622,1587.72,13.086682369645995
1379,1.0,0.0007100483546274017,0.0,0
1380,105.0,0.0013755096854162208,5646.62,17.169464849599954
1381,4.0,0.0012852209621433408,52.8473,2.011802816986928
1382,88.0,0.0014435048967699204,2891.49,14.368846266256718
1383,4.0,0.0012952530425069941,273.555,3.001140306270659
1384,0.0,0.0006955575718798901,0.0,0
1385,3.0,0.001278532908567609,66.2094,0
1386,84.0,0.001392229819355717,2487.79,17.01869542946893
1387,0.0,0.0003756456758389204,0.0,0
1388,0.0,0.0004759664794754537,0.0,0
1389,0.0,0.0005088494095563112,0.0,0
1390,2.0,0.000888396449981177,203.55,0
1391,0.0,0.0004993746669906818,0.0,0
1392,40.0,0.0021630279939629515,3904.57,13.0064319112541
1393,0.0,0.0007005736120616612,0.0,0
1394,32.0,0.00184757480030584,2530.82,13.025535344322519
1395,3.0,0.0012188977641837129,16.0276,3.0042185716426264
1396,15.0,0.00143403015420418,674.818,9.031881742339214
1397,10.0,0.001908324620285784,1254.83,4.003358727672787
1398,5.0,0.001398360535133425,0,3.0077531719097608
1399,6.0,0.00184757480030584,1235.81,4.007144515086221
1400,8.0,0.0012283725067493423,207.009,4.020756516943516
1401,158.0,0.0022772822425489725,33320.1,59.316193325609234
1402,38.0,0.0015744792792953266,2102.44,15.089999011669835
1403,3.0,0.0006760507489504963,2.27374e-13,0
1404,3.0,0.0010193708325065831,1.7053e-13,0
1405,107.0,0.0021451931844275185,9378.74,34.092460647547384
1406,1.0,0.0010884807194562196,2.93453,0
1407,10.0,0.0014624543819012903,1138.26,4.001052800463676
1408,5.0,0.0013777390366082054,162.191,4.032949775312801
1409,4.0,0.001241748613900917,0,0
1410,0.0,0.0005127507741422566,0.0,0
1411,6.0,0.001385541765779874,219.336,4.02872274610615
1412,36.0,0.0016491625442247582,3946.95,16.061310230807564
1413,1.0,0.0012618127746282237,2.27374e-13,0
1414,11.0,0.0013097438252545057,201.995,6.007582613261
1415,39.0,0.0014256700872344874,54.7498,13.214870846280943
1416,4.0,0.0011954895766684848,216.886,4.001429688859489
1417,0.0,0.0005250122056977835,0.0,0
1418,1.0,0.0013944591705475906,0,0
1419,3.0,0.0012534527076585311,1.13687e-13,3.0070005358004437
1420,7.0,0.001710469702002615,1299.11,7.001148503896204
1421,4.0,0.001110216893577487,8.87299,0
1422,38.0,0.0013270212969919148,1161.89,10.012274657719715
1423,5.0,0.0011057581911936287,26.3693,4.000718580446001
1424,11.0,0.0013465281199213086,212.245,6.504526649430732
1425,7.0,0.0013208905812140959,921.508,5.00180522637867
1426,2.0,0.0011726387269512806,2.27374e-13,0
1427,0.0,0.0005367162994553976,0.0,0
1428,2.0,0.0012099803594159964,728.304,0
1429,0.0,0.0005406176640412319,0.0,0
1430,6.0,0.0011949322388705719,57.5172,4.001794970060245
1431,0.0,0.0003756456758389204,0.0,0
1432,23.0,0.0013794110500021661,1360.94,10.014116331300103
1433,115.0,0.0021329317528719915,3825.37,30.082985491590758
1434,3.0,0.001230601857941327,4.65812,2.110839657889046
1435,38.0,0.00272370981873149,5734.85,16.0057977817344
1436,7.0,0.0018408867467301082,1224.79,3.0114774497701884
1437,16.0,0.0015271055664669575,1204.32,5.0201540484071785
1438,1.0,0.0006169729423646242,0.0,0
1439,33.0,0.003155089274368472,5852.39,18.006038707956687
1440,12.0,0.0012133243862039178,147.619,3.0287481416513105
1441,4.0,0.0011681800245674223,1.98988,0
1442,3.0,0.0013030557716787738,16.1395,0
1443,16.0,0.0013838697523859134,1285.0,6.004703409532461
1444,0.0,0.0006582159394151743,0.0,0
1445,1.0,0.0010466803846076456,2.11737,0
1446,5.0,0.0020777553108718427,1860.08,3.0005980447133
1447,0.0,0.0005539937711928067,0.0,0
1448,7.0,0.0013994752107294728,1366.21,7.001359419568004
1449,0.0,0.0004977026535967211,0.0,0
1450,0.0,0.0005060627205664137,0.0,0
1451,5.0,0.0012629274502241605,73.2822,3.0139153961481115
1452,0.0,0.0005551084467887435,0.0,0
1453,2.0,0.0011993909412543191,0,0
1454,0.0,0.0005060627205664137,0.0,0
1455,0.0,0.0004993746669906818,0.0,0
1456,0.0,0.0004993746669906818,0.0,0
1457,0.0,0.0004993746669906818,0.0,0
1458,0.0,0.0004993746669906818,0.0,0
1459,0.0,0.0004993746669906818,0.0,0
1460,1.0,0.0012049643192342252,0.432746,0
1461,0.0,0.0005528790955967589,0.0,0
1462,20.0,0.0019462235905484127,2821.38,10.013370670399857
1463,0.0,0.0004988173291926579,0.0,0
1464,0.0,0.0004988173291926579,0.0,0
1465,0.0,0.0004993746669906818,0.0,0
1466,5.0,0.001061728505153181,238.195,0
1467,11.0,0.0013760670232142447,1093.29,7.003466520160893
1468,0.0,0.0005562231223846803,0.0,0
1469,0.0,0.0005617965003644754,0.0,0
1470,0.0,0.0005032760315765161,0.0,0
1471,39.0,0.0013509868223050558,2639.9,19.014151494632003
1472,0.0,0.0005032760315765161,0.0,0
1473,17.0,0.0013972458595374881,771.849,5.000713152694199
1474,2.0,0.0011626066465876272,0,0
1475,4.0,0.0009708824440822772,67.5866,0
1476,0.0,0.0005495350688089484,0.0,0
1477,0.0,0.0005567804601827042,0.0,0
1478,2.0,0.0011130035825673845,81.5263,0
1479,2.0,0.0010756619501026687,0,0
1480,0.0,0.0005545511089907196,0.0,0
1481,0.0,0.0005500924066068613,0.0,0
1482,0.0,0.0005406176640412319,0.0,0
1483,0.0,0.000540060326243208,0.0,0
1484,7.0,0.001247879329678736,149.719,4.003128670484673
1485,1.0,0.0010940540974360147,0,0
1486,37.0,0.0021078515519628027,3820.62,19.008509384711015
1487,42.0,0.0046727200982698,9251.6,18.00244114933255
1488,70.0,0.003257639429196879,6306.75,22.0127574274602
1489,1.0,0.0010550404515773382,0.0,0
1490,8.0,0.0011146755959613452,97.2717,4.000982164538654
1491,1.0,0.0010712032477188105,0,0
1492,42.0,0.002251087366043847,3690.96,9.107163844061905
1493,0.0,0.0006710347087687252,0.0,0
1494,0.0,0.0005411750018392558,0.0,0
1495,4.0,0.0010946114352340386,53.0257,0
1496,9.0,0.0013063997984666953,1374.77,3.00088162976975
1497,0.0,0.0005467483798190509,0.0,0
1498,0.0,0.0005545511089907196,0.0,0
1499,12.0,0.0013208905812140959,1626.01,5.002681742809606
1500,2.0,0.0006788374379403939,88.0769,0
1501,10.0,0.0020682805683062133,2431.25,5.000164734478807
1502,3.0,0.000965866403900506,0.0,0
1503,1.0,0.0010650725319409915,4.88533,0
1504,0.0,0.0006470691834555842,0.0,0
1505,0.0,0.0005495350688089484,0.0,0
1506,11.0,0.0017138137287905364,1544.23,8.000854582526115
1507,21.0,0.0012757462195777114,720.622,10.006139212714528
1508,34.0,0.002394880517922915,6176.13,23.00308262701878
1509,11.0,0.001194374901072548,1697.82,4.002535454997605
1510,0.0,0.0005584524735766649,0.0,0
1511,0.0,0.0005495350688089484,0.0,0
1512,19.0,0.0012105376972140203,509.355,5.073704128700965
1513,3.0,0.001632442410285373,895.991,3.0013271184763535
1514,0.0,0.0005634685137584361,0.0,0
1515,1.0,0.0010583844783652596,0,0
1516,21.0,0.0013041704472747107,1837.42,14.00528248001573
1517,4.0,0.001307514474062632,1324.58,4.0014556874761835
1518,0.0,0.0005567804601827042,0.0,0
1519,60.0,0.002046544394184946,3768.38,19.009146289116412
1520,20.0,0.0011860148341028554,338.283,9.017856175003852
1521,39.0,0.0012952530425069941,1570.64,17.048477186313843
1522,5.0,0.0011130035825673845,9.62873,3.0015010884272555
1523,0.0,1.1146755959368093e-06,0.0,0
1524,0.0,0.0005545511089907196,0.0,0
1525,2.0,0.0011391984590725102,85.5175,0
1526,1.0,0.001056712464971299,2.27374e-13,0
1527,1.0,0.0010890380572542435,0,0
1528,0.0,0.0005601244869705146,0.0,0
1529,1.0,0.0006637893173949694,0.0,0
1530,0.0,0.0005595671491726018,0.0,0
1531,3.0,0.0005077347339603744,0,0
1532,3.0,0.0013509868223050558,318.424,0
1533,3.0,0.0011258223519209354,217.921,0
1534,7.0,0.0011269370275168722,209.29,6.001349458685963
1535,0.0,0.00018503614892961817,0.0,0
1536,2.0,0.0010873660438602828,0.0,0
1537,0.0,0.0005601244869705146,0.0,0
1538,168.0,0.002898156549499431,8299.63,65.14508525619266
1539,78.0,0.0023781603839834187,11263.5,35.04671039692565
1540,0.0,0.0007005736120616612,0.0,0
1541,45.0,0.001235617898123098,1220.38,13.006653933377326
1542,210.0,0.007172380122212996,34343.6,98.00464674556507
1543,0.0,0.0005545511089907196,0.0,0
1544,54.0,0.002665189349943531,4651.58,14.091257581599422
1545,31.0,0.0014072779399011415,1840.18,14.021757752275274
1546,0.0,1.6720133939607251e-06,0.0,0
1547,24.0,0.0012829916109514672,582.393,8.032290414548456
1548,0.0,0.0005595671491726018,0.0,0
1549,1.0,0.0005829753366877188,0.0,0
1550,6.0,0.0017126990531945996,1392.26,4.004479519030764
1551,3.0,0.0005082920717583983,1.0,0
1552,3.0,0.0017076830130127174,925.965,2.085283748774492
1553,32.0,0.0014496356125476284,2535.34,9.212600328468488
1554,2.0,0.0010405496688298266,16.0135,0
1555,50.0,0.0014056059265071807,2425.76,20.00384062413193
1556,10.0,0.0014496356125476284,1461.32,6.0000291464521815
1557,0.0,0.0005668125405463575,0.0,0
1558,0.0,0.0005662552027483336,0.0,0
1559,0.0,0.0005601244869705146,0.0,0
1560,3.0,0.0011509025528300132,255.308,3.018601379386158
1561,35.0,0.001314202527638364,1484.62,17.008451118705736
1562,0.0,0.0006754934111525834,0.0,0
1563,4.0,0.0005272415568896571,2.27374e-13,3.00120738834572
1564,86.0,0.0015376949846286347,8550.42,26.01474159072358
1565,1.0,0.0012311591957392398,0,0
1566,0.0,0.000540060326243208,0.0,0
1567,21.0,0.0022778395803468854,2547.73,10.020393860052485
1568,1.0,0.001026616223880339,0,0
1569,1.0,0.0010104534277389776,2.27374e-13,0
1570,0.0,1.1146755959368093e-06,0.0,0
1571,2.0,0.0006565439260212136,11.4043,0
1572,8.0,0.0015460550515983273,1266.29,5.000650265106056
1573,0.0,0.0005556657845866564,0.0,0
1574,10.0,0.0011659506733755487,26.2911,3.0014776952984183
1575,12.0,0.0012188977641837129,650.939,9.019005071561544
1576,5.0,0.0011492305394360525,175.793,3.00123575249257
1577,17.0,0.0011626066465876272,282.295,5.001466856930762
1578,17.0,0.0012974823936989788,1020.77,9.00190750711253
1579,67.0,0.00168594683889145,6675.03,19.006837483338074
1580,0.0,0.0005495350688089484,0.0,0
1581,11.0,0.0012562393966484287,459.547,7.001614519900419
1582,1.0,0.0011949322388705719,0.0,0
1583,1.0,0.0009814718622439544,0.0,0
1584,47.0,0.0018871457839625405,7788.97,25.05711685460092
1585,5.0,0.0016937495680632297,995.408,5.0006456901142196
1586,4.0,0.0011670653489714855,45.887,0
1587,5.0,0.0011665080111734616,116.479,4.001740739407297
1588,0.0,0.0005562231223846803,0.0,0
1589,1.0,0.0005333722726674761,0,0
1590,0.0,0.0005528790955967589,0.0,0
1591,1.0,0.000702245625455622,0.501374,0
1592,0.0,0.0005590098113745778,0.0,0
1593,10.0,0.0017305338627299216,2001.16,6.001735948131742
1594,0.0,0.000552321757798846,0.0,0
1595,2.0,1.8392147333345932e-05,0.0,0
1596,0.0,0.0005846473500816796,0.0,0
1597,162.0,0.0015131721215174698,2495.13,90.02956412291984
1598,0.0,1.1146755959368093e-06,0.0,0
1599,0.0,0.0006989015986677005,0.0,0
1600,95.0,0.004163870688713489,11781.5,43.11643087989415
1601,2.0,0.0007457179736981567,5.91222,0
1602,18.0,0.0018943911753362963,2593.26,10.034197353953765
1603,0.0,0.000570156567334168,0.0,0
1604,1.0,0.0009876025780217734,4.54747e-13,0
1605,2.0,0.0010639578563450547,1.13687e-13,0
1606,0.0,1.1146755959368093e-06,0.0,0
1607,19.0,0.001290794340123247,853.391,4.01804998524255
1608,0.0,0.0005645831893543729,0.0,0
1609,0.0,0.0005695992295362551,0.0,0
1610,1.0,0.0005651405271523968,0.0,0
1611,0.0,1.1146755959368093e-06,0.0,0
1612,0.0,0.0005662552027483336,0.0,0
1613,1.0,0.0005177668143240277,0,0
1614,0.0,0.0005450763664250902,0.0,0
1615,35.0,0.001865966947639186,2532.69,12.00862845064841
1616,2.0,0.0010416643444258744,94.8803,0
1617,0.0,0.0007000162742637484,0.0,0
1618,39.0,0.0015081560813356987,1664.2,21.119010944942957
1619,0.0,0.0006766080867485202,0.0,0
1620,2.0,0.0020905740802253936,1874.39,0
1621,0.0,0.0006509705480414185,0.0,0
1622,10.0,0.0011213636495370771,37.227,3.0016698230710186
1623,640.0,0.00658048738075756,60105.0,87.27354001646967
1624,2.0,0.0011871295096987922,0.0644367,0
1625,21.0,0.0012149963995978785,672.85,4.018650063337998
1626,1.0,0.001073989936708708,4.87678,0
1627,0.0,0.0005656978649503097,0.0,0
1628,13.0,0.0012188977641837129,249.921,7.021326268199919
1629,2.0,0.0010968407864259122,1.33451,0
1630,0.0,0.0005534364333947828,0.0,0
1631,3.0,0.0010511390869915038,3.41061e-13,0
1632,0.0,0.0005645831893543729,0.0,0
1633,0.0,0.0005177668143240277,0.0,0
1634,0.0,0.0007005736120616612,0.0,0
1635,2.0,0.00108067799028444,15.5972,0
1636,2.0,0.0012261431555574687,84.451,0
1637,5.0,0.0009976346583853157,6.82121e-13,4.000221753255129
1638,2.0,0.0010778913012945424,34.5459,0
1639,0.0,0.0005656978649503097,0.0,0
1640,17.0,0.0012712875171938531,642.476,8.033978441152229
1641,33.0,0.0013966885217394642,2207.81,9.036078808002793
1642,0.0,0.0005684845539403183,0.0,0
1643,154.0,0.0023436054405086004,13270.6,42.166254372925245
1644,0.0,0.0007000162742637484,0.0,0
1645,7.0,0.0015995594802045154,1095.96,4.003744977286568
1646,140.0,0.003001264042125862,17459.8,36.08932092629581
1647,53.0,0.0021028355117810316,4096.91,20.15314157871257
1648,1.0,0.0007061469900414563,0.0,0
1649,0.0,0.0005506497444048852,0.0,0
1650,0.0,0.0005506497444048852,0.0,0
1651,1.0,0.001134739756688652,9.53288,0
1652,2.0,0.0011146755959613452,1.98952e-13,0
1653,0.0,0.0005963514438392936,0.0,0
1654,17.0,0.0012428632894968539,1008.53,11.00982496267912
1655,3.0,0.0011648359977796119,3.256,0
1656,33.0,0.0015193028372952888,4184.93,20.033469946923166
1657,2.0,0.0004386248470107379,0,0
1658,0.0,0.0005779592965059477,0.0,0
1659,0.0,0.000540060326243208,0.0,0
1660,3.0,0.0011174622849512428,2.27374e-13,0
1661,0.0,0.0006766080867485202,0.0,0
1662,2.0,0.0010461230468097327,1.13687e-13,0
1663,0.0,0.0005723859185261526,0.0,0
1664,31.0,0.0013610189026687092,1951.34,14.005482383949033
1665,0.0,0.0006314637251121358,0.0,0
1666,78.0,0.002046544394184946,4525.85,31.031514682375605
1667,11.0,0.001104643515597692,108.607,5.000902438960347
1668,53.0,0.0019451089149524758,2847.2,24.009395352402215
1669,1.0,0.0004152166594956208,1.13687e-13,0
1670,1.0,0.0008276466300012331,4.14226,0
1671,1.0,1.1146755959368093e-06,0.0,0
1672,6.0,0.0012634847880221844,971.313,5.001078977280209
1673,0.0,0.0006247756715362929,0.0,0
1674,52.0,0.0011470011882441788,1790.27,14.011723810330164
1675,44.0,0.0013966885217394642,1310.26,7.09942242460484
1676,4.0,0.000996519982789379,9.69707,0
1677,8.0,0.0013716083208303864,955.03,7.000598795927996
1678,17.0,0.0011074302045875895,40.7843,3.007020914251804
1679,1.0,0.0006593306150111111,0.0,0
1680,5.0,0.0011592626197997058,85.1514,3.0018633214543287
1681,0.0,0.0006437251566676627,0.0,0
1682,0.0,0.0006403811298797413,0.0,0
1683,0.0,0.0006370371030919308,0.0,0
1684,0.0,0.0006342504141020333,0.0,0
1685,38.0,0.0012434206272948778,1624.3,17.07078135061263
1686,0.0,0.000600252808425128,0.0,0
1687,16.0,0.0011386411212744862,493.729,6.014737427749456
1688,0.0,0.0006437251566676627,0.0,0
1689,7.0,0.001110216893577487,427.76,3.0012318465781394
1690,0.0,0.000611956902182742,0.0,0
1691,0.0,0.0006559865882231897,0.0,0
1692,0.0,0.0005617965003644754,0.0,0
1693,3.0,0.0010673018831329761,47.148,3.0008473165194207
1694,0.0,0.0006459545078595363,0.0,0
1695,0.0,0.0006409384676777652,0.0,0
1696,0.0,0.0006409384676777652,0.0,0
1697,4.0,0.0009942906315975053,22.2762,0
1698,0.0,0.0006498558724454817,0.0,0
1699,15.0,0.0011670653489714855,373.651,6.025233960043177
1700,0.0,0.000653757237031316,0.0,0
1701,0.0,0.0006281196983242143,0.0,0
1702,0.0,0.0005807459854958452,0.0,0
1703,2.0,0.0008778070318194997,0.0,0
1704,0.0,0.0005712712429302158,0.0,0
1705,0.0,0.000653757237031316,0.0,0
1706,0.0,0.0006492985346474578,0.0,0
1707,0.0,0.000653757237031316,0.0,0
1708,0.0,0.0005963514438392936,0.0,0
1709,0.0,0.0006437251566676627,0.0,0
1710,0.0,0.0006520852236373553,0.0,0
1711,4.0,0.0007735848635971321,455.1,3.0
1712,388.0,0.005852046878796813,68493.6,128.98360313223918
1713,0.0,1.1146755959368093e-06,0.0,0
1714,0.0,0.0006375944408898437,0.0,0
1715,14.0,0.0010282882372742996,146.532,6.001090792145729
1716,8.0,0.0009647517283044582,37.2414,7.0001610844687985
1717,0.0,0.000653757237031316,0.0,0
1718,0.0,0.0006793947757384178,0.0,0
1719,2.0,0.0010884807194562196,1.0,0
1720,2.0,0.0009608503637186239,0.0,0
1721,0.0,0.0006465118456575603,0.0,0
1722,1.0,0.0010427790200218112,0,0
1723,67.0,0.0017634167928107791,7213.79,22.017557679806497
1724,4.0,0.0010973981242239361,2.84862,3.019066675757216
1725,0.0,1.1146755959368093e-06,0.0,0
1726,23.0,0.0016525065710126796,1865.42,15.084098042914098
1727,3.0,0.0010695312343248498,9.05566,0
1728,0.0,0.000546191042021027,0.0,0
1729,21.0,0.001109659555779463,844.842,11.007048180533321
1730,9.0,0.0011085448801835263,124.075,3.001239547793373
1731,2.0,0.0007011309498596852,295.662,0
1732,1.0,0.0010695312343248498,2.27374e-13,0
1733,2.0,0.0010450083712136848,38.8511,0
1734,0.0,0.0006643466551929933,0.0,0
1735,2.0,0.0008961991791528456,1.13687e-13,0
1736,17.0,0.001559988496547815,2962.75,12.006547736613975
1737,9.0,0.0010606138295571332,20.3757,4.008620793952014
1738,3.0,0.0010645151941430786,62.9631,3.0031527928590482
1739,2.0,0.0006526425614353792,0.0,0
1740,56.0,0.002429435461397622,4720.41,30.000574216580972
1741,6.0,0.0009625223771125846,91.7625,0
1742,0.0,0.000702245625455622,0.0,0
1743,5.0,0.001050024411395567,119.359,4.000684471858783
1744,0.0,0.0006738213977586227,0.0,0
1745,3.0,0.0009374421762035068,7.86432,3.000107927493177
1746,0.0,0.0006738213977586227,0.0,0
1747,36.0,0.0017561714014370233,2266.56,14.004453721015992
1748,10.0,0.0012144390617998546,571.449,7.014188277683713
1749,33.0,0.0012701728415979163,1040.54,11.152300457515837
1750,0.0,0.0006766080867485202,0.0,0
1751,2.0,0.0010344189530521186,4.79044,0
1752,0.0,0.0006793947757384178,0.0,0
1753,4.0,0.0009993066717792765,2.84217e-13,0
1754,1.0,0.0010110107655368905,0.0,0
1755,168.0,0.0020955901204072758,8318.43,31.03042622535055
1756,0.0,0.0006749360733545595,0.0,0
1757,23.0,0.0017489260100632675,1956.94,6.001669931043984
1758,0.0,0.0006793947757384178,0.0,0
1759,0.0,0.0006827388025263392,0.0,0
1760,0.0,0.0006788374379403939,0.0,0
1761,25.0,0.0009976346583853157,164.621,4.003817982239687
1762,2.0,0.001002093360769174,0,0
1763,0.0,0.0006554292504252768,0.0,0
1764,5.0,0.0009758984842641594,7.55964,0
1765,0.0,0.0005333722726674761,0.0,0
1766,0.0,0.0007067043278394802,0.0,0
1767,0.0,0.0007122777058192753,0.0,0
1768,0.0,0.0006827388025263392,0.0,0
1769,0.0,0.0006849681537182128,0.0,0
1770,25.0,0.0013599042270727724,1443.09,11.009390064175971
1771,10.0,0.0011837854829108707,392.611,3.0007983471795767
1772,8.0,0.000828203967799257,44.6589,4.000047191243413
1773,0.0,0.0006766080867485202,0.0,0
1774,7.0,0.0009825865378398912,310.943,5.000291046750701
1775,0.0,0.0006849681537182128,0.0,0
1776,0.0,0.0006849681537182128,0.0,0
1777,1.0,0.0007334565421425188,0,0
1778,0.0,0.0006810667891323785,0.0,0
1779,1.0,0.00028647162816208827,0.0,0
1780,71.0,0.0011024141644057073,2509.64,16.020693114977348
1781,0.0,0.000677722762344457,0.0,0
1782,73.0,0.0017071256752146935,8280.67,33.01517936052229
1783,10.0,0.000839908061556871,1.42109e-14,0
1784,2.0,0.0009703251062843643,0,0
1785,26.0,0.001001536022971261,442.447,13.00083824714825
1786,0.0,0.0005422896774351926,0.0,0
1787,2.0,0.000978685173254057,0,0
1788,25.0,0.000948031594365073,805.499,11.001059795644135
1789,0.0,0.0006810667891323785,0.0,0
1790,3.0,0.0010946114352340386,823.198,3.0000961081979134
1791,31.0,0.0012818769353555304,1596.06,16.000664816784088
1792,2.0,0.0008332200079810281,36.7648,0
1793,0.0,0.0006950002340818662,0.0,0
1794,0.0,0.0006905415316980079,0.0,0
1795,23.0,0.0012161110751938153,2709.93,13.006687329217966
1796,1.0,1.6720133939607251e-06,0.0,0
1797,1.0,1.6720133939607251e-06,0.0,0
1798,2.0,0.0009497036077590337,3.4564,0
1799,2.0,0.0016123782495580663,1445.0,0
1800,2.0,0.0008081398070719503,0,0
1801,1.0,1.6720133939607251e-06,0.0,0
1802,0.0,0.000689984193900095,0.0,0
1803,5.0,0.0009424582163852779,1.42109e-13,0
1804,0.0,0.0006827388025263392,0.0,0
1805,0.0,0.0007005736120616612,0.0,0
1806,8.0,0.0010516964247895277,622.126,4.000767188908287
1807,10.0,0.0009067885973145229,73.9112,3.001548636579038
1808,0.0,0.0007028029632536459,0.0,0
1809,0.0,0.0007005736120616612,0.0,0
1810,11.0,0.0009212793800620345,332.312,3.078177048846691
1811,1.0,1.1146755959368093e-06,0.0,0
1812,0.0,1.1146755959368093e-06,0.0,0
1813,6.0,0.0009017725571327517,32.9894,4.001716917125449
1814,1.0,0.0007691261612132738,5.68434e-14,0
1815,0.0,0.0005406176640412319,0.0,0
1816,0.0,0.0007005736120616612,0.0,0
1817,0.0,0.0007005736120616612,0.0,0
1818,0.0,0.0007005736120616612,0.0,0
1819,0.0,0.0007005736120616612,0.0,0
1820,0.0,0.0007005736120616612,0.0,0
1821,0.0,0.0007005736120616612,0.0,0
1822,0.0,0.0007005736120616612,0.0,0
1823,0.0,0.0007005736120616612,0.0,0
1824,0.0,0.0007005736120616612,0.0,0
1825,0.0,0.0007005736120616612,0.0,0
1826,0.0,0.0007005736120616612,0.0,0
1827,0.0,0.0006465118456575603,0.0,0
1828,0.0,0.0007028029632536459,0.0,0
1829,0.0,0.0006972295852738508,0.0,0
1830,10.0,0.0009017725571327517,643.083,7.0032201862907675
1831,0.0,0.0006994589364657244,0.0,0
1832,0.0,0.0007044749766474956,0.0,0
1833,0.0,0.0006977869230717637,0.0,0
1834,0.0,0.0006977869230717637,0.0,0
1835,42.0,0.0018943911753362963,2644.49,17.000659906207662
1836,0.0,0.0007067043278394802,0.0,0
1837,0.0,0.0007039176388495827,0.0,0
1838,15.0,0.0008376787103648864,797.609,7.0019269568809115
1839,0.0,0.0007061469900414563,0.0,0
1840,0.0,0.0007061469900414563,0.0,0
1841,0.0,0.0007067043278394802,0.0,0
1842,0.0,0.0007072616656375041,0.0,0
1843,3.0,2.2293511918736186e-06,0.0,3.0
1844,0.0,0.000707819003435417,0.0,0
1845,0.0,0.0007050323144455195,0.0,0
1846,0.0,0.0007128350436172992,0.0,0
1847,4.0,0.0007825022683648486,10.8474,0
1848,0.0,0.0007067043278394802,0.0,0
1849,0.0,0.0007050323144455195,0.0,0
1850,0.0,0.0007050323144455195,0.0,0
1851,12.0,0.0008332200079810281,356.144,6.000656490336252
1852,0.0,0.0007050323144455195,0.0,0
1853,1.0,0.0007668968100214002,0.0,0
1854,0.0,0.0007072616656375041,0.0,0
1855,0.0,0.0007044749766474956,0.0,0
1856,0.0,0.0007044749766474956,0.0,0
1857,0.0,0.000707819003435417,0.0,0
1858,15.0,0.0007875183085466197,105.178,3.009488582757278
1859,4.0,0.001392229819355717,1247.0,3.0
1860,0.0,0.0007072616656375041,0.0,0
1861,3.0,0.0016123782495580663,1684.48,3.0003031632587853
1862,0.0,0.0007067043278394802,0.0,0
1863,7.0,0.0007825022683648486,77.2923,3.0005327771537447
1864,4.0,0.0007451606359001328,157.953,3.0000320949651273
1865,58.0,0.000911804637496294,1407.16,9.033824014077169
1866,0.0,0.0007000162742637484,0.0,0
1867,19.0,0.0008778070318194997,619.225,8.070176285447305
1868,1.0,0.0007122777058192753,0.0,0
1869,1.0,0.0007133923814152121,0.0,0
1870,4.0,0.0007724701880011953,0,0
1871,3.0,0.0007707981746072345,2.84217e-14,0
1872,0.0,0.000696114909677803,0.0,0
1873,1.0,1.1146755959368093e-06,0.0,0
1874,1.0,0.0007340138799405427,42.0041,0
1875,15.0,0.0014914359473962024,1403.89,8.000713615399146
1876,0.0,0.0007106056924253146,0.0,0
1877,18.0,0.0007786009037790143,288.563,9.019672173024258
1878,2.0,0.0007479473248900304,91.5176,0
1879,0.0,0.0007172937460010465,0.0,0
1880,14.0,0.0007891903219405805,251.769,5.029489118562061
1881,0.0,0.0007061469900414563,0.0,0
1882,0.0,0.0007161790704051096,0.0,0
1883,0.0,0.0007033603010515588,0.0,0
1884,0.0,0.0007033603010515588,0.0,0
1885,0.0,0.0007033603010515588,0.0,0
1886,0.0,0.0007033603010515588,0.0,0
1887,3.0,0.0007167364082031336,0,0
1888,0.0,0.0007033603010515588,0.0,0
1889,0.0,0.0006877548427081104,0.0,0
1890,0.0,0.0007150643948091728,0.0,0
1891,2.0,0.0007072616656375041,0.0,0
1892,2.0,0.0007256538129708501,0.0,0
1893,0.0,0.000702245625455622,0.0,0
1894,1.0,1.1146755959368093e-06,0.0,0
1895,1.0,1.1146755959368093e-06,0.0,0
1896,1.0,1.6720133939607251e-06,0.0,0
1897,1.0,0.0007161790704051096,0.0,0
1898,26.0,1.5048120545424482e-05,0.0,26.0
