0,13
1,0
2,0
3,0
4,0
5,0
6,0
7,0
8,0
9,0
10,0
11,0
12,0
13,0
14,10
15,0
16,0
17,0
18,0
19,0
20,0
21,0
22,0
23,11
24,0
25,0
26,0
27,0
28,0
29,0
30,0
31,0
32,5
33,0
34,0
35,9
36,0
37,0
38,0
39,2
40,0
41,2
42,0
43,6
44,0
45,0
46,0
47,0
48,0
49,8
50,0
51,0
52,0
53,0
54,0
55,0
56,0
57,44
58,0
59,0
60,0
61,0
62,0
63,0
64,0
65,0
66,0
67,0
68,0
69,0
70,0
71,0
72,0
73,0
74,0
75,0
76,0
77,0
78,0
79,0
80,0
81,0
82,0
83,0
84,0
85,0
86,0
87,0
88,0
89,0
90,0
91,0
92,0
93,0
94,0
95,0
96,94
97,0
98,0
99,0
100,0
101,0
102,0
103,0
104,0
105,0
106,0
107,0
108,0
109,0
110,0
111,0
112,0
113,0
114,0
115,0
116,0
117,0
118,0
119,0
120,0
121,0
122,0
123,0
124,0
125,0
126,0
127,0
128,0
129,0
130,0
131,0
132,0
133,0
134,0
135,0
136,0
137,0
138,0
139,0
140,0
141,0
142,0
143,0
144,0
145,0
146,0
147,0
148,0
149,0
150,0
151,0
152,0
153,0
154,0
155,29
156,0
157,0
158,4
159,0
160,0
161,0
162,0
163,0
164,0
165,0
166,0
167,0
168,0
169,5
170,16.00000025298521677541430108249187469482421875
171,0
172,0
173,0
174,10
175,0
176,0
177,0
178,0
179,0
180,0
181,3
182,0
183,3
184,0
185,29
186,0
187,0
188,0
189,0
190,0
191,0
192,3
193,10
194,0
195,0
196,0
197,0
198,8
199,0
200,0
201,0
202,2
203,0
204,0
205,8
206,0
207,0
208,0
209,0
210,0
211,0
212,0
213,4
214,0
215,0
216,0
217,1
218,0
219,9
220,0
221,0
222,0
223,0
224,0
225,20
226,0
227,0
228,0
229,0
230,0
231,6
232,0
233,0
234,0
235,0
236,13
237,0
238,0
239,0
240,0
241,0
242,0
243,0
244,5
245,0
246,0
247,0
248,2
249,0
250,0
251,0
252,37
253,0
254,0
255,0
256,0
257,0
258,0
259,0
260,0
261,0
262,0
263,0
264,0
265,0
266,0
267,0
268,0
269,0
270,0
271,0
272,0
273,29
274,0
275,0
276,0
277,0
278,0
279,0
280,0
281,0
282,0
283,0
284,0
285,0
286,0
287,0
288,0
289,0
290,0
291,0
292,0
293,0
294,0
295,0
296,0
297,7
298,0
299,0
300,2
301,8
302,0
303,0
304,9
305,0
306,0
307,0
308,0
309,0
310,0
311,0
312,4
313,7
314,7
315,0
316,0
317,2
318,0
319,10
320,0
321,0
322,0
323,0
324,0
325,0
326,9
327,0
328,0
329,0
330,0
331,10
332,0
333,0
334,45
335,0
336,0
337,0
338,0
339,0
340,0
341,0
342,0
343,0
344,0
345,0
346,0
347,0
348,0
349,0
350,0
351,0
352,0
353,2
354,0
355,0
356,9
357,0
358,0
359,0
360,0
361,5
362,2
363,0
364,0
365,15
366,0
367,0
368,0
369,0
370,0
371,0
372,0
373,0
374,0
375,7
376,0
377,0
378,0
379,0
380,40
381,0
382,0
383,0
384,0
385,0
386,0
387,0
388,0
389,0
390,0
391,0
392,0
393,0
394,0
395,0
396,0
397,0
398,1
399,22
400,0
401,0
402,0
403,0
404,0
405,0
406,0
407,0
408,0
409,0
410,0
411,0
412,0
413,0
414,0
415,3
416,0
417,0
418,0
419,8
420,0
421,30
422,0
423,0
424,0
425,0
426,0
427,0
428,0
429,0
430,0
431,0
432,0
433,0
434,0
435,0
436,0
437,0
438,0
439,0
440,0
441,0
442,0
443,0
444,0
445,0
446,0
447,0
448,8
449,0
450,0
451,0
452,0
453,0
454,11
455,0
456,0
457,0
458,0
459,10
460,0
461,0
462,0
463,10
464,0
465,0
466,0
467,40
468,0
469,0
470,0
471,0
472,0
473,0
474,0
475,0
476,0
477,0
478,0
479,0
480,0
481,0
482,17
483,0
484,0
485,0
486,0
487,0
488,0
489,0
490,0
491,0
492,14
493,0
494,0
495,0
496,0
497,0
498,0
499,11
500,0
501,96
502,0
503,0
504,0
505,0
506,0
507,0
508,0
509,0
510,0
511,0
512,0
513,0
514,0
515,0
516,0
517,0
518,0
519,0
520,0
521,0
522,0
523,0
524,0
525,0
526,0
527,0
528,16
529,0
530,0
531,0
532,5
533,0
534,11
535,0
536,0
537,0
538,0
539,8
540,0
541,0
542,5
543,0
544,0
545,0
546,0
547,0
548,16
549,0
550,0
551,0
552,0
553,0
554,0
555,9
556,0
557,6
558,10
559,0
560,0
561,11
562,0
563,0
564,0
565,0
566,0
567,0
568,10
569,0
570,0
571,0
572,0
573,0
574,12
575,0
576,0
577,0
578,5
579,0
580,0
581,0
582,0
583,0
584,75
585,0
586,0
587,0
588,0
589,0
590,0
591,0
592,0
593,0
594,0
595,0
596,0
597,0
598,0
599,0
600,0
601,0
602,0
603,0
604,0
605,0
606,0
607,0
608,0
609,0
610,0
611,4
612,0
613,0
614,0
615,0
616,0
617,0
618,0
619,0
620,0
621,0
622,0
623,0
624,0
625,0
626,0
627,0
628,0
629,0
630,0
631,0
632,8
633,0
634,6
635,0
636,0
637,0
638,0
639,1
640,0
641,16
642,0
643,0
644,0
645,0
646,0
647,0
648,0
649,0
650,0
651,0
652,9
653,0
654,0
655,7
656,0
657,13
658,0
659,9
660,0
661,0
662,0
663,12
664,0
665,0
666,0
667,0
668,0
669,10
670,0
671,0
672,0
673,0
674,0
675,0
676,0
677,9
678,0
679,0
680,0
681,0
682,0
683,0
684,0
685,20
686,0
687,0
688,0
689,0
690,0
691,0
692,0
693,0
694,0
695,12
696,0
697,0
698,0
699,0
700,10
701,11
702,0
703,0
704,6
705,0
706,13
707,0
708,2
709,0
710,8
711,0
712,0
713,0
714,8.00000025298521677541430108249187469482421875
715,13
716,0
717,0
718,12
719,0
720,9
721,0
722,0
723,0
724,0
725,0
726,6
727,0
728,0
729,4
730,20
731,9
732,1
733,0
734,8
735,0
736,5
737,0
738,15
739,0
740,0
741,0
742,0
743,0
744,0
745,0
746,0
747,4
748,0
749,2
750,0
751,0
752,6
753,0
754,0
755,0
756,0
757,3
758,0
759,5
760,0
761,8
762,0
763,0
764,0
765,0
766,0
767,0
768,9
769,0
770,0
771,0
772,0
773,0
774,6
775,0
776,0
777,7
778,0
779,0
780,0
781,0
782,13
783,0
784,7
785,0
786,0
787,0
788,0
789,15
790,0
791,0
792,0
793,0
794,0
795,0
796,0
797,0
798,52
799,0
800,0
801,10
802,0
803,0
804,0
805,0
806,0
807,0
808,0
809,0
810,0
811,0
812,0
813,0
814,0
815,0
816,0
817,0
818,0
819,0
820,16
821,0
822,0
823,0
824,0
825,0
826,0
827,6
828,0
829,6
830,0
831,68.000000031709788572698016650974750518798828125
832,0
833,0
834,0
835,0
836,0
837,0
838,0
839,0
840,0
841,0
842,0
843,0
844,0
845,7
846,0
847,0
848,0
849,0
850,0
851,0
852,0
853,0
854,0
855,0
856,0
857,0
858,0
859,0
860,0
861,0
862,0
863,0
864,10
865,0
866,0
867,4
868,6
869,0
870,0
871,0
872,0
873,0
874,0
875,6
876,0
877,0
878,11
879,0
880,0
881,0
882,0
883,29
884,0
885,0
886,0
887,0
888,23
889,0
890,0
891,0
892,0
893,23
894,0
895,0
896,0
897,0
898,20
899,0
900,0
901,0
902,0
903,5
904,10
905,0
906,0
907,9
908,0
909,8
910,8
911,0
912,0
913,0
914,0
915,0
916,0
917,0
918,29
919,0
920,0
921,0
922,6
923,0
924,82
925,0
926,0
927,0
928,0
929,0
930,0
931,0
932,0
933,0
934,0
935,0
936,0
937,0
938,0
939,0
940,0
941,0
942,0
943,0
944,0
945,0
946,0
947,0
948,0
949,0
950,0
951,0
952,0
953,0
954,0
955,0
956,9
957,0
958,0
959,0
960,0
961,15
962,0
963,0
964,16
965,0
966,0
967,0
968,13
969,0
970,0
971,5
972,0
973,9
974,11
975,0
976,7
977,0
978,0
979,11
980,0
981,0
982,0
983,10
984,24
985,0
986,0
987,0
988,0
989,0
990,0
991,0
992,8
993,0
994,0
995,0
996,11
997,0
998,0
999,8
1000,0
1001,0
1002,0
1003,0
1004,3
1005,0
1006,0
1007,9
1008,0
1009,16
1010,0
1011,0
1012,0
1013,0
1014,17
1015,0
1016,10
1017,0
1018,0
1019,50
1020,0
1021,0
1022,0
1023,0
1024,0
1025,0
1026,0
1027,0
1028,0
1029,0
1030,0
1031,0
1032,0
1033,0
1034,0
1035,0
1036,0
1037,8
1038,9
1039,0
1040,0
1041,0
1042,0
1043,7
1044,0
1045,0
1046,0
1047,0
1048,14
1049,0
1050,4
1051,0
1052,0
1053,5
1054,0
1055,0
1056,23
1057,0
1058,0
1059,0
1060,0
1061,0
1062,0
1063,0
1064,16
1065,0
1066,0
1067,6
1068,0
1069,10
1070,0
1071,11
1072,1
1073,0
1074,4
1075,2
1076,0
1077,0
1078,6
1079,0
1080,6
1081,6
1082,0
1083,0
1084,8
1085,0
1086,0
1087,0
1088,7
1089,0
1090,8
1091,0
1092,0
1093,0
1094,11
1095,0
1096,0
1097,0
1098,0
1099,12
1100,0
1101,29
1102,8
1103,19
1104,0
1105,0
1106,0
1107,0
1108,0
1109,0
1110,9
1111,0
1112,14
1113,9
1114,0
1115,0
1116,5
1117,0
1118,14
1119,0
1120,10
1121,0
1122,0
1123,0
1124,14
1125,0
1126,0
1127,0
1128,0
1129,0
1130,7
1131,0
1132,7
1133,0
1134,0
1135,0
1136,0
1137,0
1138,9
1139,11
1140,0
1141,0
1142,0
1143,0
1144,8
1145,0
1146,0
1147,0
1148,0
1149,0
1150,9
1151,0
1152,10
1153,0
1154,0
1155,0
1156,27
1157,0
1158,0
1159,5
1160,0
1161,22
1162,0
1163,4
1164,0
1165,10
1166,8
1167,0
1168,48
1169,0
1170,0
1171,0
1172,0
1173,0
1174,16
1175,0
1176,13
1177,0
1178,0
1179,11
1180,0
1181,0
1182,0
1183,0
1184,0
1185,0
1186,0
1187,0
1188,0
1189,12
1190,0
1191,0
1192,0
1193,0
1194,11
1195,0
1196,0
1197,0
1198,11
1199,13
1200,0
1201,0
1202,1
1203,0
1204,5
1205,0
1206,0
1207,0
1208,14
1209,0
1210,0
1211,0
1212,0
1213,4
1214,0
1215,3
1216,0
1217,0
1218,4
1219,0
1220,0
1221,10
1222,0
1223,8
1224,0
1225,0
1226,0
1227,13
1228,0
1229,2
1230,0
1231,0
1232,15
1233,0
1234,0
1235,0
1236,0
1237,2
1238,2
1239,0
1240,1
1241,0
1242,16
1243,0
1244,13
1245,11
1246,0
1247,0
1248,0
1249,0
1250,0
1251,0
1252,26
1253,0
1254,0
1255,0
1256,0
1257,0
1258,11.0000001902587456470428151078522205352783203125
1259,0
1260,6
1261,9
1262,0
1263,0
1264,0
1265,7
1266,0
1267,0
1268,0
1269,0
1270,4
1271,10
1272,0
1273,0
1274,16
1275,0
1276,0
1277,0
1278,0
1279,0
1280,0
1281,2
1282,7
1283,0
1284,6
1285,0
1286,0
1287,0
1288,0
1289,16
1290,0
1291,4
1292,7
1293,0
1294,10
1295,0
1296,9
1297,0
1298,13
1299,0
1300,0
1301,0
1302,5
1303,6
1304,8
1305,0
1306,20
1307,0
1308,0
1309,0
1310,0
1311,4
1312,0
1313,0
1314,0
1315,5
1316,0
1317,0
1318,25
1319,3
1320,0
1321,37.00000019025875275247017270885407924652099609375
1322,10
1323,0
1324,0
1325,0
1326,0
1327,20
1328,0
1329,14
1330,0
1331,0
1332,3
1333,0
1334,23
1335,0
1336,0
1337,0
1338,0
1339,0
1340,0
1341,3
1342,6
1343,0
1344,0
1345,0
1346,0
1347,12
1348,0
1349,0
1350,0
1351,21
1352,0
1353,0
1354,0
1355,0
1356,0
1357,6
1358,0
1359,34
1360,0
1361,0
1362,0
1363,0
1364,14
1365,16
1366,11
1367,0
1368,0
1369,0
1370,0
1371,6
1372,0
1373,0
1374,23
1375,0
1376,0
1377,0
1378,0
1379,0
1380,0
1381,0
1382,0
1383,0
1384,0
1385,18
1386,0
1387,0
1388,0
1389,7
1390,10.000003741755305597393999050837010145187377929688
1391,0
1392,0
1393,0
1394,123
1395,16
1396,22
1397,0
1398,0
1399,20
1400,0
1401,12
1402,0
1403,0
1404,0
1405,0
1406,0
1407,6
1408,0
1409,0
1410,0
1411,0
1412,6
1413,0
1414,0
1415,0
1416,0
1417,18
1418,0
1419,0
1420,0
1421,8
1422,0
1423,4
1424,0
1425,0
1426,13
1427,8.000000190258742094329136307351291179656982421875
1428,0
1429,9
1430,0
1431,16
1432,11.000000158548955297987959056627005338668823242188
1433,0
1434,15
1435,12
1436,0
1437,0
1438,0
1439,0
1440,14
1441,0
1442,14
1443,0
1444,0
1445,0
1446,0
1447,0
1448,0
1449,27
1450,0
1451,0
1452,0
1453,0
1454,0
1455,0
1456,0
1457,0
1458,0
1459,0
1460,4
1461,7
1462,12
1463,0
1464,0
1465,0
1466,0
1467,0
1468,0
1469,12
1470,0
1471,15
1472,0
1473,16
1474,0
1475,19
1476,0
1477,0
1478,0
1479,0
1480,18
1481,0
1482,0
1483,12
1484,0
1485,8
1486,0
1487,0
1488,0
1489,8
1490,0
1491,8
1492,0
1493,0
1494,0
1495,0
1496,0
1497,37
1498,0
1499,0
1500,0
1501,0
1502,0
1503,0
1504,0
1505,0
1506,27
1507,3
1508,5
1509,0
1510,0
1511,10
1512,0
1513,10
1514,0
1515,6
1516,0
1517,12
1518,0
1519,0
1520,0
1521,0
1522,0
1523,0
1524,0
1525,0
1526,18
1527,0
1528,0
1529,10
1530,0
1531,0
1532,0
1533,14
1534,0
1535,0
1536,0
1537,23
1538,0
1539,0
1540,9
1541,0
1542,0
1543,6
1544,0
1545,0
1546,0
1547,0
1548,20
1549,0
1550,0
1551,0
1552,0
1553,5
1554,0
1555,4
1556,10
1557,0
1558,0
1559,10
1560,0
1561,33
1562,0
1563,0
1564,0
1565,0
1566,0
1567,0
1568,0
1569,19
1570,0
1571,0
1572,0
1573,0
1574,0
1575,0
1576,0
1577,0
1578,0
1579,0
1580,0
1581,13
1582,0
1583,192
1584,0
1585,0
1586,0
1587,0
1588,0
1589,0
1590,0
1591,0
1592,0
1593,0
1594,0
1595,0
1596,0
1597,0
1598,0
1599,0
1600,0
1601,0
1602,0
1603,0
1604,0
1605,0
1606,0
1607,0
1608,0
1609,0
1610,0
1611,0
1612,0
1613,0
1614,14
1615,0
1616,0
1617,9
1618,0
1619,0
1620,0
1621,0
1622,0
1623,5
1624,18.00000034880769561596025596372783184051513671875
1625,0
1626,18
1627,0
1628,0
1629,0
1630,0
1631,0
1632,33
1633,15
1634,3
1635,26
1636,0
1637,0
1638,0
1639,0
1640,0
1641,0
1642,5
1643,0
1644,0
1645,0
1646,6
1647,6
1648,8
1649,0
1650,25
1651,0
1652,0
1653,20
1654,0
1655,0
1656,0
1657,7
1658,0
1659,0
1660,14
1661,0
1662,0
1663,0
1664,0
1665,15
1666,0
1667,4
1668,0
1669,49
1670,0
1671,0
1672,5
1673,0
1674,0
1675,0
1676,0
1677,16
1678,0
1679,11
1680,8
1681,0
1682,0
1683,0
1684,5
1685,0
1686,0
1687,0
1688,0
1689,0
1690,14
1691,6
1692,0
1693,12
1694,11
1695,0
1696,0
1697,0
1698,9
1699,10
1700,0
1701,0
1702,0
1703,10
1704,12
1705,0
1706,201
1707,0
1708,0
1709,0
1710,0
1711,0
1712,0
1713,0
1714,0
1715,0
1716,0
1717,0
1718,0
1719,0
1720,0
1721,0
1722,0
1723,0
1724,0
1725,0
1726,0
1727,0
1728,0
1729,0
1730,0
1731,0
1732,0
1733,0
1734,0
1735,0
1736,13
1737,0
1738,0
1739,0
1740,0
1741,0
1742,0
1743,0
1744,0
1745,0
1746,0
1747,0
1748,0
1749,0
1750,0
1751,0
1752,0
1753,0
1754,0
1755,0
1756,0
1757,0
1758,0
1759,0
1760,0
1761,0
1762,0
1763,0
1764,0
1765,0
1766,15
1767,0
1768,0
1769,10
1770,0
1771,0
1772,0
1773,7
1774,13
1775,0
1776,0
1777,3
1778,7
1779,15
1780,0
1781,15
1782,0
1783,0
1784,24
1785,0
1786,0
1787,0
1788,4
1789,14
1790,0
1791,0
1792,0
1793,16
1794,0
1795,0
1796,0
1797,0
1798,0
1799,0
1800,0
1801,0
1802,0
1803,0
1804,6
1805,0
1806,0
1807,0
1808,11
1809,21
1810,6
1811,0
1812,16
1813,0
1814,0
1815,0
1816,0
1817,12
1818,0
1819,0
1820,7
1821,0
1822,12
1823,8
1824,0
1825,0
1826,0
1827,0
1828,0
1829,0
1830,0
1831,21
1832,0
1833,0
1834,0
1835,0
1836,16
1837,0
1838,0
1839,0
1840,0
1841,0
1842,4
1843,0
1844,0
1845,0
1846,0
1847,0
1848,18
1849,0
1850,0
1851,0
1852,64
1853,0
1854,0
1855,0
1856,0
1857,0
1858,0
1859,0
1860,0
1861,0
1862,0
1863,0
1864,0
1865,0
1866,0
1867,0
1868,0
1869,0
1870,0
1871,0
1872,0
1873,0
1874,0
1875,0
1876,0
1877,0
1878,0
1879,0
1880,0
1881,0
1882,0
1883,0
1884,0
1885,0
1886,0
1887,0
1888,0
1889,0
1890,0
1891,0
1892,0
1893,0
1894,0
1895,0
1896,0
1897,0
1898,0
1899,0
1900,0
1901,0
1902,0
1903,0
1904,4
1905,6
1906,18
1907,0
1908,0
1909,0
1910,0
1911,6
1912,0
1913,0
1914,0
1915,0
1916,0
1917,18
1918,0
1919,0
1920,0
1921,0
1922,0
1923,0
1924,0
1925,15
1926,0
1927,0
1928,0
1929,10
1930,15
1931,0
1932,0
1933,5
1934,17
1935,0
1936,0
1937,0
1938,31
1939,0
1940,19
1941,14
1942,10
1943,0
1944,13
1945,0
1946,0
1947,28.000000379477825163121451623737812042236328125
1948,0
1949,0
1950,0
1951,0
1952,17
1953,4
1954,11
1955,10
1956,0
1957,0
1958,10
1959,0
1960,14
1961,15
1962,0
1963,0
1964,0
1965,8
1966,0
1967,7
1968,12
1969,0
1970,0
1971,0
1972,0
1973,0
1974,7
1975,0
1976,1
1977,0
1978,5
1979,0
1980,0
1981,0
1982,4
1983,0
1984,15
1985,15
1986,15
1987,0
1988,0
1989,18
1990,0
1991,0
1992,3
1993,0
1994,19
1995,0
1996,0
1997,0
1998,9
1999,7
2000,0
2001,0
2002,0
2003,6
2004,0
2005,5
2006,0
2007,0
2008,6
2009,0
2010,0
2011,10
2012,9
2013,4
2014,0
2015,0
2016,3
2017,0
2018,0
2019,0
2020,23
2021,0
2022,0
2023,0
2024,8
2025,0
2026,17
2027,0
2028,0
2029,0
2030,0
2031,0
2032,1
2033,0
2034,8
2035,0
2036,0
2037,0
2038,0
2039,0
2040,0
2041,0
2042,4
2043,0
2044,0
2045,0
2046,18
2047,0
2048,0
2049,11
2050,0
2051,4
2052,0
2053,0
2054,0
2055,5
2056,0
2057,0
2058,0
2059,0
2060,0
2061,0
2062,0
2063,0
2064,0
2065,0
2066,0
2067,0
2068,0
2069,0
2070,0
2071,0
2072,0
2073,0
2074,0
2075,0
2076,0
2077,0
2078,0
2079,0
2080,0
2081,0
2082,0
2083,0
2084,0
2085,6
2086,3
2087,17
2088,0
2089,0
2090,13
2091,0
2092,0
2093,0
2094,0
2095,0
2096,17
2097,0
2098,0
2099,0
2100,13
2101,0
2102,3
2103,51
2104,0
2105,0
2106,0
2107,0
2108,0
2109,0
2110,0
2111,0
2112,0
2113,0
2114,0
2115,0
2116,0
2117,0
2118,0
2119,0
2120,0
2121,0
2122,0
2123,0
2124,1
2125,0
2126,8
2127,3
2128,0
2129,4
2130,0
2131,7
2132,12
2133,0
2134,0
2135,7
2136,0
2137,12
2138,14
2139,12
2140,0
2141,0
2142,0
2143,11
2144,9
2145,5
2146,0
2147,0
2148,0
2149,0
2150,12
2151,11
2152,0
2153,13
2154,60
2155,0
2156,0
2157,0
2158,0
2159,0
2160,0
2161,0
2162,0
2163,0
2164,0
2165,0
2166,0
2167,0
2168,0
2169,0
2170,0
2171,0
2172,0
2173,0
2174,0
2175,0
2176,0
2177,0
2178,0
2179,0
2180,0
2181,0
2182,0
2183,0
2184,0
2185,0
2186,0
2187,0
2188,9
2189,14
2190,0
2191,0
2192,12
2193,0
2194,11
2195,0
2196,8
2197,0
2198,0
2199,15
2200,0
2201,0
2202,10
2203,19
2204,0
2205,0
2206,16
2207,23
2208,0
2209,0
2210,0
2211,19
2212,0
2213,0
2214,0
2215,0
2216,0
2217,19
2218,0
2219,0
2220,6
2221,5
2222,24
2223,0
2224,0
2225,0
2226,0
2227,4
2228,7
2229,16
2230,0
2231,0
2232,0
2233,13
2234,0
2235,0
2236,9
2237,0
2238,0
2239,0
2240,0
2241,0
2242,0
2243,6
2244,9
2245,0
2246,7
2247,0
2248,0
2249,0
2250,0
2251,59
2252,0
2253,0
2254,0
2255,0
2256,0
2257,0
2258,0
2259,0
2260,0
2261,0
2262,0
2263,0
2264,0
2265,0
2266,0
2267,0
2268,0
2269,0
2270,15
2271,0
2272,0
2273,8
2274,0
2275,8
2276,0
2277,0
2278,18
2279,26
2280,16
2281,0
2282,27
2283,0
2284,16
2285,0
2286,9
2287,0
2288,0
2289,0
2290,6
2291,0
2292,7
2293,0
2294,0
2295,8
2296,0
2297,0
2298,0
2299,0
2300,16
2301,0
2302,11
2303,18
2304,0
2305,0
2306,0
2307,0
2308,0
2309,5
2310,0
2311,24
2312,0
2313,0
2314,0
2315,11
2316,0
2317,8
2318,6
2319,5
2320,2
2321,7
2322,2
2323,0
2324,0
2325,12
2326,8
2327,0
2328,8
2329,6
2330,26
2331,0
2332,0
2333,0
2334,0
2335,0
2336,0
2337,6
2338,0
2339,11
2340,0
2341,0
2342,0
2343,17
2344,0
2345,13
2346,0
2347,0
2348,11
2349,0
2350,10
2351,0
2352,0
2353,11
2354,0
2355,13
2356,0
2357,0
2358,0
2359,0
2360,17
2361,0
2362,0
2363,12
2364,0
2365,0
2366,0
2367,0
2368,0
2369,0
2370,64
2371,0
2372,0
2373,0
2374,0
2375,0
2376,0
2377,0
2378,0
2379,0
2380,0
2381,0
2382,0
2383,0
2384,10
2385,6
2386,0
2387,8
2388,0
2389,0
2390,0
2391,0
2392,0
2393,9
2394,16
2395,0
2396,0
2397,0
2398,0
2399,0
2400,4
2401,9
2402,0
2403,0
2404,0
2405,0
2406,0
2407,0
2408,0
2409,28
2410,0
2411,0
2412,0
2413,0
2414,15
2415,0
2416,0
2417,0
2418,0
2419,0
2420,5
2421,13
2422,0
2423,0
2424,7
2425,0
2426,0
2427,12
2428,6
2429,0
2430,17
2431,0
2432,19
2433,11
2434,0
2435,0
2436,9
2437,0
2438,8
2439,0
2440,0
2441,3
2442,11
2443,0
2444,0
2445,0
2446,0
2447,0
2448,12
2449,0
2450,6
2451,0
2452,31
2453,0
2454,8
2455,3
2456,0
2457,0
2458,5
2459,0
2460,0
2461,25
2462,0
2463,0
2464,0
2465,0
2466,12
2467,0
2468,0
2469,0
2470,16
2471,17
2472,0
2473,0
2474,6
2475,5
2476,0
2477,6
2478,0
2479,33
2480,29
2481,0
2482,0
2483,7
2484,0
2485,0
2486,4
2487,6
2488,0
2489,0
2490,0
2491,0
2492,0
2493,0
2494,1
2495,10
2496,0
2497,0
2498,20
2499,8.0000000634195824744665515027008950710296630859375
2500,0
2501,9
2502,0
2503,3
2504,0
2505,14
2506,0
2507,0
2508,15
2509,0
2510,0
2511,0
2512,0
2513,14
2514,11
2515,0
2516,0
2517,29
2518,0
2519,0
2520,0
2521,0
2522,0
2523,0
2524,0
2525,0
2526,0
2527,12
2528,0
2529,10
2530,0
2531,0
2532,0
2533,20
2534,0
2535,0
2536,0
2537,0
2538,5
2539,19
2540,6
2541,14
2542,0
2543,5
2544,0
2545,0
2546,0
2547,0
2548,22
2549,0
2550,0
2551,0
2552,0
2553,25
2554,0
2555,0
2556,0
2557,10
2558,0
2559,0
2560,30
2561,23
2562,0
2563,0
2564,18
2565,0
2566,0
2567,0
2568,0
2569,0
2570,44
2571,0
2572,0
2573,0
2574,0
2575,0
2576,0
2577,0
2578,0
2579,0
2580,19
2581,0
2582,0
2583,9
2584,0
2585,0
2586,20
2587,0
2588,0
2589,8
2590,0
2591,0
2592,0
2593,6
2594,0
2595,0
2596,6
2597,0
2598,9
2599,3
2600,9
2601,18
2602,0
2603,0
2604,0
2605,31
2606,0
2607,32
2608,0
2609,0
2610,0
2611,0
2612,0
2613,23
2614,14
2615,0
2616,21
2617,0
2618,0
2619,0
2620,0
2621,0
2622,0
2623,0
2624,0
2625,0
2626,5
2627,0
2628,23
2629,0
2630,0
2631,0
2632,0
2633,0
2634,0
2635,0
2636,0
2637,0
2638,17
2639,0
2640,18
2641,0
2642,0
2643,0
2644,0
2645,10
2646,15
2647,15
2648,17
2649,0
2650,0
2651,12
2652,0
2653,0
2654,0
2655,0
2656,0
2657,0
2658,17
2659,0
2660,8
2661,5
2662,0
2663,15.000003565504055558221807586960494518280029296875
2664,22
2665,0
2666,51
2667,0
2668,95.0000012999926894963209633715450763702392578125
2669,0
2670,12
2671,0
2672,11
2673,0
2674,0
2675,14
2676,0
2677,0
2678,0
2679,0
2680,0
2681,5
2682,0
2683,0
2684,16
2685,22
2686,0
2687,0
2688,0
2689,0
2690,19
2691,0
2692,0
2693,26
2694,0
2695,0
2696,0
2697,0
2698,0
2699,0
2700,6
2701,9
2702,13
2703,0
2704,57
2705,16
2706,0
2707,0
2708,0
2709,15.000002663622414189603659906424582004547119140625
2710,0
2711,0
2712,0
2713,0
2714,0
2715,92
2716,0
2717,10
2718,0
2719,0
2720,0
2721,0
2722,15
2723,0
2724,0
2725,11.000000031709790349054856051225215196609497070312
2726,0
2727,0
2728,11
2729,8
2730,0
2731,0
2732,15
2733,0
2734,0
2735,0
2736,11
2737,0
2738,8
2739,0
2740,13
2741,0
2742,0
2743,0
2744,0
2745,9
2746,0
2747,0
2748,0
2749,0
2750,0
2751,0
2752,0
2753,0
2754,0
2755,12
2756,0
2757,20
2758,0
2759,15
2760,0
2761,0
2762,0
2763,5
2764,8
2765,0
2766,0
2767,0
2768,0
2769,0
2770,10
2771,0
2772,0
2773,0
2774,7
2775,11
2776,11
2777,0
2778,0
2779,10
2780,0
2781,12
2782,0
2783,0
2784,0
2785,19
2786,0
2787,21
2788,0
2789,0
2790,0
2791,25
2792,0
2793,0
2794,0
2795,0
2796,5
2797,0
2798,14
2799,0
2800,0
2801,14
2802,0
2803,0
2804,26
2805,0
2806,0
2807,0
2808,0
2809,0
2810,0
2811,0
2812,0
2813,0
2814,0
2815,0
2816,9
2817,0
2818,0
2819,0
2820,0
2821,0
2822,1
2823,9
2824,13
2825,0
2826,0
2827,0
2828,12
2829,0
2830,0
2831,19
2832,0
2833,0
2834,9
2835,0
2836,0
2837,0
2838,0
2839,0
2840,0
2841,0
2842,0
2843,8
2844,0
2845,14
2846,0
2847,0
2848,27
2849,0
2850,0
2851,11
2852,10
2853,0
2854,0
2855,0
2856,0
2857,5
2858,0
2859,0
2860,9
2861,0
2862,0
2863,0
2864,0
2865,8
2866,0
2867,0
2868,20
2869,0
2870,0
2871,0
2872,13
2873,0
2874,0
2875,0
2876,10
2877,10
2878,0
2879,4
2880,0
2881,0
2882,0
2883,0
2884,0
2885,0
2886,0
2887,0
2888,0
2889,0
2890,0
2891,0
2892,0
2893,0
2894,0
2895,9
2896,0
2897,13
2898,24
2899,0
2900,4
2901,0
2902,0
2903,8
2904,0
2905,0
2906,1
2907,13
2908,0
2909,0
2910,0
2911,0
2912,43
2913,0
2914,0
2915,12
2916,0
2917,0
2918,8
2919,0
2920,0
2921,0
2922,0
2923,3
2924,0
2925,11
2926,0
2927,0
2928,0
2929,0
2930,6
2931,0
2932,0
2933,7
2934,0
2935,0
2936,0
2937,0
2938,0
2939,6
2940,12
2941,0
2942,0
2943,0
2944,0
2945,6
2946,0
2947,11
2948,8
2949,0
2950,0
2951,0
2952,0
2953,0
2954,0
2955,0
2956,0
2957,2
2958,22
2959,0
2960,0
2961,0
2962,0
2963,0
2964,0
2965,18.000000169015958562113155494444072246551513671875
2966,4
2967,22
2968,0
2969,0
2970,0
2971,0
2972,0
2973,15
2974,0
2975,0
2976,0
2977,0
2978,0
2979,0
2980,20
2981,0
2982,12
2983,0
2984,0
2985,0
2986,0
2987,5
2988,0
2989,0
2990,0
2991,16
2992,0
2993,24
2994,14
2995,0
2996,0
2997,7
2998,0
2999,0
3000,11
3001,12
3002,21
3003,6
3004,24
3005,0
3006,14
3007,0
3008,20
3009,0
3010,10
3011,0
3012,0
3013,0
3014,0
3015,12
3016,0
3017,18
3018,34
3019,0
3020,0
3021,0
3022,3
3023,13
3024,7
3025,0
3026,0
3027,1
3028,11
3029,0
3030,11
3031,7
3032,0
3033,0
3034,0
3035,16
3036,0
3037,0
3038,0
3039,0
3040,6
3041,0
3042,0
3043,0
3044,0
3045,12
3046,0
3047,0
3048,9
3049,0
3050,0
3051,0
3052,11
3053,13
3054,13
3055,0
3056,22
3057,0
3058,31
3059,0
3060,0
3061,34
3062,0
3063,41
3064,0
3065,10
3066,0
3067,0
3068,11
3069,11
3070,0
3071,0
3072,0
3073,0
3074,0
3075,0
3076,0
3077,0
3078,0
3079,0
3080,10
3081,18.000000031709788572698016650974750518798828125
3082,0
3083,10
3084,0
3085,11
3086,37
3087,0
3088,0
3089,0
3090,0
3091,25
3092,0
3093,0
3094,0
3095,0
3096,12
3097,0
3098,0
3099,0
3100,0
3101,0
3102,0
3103,0
3104,0
3105,0
3106,0
3107,0
3108,17
3109,0
3110,0
3111,297
3112,0
3113,0
3114,0
3115,0
3116,0
3117,0
3118,0
3119,0
3120,0
3121,0
3122,0
3123,0
3124,0
3125,0
3126,0
3127,0
3128,0
3129,0
3130,0
3131,0
3132,0
3133,0
3134,0
3135,0
3136,0
3137,0
3138,0
3139,0
3140,0
3141,0
3142,0
3143,0
3144,0
3145,0
3146,0
3147,0
3148,0
3149,0
3150,0
3151,0
3152,0
3153,0
3154,0
3155,0
3156,0
3157,0
3158,0
3159,0
3160,0
3161,0
3162,0
3163,0
3164,0
3165,0
3166,0
3167,0
3168,0
3169,0
3170,0
3171,0
3172,0
3173,0
3174,0
3175,0
3176,10
3177,25
3178,0
3179,12
3180,4
3181,0
3182,11
3183,0
3184,0
3185,0
3186,0
3187,0
3188,22
3189,0
3190,0
3191,7
3192,1
3193,15
3194,0
3195,13
3196,0
3197,0
3198,34
3199,0
3200,0
3201,0
3202,0
3203,0
3204,0
3205,0
3206,0
3207,0
3208,0
3209,0
3210,0
3211,0
3212,0
3213,0
3214,0
3215,0
3216,0
3217,0
3218,0
3219,19
3220,0
3221,0
3222,9
3223,0
3224,0
3225,30
3226,0
3227,0
3228,11
3229,0
3230,12
3231,0
3232,0
3233,0
3234,9
3235,8
3236,15
3237,0
3238,0
3239,0
3240,0
3241,8
3242,0
3243,0
3244,0
3245,7
3246,0
3247,0
3248,7
3249,13
3250,33
3251,0
3252,0
3253,0
3254,0
3255,0
3256,0
3257,0
3258,0
3259,0
3260,0
3261,0
3262,0
3263,0
3264,0
3265,0
3266,0
3267,0
3268,0
3269,0
3270,0
3271,0
3272,13
3273,0
3274,0
3275,16
3276,0
3277,0
3278,4
3279,26
3280,0
3281,0
3282,22
3283,18
3284,0
3285,0
3286,10
3287,0
3288,0
3289,0
3290,0
3291,4
3292,0
3293,0
3294,13
3295,0
3296,0
3297,8
3298,0
3299,0
3300,10
3301,0
3302,0
3303,0
3304,9
3305,0
3306,0
3307,0
3308,0
3309,0
3310,13
3311,0
3312,0
3313,3
3314,9
3315,0
3316,0
3317,24
3318,0
3319,0
3320,0
3321,0
3322,15
3323,2
3324,0
3325,0
3326,15
3327,0
3328,0
3329,0
3330,11
3331,0
3332,13
3333,13
3334,0
3335,0
3336,28
3337,0
3338,0
3339,0
3340,15
3341,0
3342,0
3343,14
3344,0
3345,0
3346,10
3347,0
3348,0
3349,1
3350,0
3351,24
3352,4
3353,0
3354,0
3355,6
3356,0
3357,0
3358,10
3359,0
3360,0
3361,24
3362,30
3363,0
3364,0
3365,0
3366,0
3367,0
3368,0
3369,40
3370,10
3371,0
3372,0
3373,0
3374,11
3375,0
3376,11
3377,0
3378,0
3379,11
3380,20
3381,0
3382,0
3383,10
3384,0
3385,16
3386,0
3387,0
3388,6
3389,0
3390,7
3391,3
3392,0
3393,0
3394,0
3395,13
3396,0
3397,0
3398,0
3399,9
3400,0
3401,0
3402,0
3403,0
3404,0
3405,0
3406,0
3407,0
3408,0
3409,0
3410,0
3411,0
3412,0
3413,0
3414,0
3415,0
3416,0
3417,0
3418,0
3419,0
3420,0
3421,0
3422,0
3423,0
3424,0
3425,0
3426,0
3427,0
3428,0
3429,0
3430,0
3431,0
3432,0
3433,0
3434,0
3435,0
3436,12
3437,0
3438,0
3439,0
3440,0
3441,0
3442,0
3443,10
3444,0
3445,0
3446,0
3447,0
3448,25
3449,0
3450,0
3451,15
3452,0
3453,0
3454,0
3455,55
3456,0
3457,0
3458,0
3459,0
3460,0
3461,0
3462,0
3463,0
3464,0
3465,0
3466,0
3467,12
3468,6
3469,0
3470,9
3471,0
3472,0
3473,0
3474,16
3475,0
3476,0
3477,7
3478,9
3479,0
3480,0
3481,0
3482,0
3483,0
3484,21
3485,0
3486,0
3487,0
3488,0
3489,4
3490,12
3491,0
3492,0
3493,0
3494,0
3495,0
3496,0
3497,0
3498,23
3499,0
3500,0
3501,0
3502,0
3503,1
3504,3
3505,0
3506,14
3507,0
3508,11
3509,0
3510,0
3511,0
3512,13
3513,0
3514,0
3515,2
3516,0
3517,11
3518,0
3519,0
3520,17
3521,0
3522,0
3523,0
3524,0
3525,0
3526,0
3527,0
3528,0
3529,0
3530,25
3531,0
3532,3
3533,0
3534,14
3535,0
3536,0
3537,0
3538,0
3539,0
3540,0
3541,2
3542,0
3543,17
3544,0
3545,0
3546,9
3547,0
3548,0
3549,0
3550,0
3551,4
3552,0
3553,12
3554,0
3555,0
3556,0
3557,12
3558,8
3559,0
3560,0
3561,13
3562,0
3563,0
3564,0
3565,25
3566,0
3567,0
3568,0
3569,0
3570,0
3571,0
3572,0
3573,22
3574,0
3575,0
3576,0
3577,0
3578,0
3579,0
3580,0
3581,0
3582,31
3583,0
3584,0
3585,0
3586,0
3587,24
3588,0
3589,0
3590,0
3591,0
3592,8
3593,0
3594,0
3595,0
3596,0
3597,0
3598,0
3599,0
3600,20
3601,0
3602,2
3603,0
3604,9
3605,0
3606,23
3607,5
3608,0
3609,8
3610,12
3611,0
3612,0
3613,0
3614,0
3615,0
3616,10
3617,42
3618,0
3619,0
3620,0
3621,0
3622,3
3623,10
3624,23.0000001810570893212570808827877044677734375
3625,12
3626,0
3627,0
3628,0
3629,0
3630,0
3631,16
3632,0
3633,18
3634,0
3635,0
3636,22
3637,0
3638,0
3639,0
3640,0
3641,0
3642,27
3643,0
3644,0
3645,0
3646,3
3647,0
3648,0
3649,12
3650,0
3651,0
3652,0
3653,0
3654,1
3655,1
3656,11
3657,0
3658,0
3659,0
3660,0
3661,0
3662,4
3663,33
3664,0
3665,0
3666,0
3667,6
3668,0
3669,0
3670,3
3671,0
3672,10
3673,0
3674,0
3675,0
3676,0
3677,0
3678,12.000000221794932642183084681164473295211791992188
3679,0
3680,0
3681,0
3682,0
3683,10
3684,0
3685,0
3686,0
3687,0
3688,0
3689,12
3690,0
3691,0
3692,0
3693,0
3694,0
3695,0
3696,0
3697,0
3698,0
3699,17
3700,0
3701,0
3702,0
3703,0
3704,0
3705,0
3706,0
3707,0
3708,5
3709,29
3710,3
3711,5
3712,0
3713,23
3714,0
3715,0
3716,0
3717,0
3718,0
3719,0
3720,0
3721,0
3722,0
3723,0
3724,0
3725,15
3726,0
3727,0
3728,0
3729,3
3730,0
3731,13
3732,8
3733,0
3734,6
3735,0
3736,0
3737,14
3738,0
3739,0
3740,0
3741,9
3742,0
3743,0
3744,0
3745,0
3746,0
3747,54
3748,0
3749,0
3750,0
3751,0
3752,0
3753,8
3754,0
3755,18
3756,0
3757,0
3758,0
3759,0
3760,9
3761,0
3762,0
3763,0
3764,0
3765,0
3766,0
3767,0
3768,0
3769,0
3770,0
3771,0
3772,0
3773,0
3774,15
3775,0
3776,10
3777,0
3778,4
3779,0
3780,0
3781,0
3782,14
3783,0
3784,0
3785,0
3786,0
3787,12
3788,0
3789,0
3790,7
3791,11
3792,10
3793,0
3794,0
3795,2
3796,14
3797,0
3798,20
3799,11
3800,0
3801,7
3802,0
3803,4
3804,0
3805,0
3806,0
3807,5
3808,13
3809,0
3810,8
3811,0
3812,0
3813,0
3814,5
3815,6
3816,15
3817,23
3818,0
3819,0
3820,0
3821,0
3822,0
3823,0
3824,0
3825,12
3826,0
3827,8
3828,0
3829,0
3830,6
3831,15
3832,0
3833,0
3834,0
3835,13
3836,0
3837,0
3838,0
3839,0
3840,0
3841,6
3842,17
3843,0
3844,0
3845,26
3846,0
3847,0
3848,17
3849,0
3850,0
3851,0
3852,12
3853,0
3854,22
3855,0
3856,0
3857,0
3858,0
3859,0
3860,14
3861,8
3862,0
3863,26
3864,0
3865,8
3866,0
3867,0
3868,0
3869,0
3870,0
3871,0
3872,0
3873,19
3874,0
3875,20
3876,0
3877,0
3878,15
3879,0
3880,16
3881,0
3882,22
3883,0
3884,0
3885,0
3886,0
3887,0
3888,0
3889,0
3890,0
3891,7
3892,0
3893,42
3894,0
3895,0
3896,0
3897,0
3898,12
3899,0
3900,0
3901,0
3902,27
3903,0
3904,0
3905,0
3906,0
3907,8
3908,0
3909,18
3910,0
3911,0
3912,0
3913,0
3914,23
3915,20
3916,0
3917,0
3918,21
3919,0
3920,0
3921,24
3922,0
3923,0
3924,0
3925,0
3926,43
3927,0
3928,0
3929,25
3930,13
3931,0
3932,0
3933,12
3934,0
3935,3
3936,12
3937,0
3938,0
3939,8
3940,0
3941,0
3942,8
3943,0
3944,18
3945,0
3946,0
3947,0
3948,0
3949,32
3950,0
3951,0
3952,0
3953,11
3954,0
3955,0
3956,0
3957,0
3958,11
3959,19
3960,0
3961,0
3962,0
3963,0
3964,0
3965,0
3966,2
3967,12
3968,9
3969,0
3970,0
3971,0
3972,15
3973,0
3974,0
3975,0
3976,0
3977,11
3978,0
3979,15
3980,0
3981,0
3982,0
3983,11
3984,13
3985,0
3986,0
3987,23.0000001765306620882256538607180118560791015625
3988,0
3989,8
3990,0
3991,0
3992,27
3993,0
3994,0
3995,0
3996,11
3997,0
3998,0
3999,0
4000,0
4001,13
4002,0
4003,0
4004,0
4005,0
4006,0
4007,19
4008,0
4009,11
4010,0
4011,0
4012,0
4013,0
4014,11
4015,0
4016,0
4017,0
4018,0
4019,0
4020,11
4021,9
4022,0
4023,0
4024,25
4025,0
4026,0
4027,13
4028,0
4029,0
4030,9
4031,0
4032,0
4033,0
4034,0
4035,0
4036,12
4037,0
4038,15
4039,0
4040,0
4041,51.000000135792816990942810662090778350830078125
4042,0
4043,14
4044,0
4045,0
4046,19
4047,10
4048,0
4049,7
4050,9
4051,11
4052,0
4053,0
4054,0
4055,6
4056,0
4057,25
4058,0
4059,0
4060,0
4061,0
4062,0
4063,1
4064,14
4065,0
4066,25
4067,9
4068,0
4069,7
4070,0
4071,0
4072,0
4073,4
4074,16
4075,9.0000002263213598752145117032341659069061279296875
4076,0
4077,12
4078,0
4079,0
4080,0
4081,0
4082,0
4083,0
4084,22
4085,0
4086,0
4087,0
4088,4
4089,0
4090,0
4091,12.000000230847785331889099325053393840789794921875
4092,8
4093,0
4094,0
4095,0
4096,11
4097,0
4098,0
4099,0
4100,13
4101,0
4102,0
4103,0
4104,0
4105,0
4106,11
4107,9
4108,0
4109,0
4110,14
4111,0
4112,8
4113,0
4114,0
4115,0
4116,0
4117,8
4118,0
4119,10
4120,0
4121,10
4122,0
4123,0
4124,0
4125,0
4126,0
4127,18
4128,0
4129,41.000000084482280726660974323749542236328125
4130,29
4131,0
4132,0
4133,0
4134,8
4135,0
4136,24
4137,0
4138,0
4139,0
4140,18
4141,0
4142,0
4143,0
4144,0
4145,13
4146,12
4147,0
4148,12
4149,0
4150,0
4151,0
4152,0
4153,0
4154,0
4155,0
4156,9
4157,0
4158,0
4159,21
4160,0
4161,0
4162,0
4163,0
4164,0
4165,0
4166,13
4167,0
4168,0
4169,0
4170,16
4171,0
4172,0
4173,0
4174,0
4175,0
4176,11
4177,0
4178,8
4179,111
4180,0
4181,0
4182,0
4183,0
4184,0
4185,0
4186,0
4187,0
4188,0
4189,0
4190,0
4191,0
4192,0
4193,0
4194,0
4195,0
4196,0
4197,0
4198,0
4199,0
4200,0
4201,0
4202,0
4203,0
4204,0
4205,13
4206,0
4207,30
4208,26
4209,0
4210,0
4211,10
4212,0
4213,0
4214,17
4215,0
4216,0
4217,0
4218,0
4219,10
4220,0
4221,22
4222,0
4223,0
4224,0
4225,0
4226,16
4227,0
4228,0
4229,0
4230,8
4231,0
4232,12
4233,0
4234,0
4235,1
4236,0
4237,19
4238,0
4239,11
4240,6
4241,0
4242,0
4243,11
4244,0
4245,0
4246,10
4247,0
4248,0
4249,0
4250,0
4251,0
4252,19
4253,0
4254,0
4255,0
4256,0
4257,12
4258,0
4259,12
4260,0
4261,0
4262,0
4263,0
4264,0
4265,11
4266,0
4267,0
4268,8
4269,0
4270,0
4271,5
4272,0
4273,0
4274,0
4275,0
4276,24
4277,0
4278,0
4279,0
4280,0
4281,0
4282,0
4283,0
4284,6
4285,0
4286,12
4287,0
4288,0
4289,7
4290,0
4291,0
4292,11
4293,0
4294,0
4295,0
4296,0
4297,0
4298,0
4299,0
4300,0
4301,0
4302,6
4303,538
4304,14
4305,3
4306,0
4307,0
4308,13
4309,22
4310,0
4311,0
4312,0
4313,0
4314,0
4315,22
4316,5
4317,0
4318,15
4319,0
4320,0
4321,0
4322,0
4323,46.00000019545444018831403809599578380584716796875
4324,22
4325,20.000000232432370239621377550065517425537109375
4326,0
4327,0
4328,0
4329,0
4330,23
4331,0
4332,5
4333,11
4334,0
4335,0
4336,0
4337,0
4338,12
4339,12
4340,0
4341,0
4342,0
4343,0
4344,0
4345,11.000001173262258902241228497587144374847412109375
4346,39
4347,0
4348,0
4349,0
4350,0
4351,0
4352,14
4353,0
4354,0
4355,0
4356,0
4357,0
4358,0
4359,6
4360,20
4361,0
4362,0
4363,5
4364,0
4365,0
4366,0
4367,0
4368,18
4369,0
4370,0
4371,18
4372,0
4373,0
4374,0
4375,0
4376,0
4377,0
4378,15
4379,0
4380,0
4381,0
4382,0
4383,31
4384,0
4385,0
4386,0
4387,0
4388,21
4389,0
4390,0
4391,17
4392,0
4393,0
4394,10
4395,3
4396,0
4397,0
4398,49
4399,0
4400,12
4401,0
4402,0
4403,0
4404,0
4405,0
4406,0
4407,0
4408,12
4409,0
4410,17
4411,17
4412,0
4413,0
4414,17
4415,0
4416,0
4417,0
4418,0
4419,0
4420,0
4421,0
4422,0
4423,7
4424,0
4425,27
4426,0
4427,0
4428,0
4429,0
4430,0
4431,0
4432,27
4433,0
4434,0
4435,0
4436,0
4437,23
4438,0
4439,0
4440,0
4441,0
4442,0
4443,0
4444,14
4445,0
4446,0
4447,0
4448,0
4449,32.00000024299742307221094961278140544891357421875
4450,14
4451,0
4452,0
4453,0
4454,0
4455,0
4456,17.000000264127688609505639760755002498626708984375
4457,22.000000264127695714932997361756861209869384765625
4458,10.000000264127654858725691155996173620223999023438
4459,6
4460,0
4461,17
4462,0
4463,0
4464,22
4465,0
4466,0
4467,10
4468,0
4469,11
4470,12
4471,7
4472,0
4473,0
4474,9
4475,0
4476,11
4477,0
4478,0
4479,57.00000026412761400251838495023548603057861328125
4480,0
4481,0
4482,0
4483,15.000000258845101797078314120881259441375732421875
4484,0
4485,0
4486,7
4487,0
4488,16
4489,0
4490,0
4491,0
4492,29
4493,0
4494,0
4495,9
4496,0
4497,6
4498,0
4499,0
4500,12
4501,18
4502,0
4503,0
4504,0
4505,0
4506,16
4507,18
4508,0
4509,5
4510,11
4511,0
4512,0
4513,0
4514,13
4515,0
4516,0
4517,0
4518,0
4519,5
4520,0
4521,5
4522,0
4523,13
4524,0
4525,10
4526,0
4527,20
4528,0
4529,19
4530,12
4531,0
4532,0
4533,0
4534,0
4535,0
4536,0
4537,0
4538,0
4539,11
4540,13
4541,0
4542,34
4543,0
4544,0
4545,0
4546,0
4547,0
4548,20
4549,0
4550,8
4551,42
4552,0
4553,10
4554,0
4555,0
4556,14
4557,0
4558,37
4559,0
4560,0
4561,0
4562,0
4563,0
4564,11
4565,0
4566,0
4567,0
4568,0
4569,17
4570,10
4571,0
4572,0
4573,0
4574,0
4575,0
4576,0
4577,0
4578,0
4579,0
4580,0
4581,0
4582,0
4583,0
4584,0
4585,0
4586,0
4587,0
4588,0
4589,0
4590,16
4591,0
4592,0
4593,0
4594,0
4595,0
4596,0
4597,0
4598,0
4599,0
4600,0
4601,0
4602,0
4603,0
4604,0
4605,0
4606,0
4607,0
4608,0
4609,0
4610,0
4611,0
4612,0
4613,0
4614,0
4615,0
4616,0
4617,0
4618,0
4619,0
4620,13
4621,0
4622,0
4623,0
4624,0
4625,0
4626,0
4627,0
4628,0
4629,0
4630,0
4631,0
4632,0
4633,0
4634,0
4635,0
4636,0
4637,0
4638,0
4639,0
4640,0
4641,0
4642,0
4643,0
4644,5
4645,0
4646,0
4647,0
4648,0
4649,12
4650,6
4651,0
4652,27
4653,0
4654,0
4655,0
4656,0
4657,0
4658,0
4659,0
4660,0
4661,21
4662,15
4663,5
4664,0
4665,13.000000258845103573435153521131724119186401367188
4666,4
4667,0
4668,0
4669,0
4670,20
4671,14
4672,0
4673,0
4674,0
4675,0
4676,0
4677,0
4678,9
4679,0
4680,0
4681,17
4682,0
4683,0
4684,0
4685,15
4686,0
4687,0
4688,0
4689,0
4690,0
4691,0
4692,0
4693,0
4694,0
4695,0
4696,11
4697,0
4698,11
4699,0
4700,25
4701,0
4702,0
4703,0
4704,10
4705,0
4706,12
4707,0
4708,11
4709,3
4710,15
4711,0
4712,0
4713,9
4714,0
4715,0
4716,0
4717,0
4718,0
4719,0
4720,0
4721,12
4722,0
4723,7
4724,0
4725,6
4726,0
4727,0
4728,0
4729,8
4730,0
4731,0
4732,0
4733,0
4734,0
4735,0
4736,0
4737,12
4738,0
4739,0
4740,0
4741,13
4742,0
4743,0
4744,0
4745,0
4746,10
4747,0
4748,0
4749,0
4750,0
4751,0
4752,22
4753,0
4754,0
4755,3
4756,0
4757,11
4758,0
4759,0
4760,0
4761,0
4762,0
4763,16
4764,0
4765,0
4766,0
4767,11
4768,10
4769,0
4770,0
4771,17
4772,9
4773,0
4774,0
4775,3
4776,0
4777,14
4778,0
4779,0
4780,0
4781,0
4782,7
4783,0
4784,18
4785,17
4786,0
4787,0
4788,0
4789,0
4790,0
4791,24
4792,0
4793,0
4794,0
4795,0
4796,8
4797,0
4798,0
4799,0
4800,0
4801,0
4802,9
4803,0
4804,0
4805,17
4806,0
4807,0
4808,14
4809,0
4810,0
4811,14
4812,0
4813,18
4814,0
4815,8
4816,0
4817,9
4818,0
4819,35
4820,0
4821,0
4822,0
4823,0
4824,0
4825,0
4826,0
4827,0
4828,0
4829,0
4830,0
4831,15
4832,0
4833,0
4834,0
4835,9
4836,27
4837,0
4838,9
4839,0
4840,13
4841,0
4842,0
4843,15
4844,0
4845,0
4846,0
4847,0
4848,0
4849,0
4850,0
4851,0
4852,0
4853,12
4854,0
4855,0
4856,14.00000024827999567378356005065143108367919921875
4857,0
4858,0
4859,18
4860,0
4861,0
4862,13
4863,0
4864,13
4865,0
4866,1
4867,9
4868,0
4869,0
4870,0
4871,0
4872,0
4873,0
4874,0
4875,16
4876,0
4877,0
4878,0
4879,6
4880,0
4881,0
4882,22
4883,0
4884,0
4885,13
4886,0
4887,0
4888,0
4889,0
4890,0
4891,0
4892,0
4893,5
4894,0
4895,0
4896,0
4897,0
4898,12
4899,0
4900,19
4901,0
4902,0
4903,0
4904,0
4905,0
4906,0
4907,0
4908,0
4909,7
4910,10
4911,0
4912,0
4913,0
4914,22
4915,0
4916,0
4917,0
4918,0
4919,0
4920,0
4921,11
4922,0
4923,5
4924,0
4925,23
4926,0
4927,0
4928,0
4929,0
4930,13
4931,5
4932,15
4933,0
4934,16
4935,0
4936,0
4937,0
4938,0
4939,6
4940,0
4941,12
4942,0
4943,0
4944,0
4945,11
4946,0
4947,12
4948,20
4949,0
4950,0
4951,17
4952,0
4953,0
4954,0
4955,0
4956,0
4957,0
4958,0
4959,0
4960,0
4961,0
4962,0
4963,0
4964,0
4965,0
4966,0
4967,13
4968,18
4969,7
4970,0
4971,0
4972,13
4973,8
4974,0
4975,24
4976,0
4977,0
4978,0
4979,0
4980,0
4981,0
4982,0
4983,0
4984,0
4985,16
4986,0
4987,0
4988,0
4989,0
4990,0
4991,0
4992,0
4993,23
4994,0
4995,0
4996,0
4997,17
4998,9
4999,0
5000,0
5001,0
5002,0
5003,0
5004,0
5005,0
5006,0
5007,28
5008,4
5009,20
5010,0
5011,18
5012,0
5013,0
5014,0
5015,0
5016,35
5017,0
5018,0
5019,0
5020,0
5021,0
5022,0
5023,0
5024,0
5025,0
5026,0
5027,0
5028,0
5029,0
5030,0
5031,0
5032,0
5033,6
5034,15
5035,0
5036,0
5037,0
5038,28
5039,0
5040,0
5041,0
5042,0
5043,0
5044,0
5045,0
5046,0
5047,0
5048,9.000000716509301668111220351420342922210693359375
5049,24.000000301036838123991401516832411289215087890625
5050,64
5051,0
5052,0
5053,0
5054,0
5055,0
5056,0
5057,0
5058,0
5059,0
5060,0
5061,0
5062,0
5063,0
5064,0
5065,0
5066,0
5067,0
5068,0
5069,0
5070,0
5071,0
5072,0
5073,0
5074,0
5075,10
5076,0
5077,0
5078,10
5079,8
5080,0
5081,0
5082,0
5083,42
5084,0
5085,0
5086,0
5087,0
5088,13
5089,0
5090,0
5091,17
5092,0
5093,9
5094,0
5095,21
5096,21
5097,17.000000174403854913407485582865774631500244140625
5098,0
5099,9
5100,12
5101,0
5102,0
5103,0
5104,11
5105,0
5106,0
5107,17
5108,0
5109,60
5110,0
5111,0
5112,0
5113,0
5114,0
5115,0
5116,0
5117,0
5118,0
5119,0
5120,21
5121,0
5122,0
5123,0
5124,0
5125,0
5126,0
5127,0
5128,30
5129,8
5130,0
5131,0
5132,0
5133,0
5134,17
5135,0
5136,0
5137,0
5138,0
5139,5
5140,0
5141,9
5142,0
5143,0
5144,0
5145,23
5146,0
5147,0
5148,0
5149,0
5150,14
5151,0
5152,0
5153,0
5154,8
5155,11
5156,24
5157,0
5158,0
5159,0
5160,0
5161,12
5162,0
5163,0
5164,8
5165,0
5166,0
5167,9
5168,0
5169,0
5170,19
5171,17
5172,0
5173,15
5174,0
5175,0
5176,27
5177,0
5178,24
5179,6
5180,0
5181,5
5182,0
5183,0
5184,0
5185,5
5186,13
5187,0
5188,0
5189,8
5190,0
5191,0
5192,14
5193,0
5194,17.00000028512773297961757634766399860382080078125
5195,0
5196,0
5197,30
5198,0
5199,0
5200,19
5201,0
5202,0
5203,0
5204,0
5205,0
5206,0
5207,0
5208,0
5209,0
5210,0
5211,0
5212,0
5213,0
5214,0
5215,0
5216,8
5217,0
5218,0
5219,0
5220,0
5221,18
5222,0
5223,0
5224,0
5225,0
5226,0
5227,22
5228,0
5229,0
5230,0
5231,0
5232,0
5233,0
5234,0
5235,0
5236,0
5237,0
5238,12
5239,0
5240,0
5241,8
5242,0
5243,11
5244,12
5245,0
5246,0
5247,0
5248,20
5249,0
5250,0
5251,0
5252,0
5253,0
5254,17
5255,0
5256,0
5257,0
5258,0
5259,0
5260,0
5261,11
5262,0
5263,0
5264,6
5265,0
5266,14
5267,11
5268,0
5269,18
5270,12
5271,92
5272,0
5273,0
5274,13
5275,0
5276,8
5277,0
5278,21.000000702823211184977481025271117687225341796875
5279,0
5280,0
5281,14
5282,0
5283,25.000000396177181727352945017628371715545654296875
5284,28.00000044914488483982495381496846675872802734375
5285,11
5286,0
5287,0
5288,0
5289,0
5290,0
5291,13
5292,0
5293,0
5294,8
5295,14
5296,0
5297,16
5298,0
5299,0
5300,0
5301,0
5302,15
5303,16
5304,16
5305,0
5306,0
5307,0
5308,0
5309,0
5310,0
5311,0
5312,5
5313,0
5314,29
5315,0
5316,0
5317,0
5318,0
5319,0
5320,0
5321,21
5322,0
5323,0
5324,0
5325,0
5326,0
5327,18
5328,0
5329,2
5330,0
5331,17
5332,18
5333,0
5334,10
5335,0
5336,0
5337,17
5338,0
5339,0
5340,0
5341,0
5342,0
5343,0
5344,0
5345,0
5346,22
5347,0
5348,0
5349,20
5350,14
5351,0
5352,0
5353,0
5354,0
5355,0
5356,0
5357,0
5358,0
5359,0
5360,0
5361,0
5362,0
5363,0
5364,0
5365,0
5366,0
5367,0
5368,0
5369,20
5370,0
5371,0
5372,0
5373,11
5374,27
5375,0
5376,0
5377,0
5378,0
5379,25
5380,0
5381,0
5382,0
5383,13
5384,0
5385,0
5386,17
5387,0
5388,14
5389,0
5390,0
5391,0
5392,9
5393,0
5394,11
5395,0
5396,0
5397,12
5398,0
5399,0
5400,0
5401,0
5402,20
5403,0
5404,0
5405,0
5406,5
5407,0
5408,0
5409,0
5410,11
5411,0
5412,0
5413,19
5414,0
5415,0
5416,0
5417,0
5418,10
5419,0
5420,26
5421,0
5422,0
5423,0
5424,0
5425,0
5426,0
5427,5
5428,0
5429,0
5430,24
5431,0
5432,21
5433,17
5434,0
5435,0
5436,0
5437,0
5438,0
5439,0
5440,0
5441,0
5442,0
5443,18
5444,0
5445,20
5446,0
5447,0
5448,22
5449,0
5450,0
5451,0
5452,0
5453,23
5454,0
5455,0
5456,12
5457,15
5458,0
5459,0
5460,0
5461,17
5462,15
5463,14
5464,0
5465,0
5466,0
5467,0
5468,0
5469,17
5470,0
5471,0
5472,0
5473,0
5474,0
5475,26.00000030424729402511729858815670013427734375
5476,20.000000297908808732927354867570102214813232421875
5477,5
5478,25
5479,0
5480,0
5481,0
5482,0
5483,0
5484,0
5485,2
5486,5
5487,16
5488,19
5489,0
5490,0
5491,0
5492,0
5493,0
5494,30.000000297908808732927354867570102214813232421875
5495,0
5496,0
5497,0
5498,17
5499,17
5500,0
5501,0
5502,0
5503,0
5504,0
5505,11
5506,0
5507,0
5508,0
5509,0
5510,0
5511,0
5512,0
5513,0
5514,44
5515,0
5516,13
5517,0
5518,0
5519,0
5520,0
5521,4
5522,0
5523,0
5524,7
5525,2
5526,17
5527,0
5528,0
5529,0
5530,0
5531,15
5532,13
5533,0
5534,0
5535,0
5536,0
5537,0
5538,7
5539,0
5540,18
5541,0
5542,0
5543,0
5544,0
5545,0
5546,8
5547,0
5548,5
5549,0
5550,12
5551,0
5552,0
5553,6
5554,0
5555,0
5556,0
5557,15
5558,0
5559,0
5560,0
5561,0
5562,0
5563,16
5564,0
5565,0
5566,13
5567,9
5568,0
5569,0
5570,9
5571,0
5572,0
5573,0
5574,0
5575,0
5576,4
5577,0
5578,0
5579,11
5580,0
5581,0
5582,0
5583,0
5584,26
5585,0
5586,0
5587,0
5588,0
5589,0
5590,0
5591,0
5592,0
5593,13
5594,0
5595,0
5596,0
5597,3
5598,0
5599,0
5600,0
5601,9
5602,0
5603,0
5604,5
5605,0
5606,0
5607,0
5608,24
5609,0
5610,0
5611,14
5612,19
5613,20
5614,2
5615,11
5616,0
5617,0
5618,12
5619,0
5620,20.000000310585779317307242308743298053741455078125
5621,0
5622,0
5623,0
5624,0
5625,0
5626,37
5627,0
5628,19
5629,0
5630,0
5631,9
5632,11
5633,11
5634,21
5635,0
5636,1
5637,6
5638,0
5639,0
5640,0
5641,9
5642,0
5643,0
5644,0
5645,16
5646,0
5647,15
5648,0
5649,0
5650,0
5651,0
5652,0
5653,16
5654,0
5655,0
5656,0
5657,28
5658,0
5659,24
5660,0
5661,16
5662,0
5663,15
5664,16
5665,0
5666,0
5667,0
5668,0
5669,0
5670,5
5671,0
5672,0
5673,0
5674,17
5675,0
5676,21
5677,0
5678,0
5679,0
5680,0
5681,0
5682,0
5683,15
5684,0
5685,11
5686,0
5687,0
5688,0
5689,0
5690,0
5691,10
5692,24
5693,0
5694,0
5695,0
5696,0
5697,0
5698,0
5699,0
5700,0
5701,39
5702,0
5703,0
5704,0
5705,0
5706,0
5707,0
5708,29
5709,11
5710,0
5711,20
5712,0
5713,0
5714,0
5715,0
5716,11
5717,0
5718,0
5719,9
5720,0
5721,18
5722,0
5723,10
5724,0
5725,0
5726,8
5727,0
5728,0
5729,6
5730,30.00000029311481597460442571900784969329833984375
5731,0
5732,21.000000253678326345152527210302650928497314453125
5733,0
5734,16
5735,0
5736,24
5737,0
5738,0
5739,0
5740,13
5741,0
5742,0
5743,17
5744,0
5745,0
5746,0
5747,20.000000348568971020313256303779780864715576171875
5748,0
5749,0
5750,0
5751,0
5752,18
5753,0
5754,0
5755,0
5756,0
5757,0
5758,0
5759,0
5760,29.000000949992358556528415647335350513458251953125
5761,0
5762,0
5763,0
5764,0
5765,0
5766,0
5767,0
5768,0
5769,68
5770,0
5771,0
5772,0
5773,0
5774,0
5775,0
5776,0
5777,8.0000003961011003639214322902262210845947265625
5778,0
5779,0
5780,0
5781,11
5782,0
5783,0
5784,0
5785,19
5786,0
5787,0
5788,0
5789,13
5790,0
5791,0
5792,0
5793,0
5794,19
5795,0
5796,24.00000035649099316970023210160434246063232421875
5797,0
5798,0
5799,0
5800,0
5801,0
5802,0
5803,0
5804,0
5805,34
5806,0
5807,0
5808,0
5809,0
5810,0
5811,0
5812,0
5813,0
5814,8
5815,0
5816,22
5817,0
5818,13
5819,0
5820,0
5821,15
5822,0
5823,0
5824,1
5825,0
5826,27
5827,0
5828,0
5829,0
5830,0
5831,0
5832,0
5833,0
5834,0
5835,0
5836,0
5837,0
5838,0
5839,0
5840,0
5841,0
5842,21
5843,0
5844,0
5845,7
5846,45
5847,0
5848,0
5849,0
5850,0
5851,0
5852,0
5853,0
5854,0
5855,0
5856,0
5857,0
5858,0
5859,0
5860,0
5861,22
5862,0
5863,0
5864,0
5865,0
5866,0
5867,0
5868,0
5869,0
5870,11
5871,19
5872,0
5873,0
5874,0
5875,0
5876,0
5877,0
5878,0
5879,0
5880,13
5881,0
5882,18
5883,0
5884,0
5885,19
5886,19
5887,14.0000002219685342197408317588269710540771484375
5888,0
5889,0
5890,0
5891,20
5892,0
5893,0
5894,0
5895,0
5896,0
5897,0
5898,0
5899,0
5900,19
5901,0
5902,0
5903,0
5904,0
5905,0
5906,11
5907,0
5908,0
5909,0
5910,0
5911,15
5912,0
5913,14
5914,0
5915,0
5916,0
5917,0
5918,0
5919,0
5920,14
5921,0
5922,0
5923,20
5924,0
5925,0
5926,0
5927,0
5928,0
5929,0
5930,7
5931,21.00000028538811847056422266177833080291748046875
5932,0
5933,0
5934,10
5935,0
5936,54
5937,0
5938,0
5939,0
5940,20.000000372335033915760504896752536296844482421875
5941,0
5942,0
5943,0
5944,0
5945,0
5946,0
5947,0
5948,0
5949,0
5950,12
5951,0
5952,6
5953,17
5954,17
5955,0
5956,54
5957,0
5958,0
5959,0
5960,0
5961,0
5962,0
5963,0
5964,0
5965,0
5966,0
5967,14
5968,0
5969,6
5970,0
5971,16
5972,0
5973,0
5974,0
5975,14
5976,0
5977,0
5978,9
5979,8
5980,0
5981,6
5982,14
5983,0
5984,0
5985,25
5986,0
5987,22
5988,10
5989,14
5990,0
5991,0
5992,25
5993,11.00000025367832989786620601080358028411865234375
5994,9
5995,0
5996,13
5997,8
5998,17
5999,0
6000,0
6001,0
6002,19
6003,22
6004,0
6005,0
6006,19.000000348807706274101292365230619907379150390625
6007,0
6008,0
6009,0
6010,0
6011,0
6012,0
6013,41.00000074459450871700028073973953723907470703125
6014,0
6015,0
6016,0
6017,0
6018,0
6019,0
6020,15
6021,0
6022,0
6023,0
6024,9
6025,0
6026,0
6027,0
6028,34
6029,0
6030,14
6031,0
6032,9
6033,0
6034,0
6035,0
6036,0
6037,0
6038,0
6039,0
6040,14.000000388179078214534456492401659488677978515625
6041,11.000000174165274202664477343205362558364868164062
6042,20
6043,0
6044,0
6045,17
6046,0
6047,0
6048,0
6049,0
6050,0
6051,0
6052,0
6053,12
6054,0
6055,37
6056,0
6057,0
6058,0
6059,23
6060,0
6061,0
6062,0
6063,22
6064,0
6065,0
6066,0
6067,19
6068,0
6069,16
6070,0
6071,0
6072,0
6073,0
6074,0
6075,0
6076,0
6077,0
6078,14
6079,0
6080,0
6081,0
6082,0
6083,14.00000038025705606514748069457709789276123046875
6084,0
6085,15
6086,3
6087,8
6088,0
6089,0
6090,15
6091,0
6092,7
6093,0
6094,16
6095,0
6096,0
6097,0
6098,17
6099,0
6100,9
6101,0
6102,0
6103,0
6104,29
6105,0
6106,0
6107,0
6108,0
6109,0
6110,0
6111,11
6112,24
6113,0
6114,0
6115,21
6116,0
6117,0
6118,14
6119,0
6120,61
6121,0
6122,0
6123,0
6124,0
6125,0
6126,0
6127,0
6128,0
6129,0
6130,0
6131,0
6132,0
6133,0
6134,0
6135,0
6136,0
6137,0
6138,0
6139,0
6140,0
6141,0
6142,0
6143,0
6144,0
6145,0
6146,0
6147,0
6148,0
6149,0
6150,0
6151,0
6152,0
6153,0
6154,0
6155,0
6156,0
6157,0
6158,0
6159,0
6160,0
6161,0
6162,0
6163,0
6164,0
6165,0
6166,0
6167,0
6168,0
6169,15
6170,0
6171,0
6172,0
6173,13
6174,0
6175,0
6176,0
6177,17
6178,17
6179,0
6180,16
6181,0
6182,0
6183,0
6184,0
6185,0
6186,0
6187,17.000000388179078214534456492401659488677978515625
6188,0
6189,7
6190,9
6191,0
6192,2
6193,12
6194,0
6195,0
6196,17
6197,0
6198,16
6199,0
6200,0
6201,0
6202,0
6203,14
6204,0
6205,0
6206,0
6207,15
6208,31
6209,0
6210,0
6211,6
6212,0
6213,0
6214,8
6215,0
6216,0
6217,0
6218,8
6219,3
6220,12
6221,10
6222,0
6223,0
6224,9
6225,0
6226,0
6227,0
6228,13
6229,0
6230,17
6231,0
6232,0
6233,0
6234,0
6235,0
6236,0
6237,0
6238,0
6239,0
6240,29
6241,0
6242,0
6243,0
6244,0
6245,20
6246,0
6247,0
6248,27
6249,0
6250,0
6251,31.00000038025706317057483829557895660400390625
6252,0
6253,0
6254,0
6255,0
6256,0
6257,0
6258,18
6259,0
6260,0
6261,0
6262,0
6263,0
6264,0
6265,0
6266,0
6267,32
6268,0
6269,17
6270,26
6271,0
6272,0
6273,0
6274,0
6275,0
6276,0
6277,31
6278,0
6279,0
6280,0
6281,0
6282,9
6283,0
6284,9
6285,18
6286,0
6287,29
6288,0
6289,0
6290,0
6291,0
6292,0
6293,0
6294,0
6295,0
6296,0
6297,14
6298,0
6299,18
6300,0
6301,0
6302,0
6303,0
6304,0
6305,21.000000404023129618735765689052641391754150390625
6306,0
6307,0
6308,7
6309,0
6310,0
6311,15
6312,0
6313,6
6314,0
6315,0
6316,27
6317,0
6318,17
6319,7
6320,0
6321,0
6322,0
6323,9
6324,0
6325,0
6326,36
6327,0
6328,0
6329,0
6330,0
6331,0
6332,0
6333,0
6334,0
6335,0
6336,0
6337,0
6338,13
6339,0
6340,0
6341,0
6342,0
6343,0
6344,0
6345,0
6346,38
6347,0
6348,0
6349,0
6350,0
6351,0
6352,23
6353,0
6354,0
6355,0
6356,0
6357,30
6358,0
6359,0
6360,0
6361,0
6362,8
6363,0
6364,22
6365,0
6366,0
6367,3
6368,5
6369,0
6370,16
6371,13
6372,13
6373,0
6374,0
6375,0
6376,0
6377,0
6378,0
6379,0
6380,0
6381,0
6382,20
6383,0
6384,0
6385,13
6386,0
6387,6
6388,0
6389,1
6390,7
6391,0
6392,0
6393,20
6394,0
6395,0
6396,18
6397,0
6398,0
6399,0
6400,0
6401,14
6402,22
6403,0
6404,0
6405,13
6406,0
6407,0
6408,7
6409,9
6410,13
6411,10
6412,0
6413,0
6414,15
6415,5
6416,0
6417,0
6418,11
6419,0
6420,0
6421,6
6422,0
6423,0
6424,18
6425,7
6426,0
6427,10
6428,0
6429,0
6430,17
6431,0
6432,0
6433,0
6434,2
6435,15
6436,0
6437,13
6438,0
6439,0
6440,0
6441,0
6442,12
6443,0
6444,5
6445,21
6446,0
6447,13
6448,0
6449,0
6450,3
6451,18
6452,0
6453,0
6454,0
6455,15
6456,0
6457,0
6458,0
6459,13
6460,0
6461,0
6462,0
6463,0
6464,9
6465,0
6466,0
6467,19
6468,0
6469,0
6470,0
6471,0
6472,0
6473,24
6474,0
6475,0
6476,0
6477,0
6478,0
6479,0
6480,22
6481,0
6482,0
6483,0
6484,0
6485,11
6486,0
6487,14
6488,0
6489,0
6490,13
6491,8
6492,0
6493,0
6494,0
6495,0
6496,0
6497,9
6498,26
6499,20
6500,0
6501,0
6502,0
6503,0
6504,0
6505,0
6506,0
6507,18
6508,0
6509,0
6510,0
6511,8
6512,0
6513,0
6514,13
6515,0
6516,0
6517,11
6518,0
6519,0
6520,0
6521,0
6522,0
6523,20
6524,0
6525,0
6526,16
6527,0
6528,0
6529,0
6530,0
6531,0
6532,0
6533,14
6534,11
6535,0
6536,0
6537,23
6538,0
6539,0
6540,0
6541,0
6542,5
6543,12
6544,0
6545,7
6546,0
6547,17
6548,0
6549,0
6550,0
6551,0
6552,0
6553,0
6554,15
6555,4
6556,14
6557,0
6558,0
6559,0
6560,18
6561,0
6562,0
6563,0
6564,0
6565,0
6566,0
6567,11
6568,0
6569,9
6570,0
6571,5
6572,0
6573,0
6574,0
6575,8
6576,0
6577,0
6578,0
6579,0
6580,0
6581,14
6582,0
6583,0
6584,0
6585,0
6586,0
6587,3
6588,0
6589,13
6590,0
6591,13
6592,8
6593,0
6594,11
6595,0
6596,0
6597,0
6598,0
6599,19
6600,0
6601,0
6602,4
6603,17
6604,0
6605,0
6606,0
6607,0
6608,20
6609,0
6610,0
6611,0
6612,9
6613,0
6614,0
6615,13
6616,52
6617,0
6618,0
6619,0
6620,0
6621,0
6622,0
6623,10
6624,0
6625,0
6626,0
6627,0
6628,0
6629,0
6630,14
6631,0
6632,0
6633,0
6634,0
6635,0
6636,0
6637,0
6638,0
6639,8
6640,0
6641,0
6642,0
6643,17
6644,0
6645,0
6646,0
6647,15.00000009486945629078036290593445301055908203125
6648,14
6649,0
6650,8
6651,0
6652,17
6653,0
6654,0
6655,14
6656,0
6657,14
6658,0
6659,8
6660,17
6661,0
6662,0
6663,0
6664,0
6665,0
6666,0
6667,18
6668,0
6669,0
6670,0
6671,0
6672,9
6673,0
6674,0
6675,0
6676,13
6677,15
6678,5
6679,26
6680,0
6681,0
6682,0
6683,0
6684,0
6685,160
6686,0
6687,0
6688,0
6689,0
6690,0
6691,0
6692,0
6693,0
6694,0
6695,0
6696,0
6697,0
6698,0
6699,0
6700,0
6701,0
6702,0
6703,0
6704,0
6705,0
6706,0
6707,0
6708,0
6709,0
6710,0
6711,0
6712,0
6713,0
6714,0
6715,0
6716,0
6717,8
6718,0
6719,5
6720,0
6721,11
6722,0
6723,0
6724,28
6725,0
6726,0
6727,0
6728,0
6729,0
6730,13
6731,0
6732,0
6733,13
6734,0
6735,0
6736,0
6737,0
6738,0
6739,16
6740,0
6741,0
6742,0
6743,0
6744,5
6745,0
6746,0
6747,0
6748,9
6749,0
6750,0
6751,0
6752,0
6753,27
6754,0
6755,0
6756,0
6757,12
6758,10
6759,21
6760,0
6761,0
6762,0
6763,0
6764,0
6765,0
6766,0
6767,0
6768,33.0000005385745822650278569199144840240478515625
6769,0
6770,0
6771,19
6772,0
6773,19
6774,13
6775,13
6776,0
6777,0
6778,0
6779,5
6780,0
6781,12
6782,15
6783,0
6784,0
6785,33
6786,13
6787,40
6788,0
6789,0
6790,0
6791,0
6792,0
6793,0
6794,0
6795,0
6796,0
6797,0
6798,0
6799,0
6800,0
6801,20
6802,0
6803,0
6804,0
6805,0
6806,0
6807,0
6808,10
6809,0
6810,0
6811,0
6812,0
6813,0
6814,14
6815,0
6816,6
6817,21
6818,0
6819,3
6820,0
6821,6
6822,0
6823,0
6824,0
6825,11
6826,0
6827,0
6828,0
6829,3
6830,5
6831,0
6832,0
6833,9
6834,0
6835,20
6836,0
6837,0
6838,0
6839,17
6840,0
6841,0
6842,0
6843,0
6844,0
6845,0
6846,32
6847,0
6848,0
6849,0
6850,0
6851,12
6852,0
6853,0
6854,0
6855,60
6856,0
6857,0
6858,0
6859,0
6860,0
6861,0
6862,0
6863,0
6864,0
6865,0
6866,0
6867,0
6868,0
6869,0
6870,0
6871,0
6872,0
6873,0
6874,20
6875,0
6876,0
6877,0
6878,0
6879,0
6880,0
6881,0
6882,0
6883,0
6884,0
6885,22
6886,0
6887,0
6888,23
6889,26
6890,0
6891,0
6892,0
6893,0
6894,0
6895,0
6896,0
6897,4
6898,0
6899,0
6900,0
6901,23
6902,0
6903,0
6904,15
6905,0
6906,0
6907,0
6908,0
6909,7
6910,0
6911,10
6912,21
6913,0
6914,0
6915,0
6916,7
6917,0
6918,11
6919,0
6920,14
6921,0
6922,9
6923,0
6924,14
6925,0
6926,0
6927,0
6928,0
6929,0
6930,0
6931,0
6932,0
6933,18
6934,0
6935,14
6936,0
6937,0
6938,0
6939,0
6940,6
6941,13
6942,0
6943,0
6944,8
6945,0
6946,7
6947,0
6948,0
6949,0
6950,0
6951,25
6952,0
6953,15
6954,0
6955,14
6956,0
6957,0
6958,0
6959,0
6960,0
6961,12
6962,19
6963,0
6964,23
6965,0
6966,0
6967,10
6968,0
6969,0
6970,10
6971,0
6972,0
6973,0
6974,13
6975,14
6976,0
6977,0
6978,0
6979,0
6980,0
6981,14
6982,0
6983,16
6984,0
6985,0
6986,0
6987,17
6988,24
6989,0
6990,0
6991,0
6992,20
6993,34
6994,0
6995,0
6996,1
6997,10
6998,18
6999,13
7000,7
7001,11
7002,0
7003,26
7004,0
7005,0
7006,17
7007,0
7008,0
7009,0
7010,7
7011,0
7012,0
7013,7
7014,0
7015,1
7016,0
7017,11
7018,0
7019,0
7020,0
7021,0
7022,0
7023,0
7024,0
7025,15
7026,0
7027,0
7028,15
7029,0
7030,0
7031,14
7032,0
7033,5
7034,0
7035,10
7036,23
7037,0
7038,0
7039,0
7040,0
7041,0
7042,0
7043,0
7044,0
7045,0
7046,0
7047,9
7048,0
7049,0
7050,0
7051,11
7052,15
7053,0
7054,0
7055,0
7056,0
7057,0
7058,0
7059,19
7060,0
7061,0
7062,0
7063,0
7064,0
7065,0
7066,0
7067,0
7068,0
7069,17.000000761034986140884939231909811496734619140625
7070,14
7071,0
7072,23.000000729325194015473243780434131622314453125
7073,314.0000000951293941398034803569316864013671875
7074,0
7075,0
7076,0
7077,31
7078,0
7079,0
7080,0
7081,0
7082,0
7083,0
7084,0
7085,0
7086,0
7087,0
7088,0
7089,0
7090,0
7091,9
7092,0
7093,0
7094,0
7095,0
7096,0
7097,0
7098,0
7099,0
7100,0
7101,0
7102,0
7103,0
7104,0
7105,0
7106,0
7107,0
7108,0
7109,0
7110,0
7111,0
7112,0
7113,0
7114,0
7115,0
7116,0
7117,0
7118,0
7119,0
7120,0
7121,0
7122,0
7123,0
7124,0
7125,0
7126,0
7127,14
7128,0
7129,0
7130,4
7131,0
7132,21
7133,0
7134,0
7135,0
7136,0
7137,0
7138,0
7139,0
7140,15
7141,0
7142,0
7143,0
7144,10
7145,0
7146,23
7147,0
7148,3
7149,0
7150,12
7151,0
7152,0
7153,29
7154,0
7155,0
7156,20
7157,0
7158,0
7159,0
7160,15
7161,0
7162,0
7163,0
7164,16
7165,0
7166,22
7167,10
7168,0
7169,11
7170,13
7171,0
7172,0
7173,0
7174,0
7175,0
7176,0
7177,0
7178,22
7179,0
7180,11
7181,26
7182,0
7183,0
7184,0
7185,0
7186,0
7187,20
7188,0
7189,0
7190,0
7191,0
7192,8
7193,13
7194,0
7195,0
7196,0
7197,12
7198,0
7199,5
7200,10
7201,16
7202,0
7203,0
7204,0
7205,0
7206,0
7207,0
7208,0
7209,0
7210,0
7211,0
7212,13
7213,0
7214,19
7215,0
7216,0
7217,14
7218,0
7219,0
7220,23
7221,0
7222,0
7223,0
7224,0
7225,0
7226,0
7227,0
7228,0
7229,8
7230,0
7231,26
7232,0
7233,0
7234,0
7235,0
7236,0
7237,37
7238,0
7239,0
7240,0
7241,0
7242,0
7243,23
7244,0
7245,0
7246,0
7247,0
7248,0
7249,0
7250,0
7251,0
7252,0
7253,7
7254,0
7255,0
7256,9
7257,0
7258,0
7259,0
7260,13
7261,0
7262,2
7263,28
7264,0
7265,19
7266,12
7267,21
7268,12
7269,0
7270,0
7271,0
7272,0
7273,7
7274,0
7275,14
7276,17
7277,0
7278,0
7279,29
7280,0
7281,20
7282,0
7283,0
7284,25
7285,0
7286,0
7287,0
7288,0
7289,0
7290,0
7291,9
7292,0
7293,0
7294,27
7295,0
7296,0
7297,0
7298,14
7299,0
7300,13
7301,0
7302,0
7303,13
7304,0
7305,0
7306,0
7307,34
7308,0
7309,0
7310,0
7311,0
7312,0
7313,27
7314,0
7315,0
7316,0
7317,0
7318,0
7319,14
7320,0
7321,0
7322,0
7323,0
7324,14
7325,0
7326,0
7327,0
7328,0
7329,0
7330,27.00000080859965834179092780686914920806884765625
7331,0
7332,0
7333,13
7334,0
7335,0
7336,17
7337,0
7338,0
7339,6
7340,0
7341,0
7342,0
7343,0
7344,9
7345,0
7346,0
7347,7
7348,1
7349,0
7350,4
7351,0
7352,0
7353,0
7354,5
7355,0
7356,0
7357,0
7358,11
7359,0
7360,19
7361,0
7362,3
7363,0
7364,0
7365,5
7366,0
7367,0
7368,5
7369,0
7370,7
7371,0
7372,0
7373,0
7374,7
7375,0
7376,0
7377,0
7378,17
7379,0
7380,0
7381,0
7382,0
7383,0
7384,11
7385,0
7386,0
7387,15
7388,0
7389,17
7390,0
7391,0
7392,3
7393,16
7394,0
7395,13.000000792744794253508189285639673471450805664062
7396,0
7397,4
7398,0
7399,27
7400,0
7401,0
7402,0
7403,0
7404,0
7405,0
7406,4
7407,0
7408,0
7409,16
7410,0
7411,0
7412,0
7413,0
7414,0
7415,13
7416,0
7417,18
7418,0
7419,0
7420,0
7421,0
7422,0
7423,48
7424,0
7425,0
7426,0
7427,0
7428,11
7429,25
7430,0
7431,0
7432,4
7433,19
7434,0
7435,0
7436,17
7437,0
7438,0
7439,15
7440,13
7441,25
7442,0
7443,0
7444,19
7445,0
7446,20
7447,15
7448,0
7449,5
7450,0
7451,0
7452,0
7453,0
7454,23
7455,0
7456,0
7457,0
7458,20
7459,17
7460,0
7461,0
7462,0
7463,0
7464,0
7465,0
7466,0
7467,13
7468,0
7469,0
7470,22
7471,0
7472,0
7473,0
7474,0
7475,0
7476,0
7477,25
7478,0
7479,0
7480,0
7481,0
7482,0
7483,0
7484,23
7485,0
7486,0
7487,6
7488,0
7489,0
7490,0
7491,6
7492,0
7493,0
7494,8
7495,0
7496,13
7497,0
7498,0
7499,0
7500,0
7501,8
7502,0
7503,14
7504,0
7505,0
7506,0
7507,0
7508,0
7509,0
7510,0
7511,7
7512,0
7513,12
7514,0
7515,0
7516,0
7517,32
7518,0
7519,0
7520,0
7521,0
7522,0
7523,0
7524,8
7525,0
7526,0
7527,0
7528,8
7529,0
7530,0
7531,11
7532,0
7533,14
7534,0
7535,0
7536,0
7537,0
7538,0
7539,19
7540,19
7541,0
7542,17
7543,0
7544,0
7545,14
7546,0
7547,0
7548,10
7549,0
7550,14
7551,0
7552,0
7553,12
7554,0
7555,10
7556,3
7557,11
7558,0
7559,9
7560,0
7561,0
7562,0
7563,16
7564,0
7565,0
7566,0
7567,0
7568,0
7569,8
7570,0
7571,0
7572,0
7573,22
7574,0
7575,0
7576,0
7577,0
7578,0
7579,0
7580,0
7581,0
7582,3
7583,0
7584,8
7585,0
7586,10
7587,0
7588,0
7589,0
7590,1
7591,26.000000380517494846799309016205370426177978515625
7592,0
7593,0
7594,22
7595,7
7596,13
7597,0
7598,0
7599,1
7600,0
7601,2
7602,0
7603,0
7604,9
7605,0
7606,0
7607,0
7608,0
7609,0
7610,31
7611,0
7612,0
7613,0
7614,0
7615,0
7616,15
7617,0
7618,0
7619,0
7620,0
7621,0
7622,0
7623,0
7624,13
7625,0
7626,0
7627,18
7628,0
7629,0
7630,0
7631,0
7632,0
7633,0
7634,14
7635,0
7636,0
7637,0
7638,0
7639,6
7640,19
7641,0
7642,2
7643,16
7644,0
7645,0
7646,12
7647,0
7648,0
7649,0
7650,0
7651,5
7652,7
7653,0
7654,0
7655,0
7656,0
7657,0
7658,0
7659,0
7660,9
7661,0
7662,29
7663,0
7664,0
7665,0
7666,0
7667,0
7668,0
7669,18
7670,0
7671,0
7672,0
7673,0
7674,0
7675,0
7676,0
7677,0
7678,0
7679,0
7680,0
7681,18
7682,11
7683,12
7684,17
7685,0
7686,0
7687,0
7688,0
7689,0
7690,0
7691,3
7692,0
7693,3
7694,20
7695,0
7696,0
7697,0
7698,0
7699,0
7700,20
7701,0
7702,0
7703,0
7704,29.00000139523081088555045425891876220703125
7705,0
7706,0
7707,0
7708,0
7709,0
7710,0
7711,6
7712,0
7713,57.0000011098426710987041587941348552703857421875
7714,0
7715,0
7716,0
7717,0
7718,0
7719,0
7720,16.000001363521011654711401206441223621368408203125
7721,0
7722,0
7723,0
7724,17
7725,18
7726,19
7727,0
7728,26.000001363521022312852437607944011688232421875
7729,0
7730,0
7731,24
7732,0
7733,21
7734,0
7735,0
7736,0
7737,0
7738,0
7739,11
7740,0
7741,0
7742,5
7743,0
7744,0
7745,15
7746,0
7747,0
7748,0
7749,0
7750,0
7751,8
7752,0
7753,11
7754,0
7755,0
7756,8
7757,0
7758,0
7759,11
7760,0
7761,0
7762,0
7763,0
7764,8
7765,0
7766,0
7767,7
7768,0
7769,0
7770,38
7771,0
7772,12
7773,0
7774,0
7775,0
7776,0
7777,25
7778,0
7779,0
7780,0
7781,0
7782,14
7783,0
7784,0
7785,0
7786,14
7787,0
7788,0
7789,0
7790,16
7791,0
7792,0
7793,0
7794,21
7795,0
7796,0
7797,0
7798,14
7799,0
7800,0
7801,41
7802,0
7803,0
7804,0
7805,0
7806,0
7807,0
7808,0
7809,0
7810,0
7811,14
7812,0
7813,0
7814,0
7815,5
7816,0
7817,0
7818,0
7819,0
7820,11
7821,0
7822,0
7823,0
7824,0
7825,0
7826,14.00001967592518070659934892319142818450927734375
7827,25
7828,0
7829,0
7830,0
7831,0
7832,0
7833,0
7834,0
7835,0
7836,0
7837,0
7838,0
7839,9
7840,0
7841,0
7842,0
7843,0
7844,0
7845,22
7846,0
7847,0
7848,25
7849,0
7850,0
7851,0
7852,0
7853,0
7854,21
7855,0
7856,0
7857,0
7858,17
7859,0
7860,0
7861,15
7862,0
7863,10
7864,0
7865,0
7866,0
7867,0
7868,9
7869,0
7870,0
7871,0
7872,0
7873,16.00000026953322418421521433629095554351806640625
7874,0
7875,0
7876,0
7877,0
7878,23
7879,0
7880,19
7881,2
7882,8
7883,0
7884,0
7885,11
7886,9
7887,0
7888,0
7889,0
7890,14
7891,25.00000009512937282352140755392611026763916015625
7892,11
7893,0
7894,18.00000015840429767877139966003596782684326171875
7895,28
7896,0
7897,0
7898,0
7899,20
7900,0
7901,0
7902,21
7903,0
7904,0
7905,0
7906,1
7907,0
7908,26
7909,0
7910,0
7911,22
7912,0
7913,0
7914,0
7915,0
7916,31
7917,0
7918,0
7919,0
7920,0
7921,0
7922,0
7923,0
7924,0
7925,0
7926,0
7927,0
7928,0
7929,0
7930,0
7931,0
7932,0
7933,0
7934,0
7935,6
7936,0
7937,0
7938,21
7939,0
7940,0
7941,0
7942,0
7943,0
7944,0
7945,0
7946,20
7947,0
7948,32
7949,0
7950,0
7951,0
7952,0
7953,0
7954,13
7955,0
7956,0
7957,0
7958,0
7959,0
7960,0
7961,32
7962,0
7963,0
7964,0
7965,0
7966,0
7967,0
7968,0
7969,15
7970,0
7971,16
7972,0
7973,17
7974,0
7975,0
7976,0
7977,0
7978,0
7979,16
7980,0
7981,0
7982,0
7983,18
7984,32
7985,0
7986,0
7987,0
7988,0
7989,0
7990,0
7991,0
7992,29
7993,20
7994,0
7995,0
7996,0
7997,0
7998,25
7999,0
8000,0
8001,0
8002,0
8003,15
8004,0
8005,0
8006,30
8007,0
8008,0
8009,0
8010,0
8011,0
8012,12
8013,0
8014,0
8015,0
8016,32
8017,0
8018,0
8019,13
8020,0
8021,0
8022,0
8023,6
8024,12
8025,0
8026,0
8027,0
8028,21
8029,0
8030,0
8031,0
8032,0
8033,0
8034,0
8035,0
8036,0
8037,0
8038,13
8039,0
8040,0
8041,0
8042,0
8043,8
8044,0
8045,0
8046,0
8047,0
8048,0
8049,25
8050,0
8051,0
8052,0
8053,0
8054,0
8055,17
8056,0
8057,0
8058,0
8059,0
8060,0
8061,0
8062,40
8063,0
8064,0
8065,0
8066,0
8067,0
8068,0
8069,0
8070,0
8071,0
8072,0
8073,0
8074,0
8075,0
8076,0
8077,0
8078,0
8079,0
8080,0
8081,0
8082,0
8083,0
8084,0
8085,0
8086,0
8087,0
8088,49
8089,0
8090,0
8091,0
8092,0
8093,0
8094,0
8095,0
8096,0
8097,0
8098,0
8099,21
8100,0
8101,12
8102,0
8103,0
8104,18
8105,0
8106,0
8107,0
8108,0
8109,0
8110,16
8111,18
8112,0
8113,0
8114,0
8115,0
8116,31
8117,0
8118,0
8119,0
8120,0
8121,0
8122,20
8123,0
8124,0
8125,0
8126,0
8127,23
8128,44
8129,0
8130,0
8131,0
8132,23
8133,0
8134,6
8135,0
8136,20
8137,0
8138,0
8139,25
8140,0
8141,0
8142,1
8143,0
8144,8
8145,2
8146,0
8147,3
8148,0
8149,1
8150,14
8151,0
8152,0
8153,0
8154,0
8155,0
8156,0
8157,14
8158,0
8159,0
8160,0
8161,0
8162,0
8163,1
8164,4
8165,0
8166,18
8167,0
8168,0
8169,0
8170,0
8171,0
8172,0
8173,0
8174,19
8175,21
8176,0
8177,0
8178,0
8179,0
8180,0
8181,0
8182,0
8183,0
8184,0
8185,0
8186,0
8187,1
8188,5
8189,42
8190,0
8191,10
8192,4
8193,0
8194,0
8195,0
8196,18
8197,0
8198,0
8199,4
8200,0
8201,0
8202,0
8203,19
8204,0
8205,99.000001775748245336217223666608333587646484375
8206,0
8207,0
8208,0
8209,0
8210,0
8211,0
8212,0
8213,0
8214,0
8215,0
8216,0
8217,0
8218,0
8219,0
8220,0
8221,0
8222,0
8223,0
8224,0
8225,0
8226,0
8227,23
8228,19
8229,0
8230,0
8231,0
8232,0
8233,0
8234,0
8235,0
8236,0
8237,0
8238,0
8239,0
8240,15
8241,0
8242,0
8243,0
8244,0
8245,25
8246,0
8247,0
8248,8
8249,0
8250,617.00000085616420619771815836429595947265625
8251,15
8252,0
8253,12
8254,0
8255,0
8256,19
8257,0
8258,15
8259,0
8260,0
8261,0
8262,22
8263,25
8264,0
8265,0
8266,0
8267,0
8268,0
8269,0
8270,0
8271,0
8272,0
8273,8
8274,0
8275,0
8276,0
8277,0
8278,0
8279,38
8280,21
8281,0
8282,0
8283,0
8284,16
8285,0
8286,0
8287,0
8288,1
8289,15
8290,0
8291,0
8292,0
8293,0
8294,0
8295,19
8296,0
8297,0
8298,0
8299,0
8300,12
8301,0
8302,14
8303,0
8304,0
8305,0
8306,0
8307,0
8308,0
8309,0
8310,4
8311,10
8312,0
8313,0
8314,10
8315,0
8316,0
8317,0
8318,0
8319,0
8320,0
8321,0
8322,21
8323,0
8324,0
8325,0
8326,9
8327,0
8328,20
8329,0
8330,0
8331,18
8332,0
8333,0
8334,18
8335,0
8336,0
8337,8
8338,0
8339,0
8340,13
8341,0
8342,0
8343,1
8344,0
8345,5
8346,0
8347,0
8348,0
8349,10
8350,0
8351,0
8352,12
8353,0
8354,0
8355,0
8356,0
8357,0
8358,0
8359,0
8360,14
8361,0
8362,0
8363,0
8364,0
8365,0
8366,19
8367,0
8368,0
8369,0
8370,0
8371,33
8372,16
8373,0
8374,0
8375,0
8376,0
8377,0
8378,10
8379,0
8380,0
8381,0
8382,11
8383,0
8384,0
8385,0
8386,0
8387,9
8388,0
8389,0
8390,25
8391,0
8392,0
8393,0
8394,0
8395,0
8396,0
8397,0
8398,0
8399,5
8400,0
8401,0
8402,13
8403,0
8404,0
8405,0
8406,0
8407,0
8408,0
8409,0
8410,0
8411,0
8412,0
8413,0
8414,9
8415,0
8416,0
8417,0
8418,0
8419,16
8420,0
8421,0
8422,0
8423,0
8424,26.0000006024860113029717467725276947021484375
8425,0
8426,47
8427,0
8428,12
8429,3
8430,0
8431,7
8432,12
8433,0
8434,0
8435,0
8436,0
8437,0
8438,4
8439,0
8440,0
8441,0
8442,0
8443,2
8444,0
8445,0
8446,14
8447,18
8448,0
8449,17
8450,0
8451,0
8452,0
8453,0
8454,0
8455,4
8456,0
8457,0
8458,0
8459,0
8460,3
8461,0
8462,0
8463,18
8464,12
8465,0
8466,0
8467,0
8468,0
8469,0
8470,0
8471,0
8472,0
8473,23
8474,0
8475,0
8476,0
8477,0
8478,0
8479,0
8480,0
8481,0
8482,0
8483,19
8484,0
8485,10
8486,0
8487,0
8488,0
8489,21
8490,0
8491,0
8492,0
8493,14
8494,23
8495,0
8496,0
8497,2
8498,7
8499,0
8500,28
8501,0
8502,0
8503,0
8504,0
8505,0
8506,15
8507,20
8508,23
8509,0
8510,13
8511,6
8512,3
8513,0
8514,15
8515,0
8516,0
8517,0
8518,0
8519,0
8520,0
8521,0
8522,0
8523,0
8524,0
8525,0
8526,21
8527,0
8528,0
8529,0
8530,0
8531,0
8532,24
8533,0
8534,0
8535,0
8536,0
8537,0
8538,16
8539,0
8540,0
8541,0
8542,0
8543,0
8544,0
8545,0
8546,1
8547,0
8548,20
8549,0
8550,0
8551,0
8552,0
8553,0
8554,0
8555,16
8556,32
8557,0
8558,0
8559,0
8560,0
8561,0
8562,0
8563,0
8564,0
8565,0
8566,0
8567,0
8568,0
8569,0
8570,13
8571,0
8572,0
8573,14
8574,0
8575,0
8576,24
8577,0
8578,0
8579,0
8580,0
8581,20
8582,0
8583,0
8584,0
8585,0
8586,0
8587,0
8588,0
8589,17
8590,0
8591,0
8592,0
8593,0
8594,3
8595,0
8596,0
8597,0
8598,13
8599,0
8600,0
8601,0
8602,0
8603,9
8604,0
8605,0
8606,10
8607,0
8608,0
8609,0
8610,3
8611,26
8612,0
8613,0
8614,0
8615,0
8616,27
8617,0
8618,0
8619,0
8620,0
8621,12
8622,7
8623,12
8624,0
8625,17
8626,0
8627,0
8628,16
8629,0
8630,0
8631,0
8632,0
8633,0
8634,0
8635,0
8636,13
8637,0
8638,0
8639,0
8640,21
8641,0
8642,0
8643,0
8644,0
8645,0
8646,0
8647,0
8648,0
8649,0
8650,0
8651,8
8652,25
8653,5
8654,0
8655,0
8656,0
8657,9
8658,0
8659,5
8660,12
8661,0
8662,5
8663,8
8664,0
8665,10
8666,0
8667,6
8668,13
8669,17
8670,0
8671,0
8672,8
8673,0
8674,0
8675,0
8676,16
8677,0
8678,0
8679,0
8680,0
8681,0
8682,0
8683,0
8684,2
8685,0
8686,0
8687,23
8688,0
8689,0
8690,0
8691,0
8692,0
8693,0
8694,0
8695,0
8696,8
8697,0
8698,0
8699,11
8700,0
8701,0
8702,0
8703,0
8704,0
8705,0
8706,5
8707,0
8708,0
8709,0
8710,0
8711,11
8712,0
8713,0
8714,19
8715,0
8716,0
8717,0
8718,0
8719,0
8720,15.000001680618906263475764717441052198410034179688
8721,65
8722,0
8723,0
8724,0
8725,22
8726,0
8727,0
8728,0
8729,0
8730,0
8731,0
8732,0
8733,11
8734,0
8735,0
8736,0
8737,0
8738,0
8739,0
8740,0
8741,3
8742,9
8743,0
8744,0
8745,0
8746,8
8747,0
8748,0
8749,0
8750,0
8751,1
8752,0
8753,29
8754,0
8755,0
8756,0
8757,0
8758,0
8759,0
8760,0
8761,0
8762,0
8763,9
8764,0
8765,0
8766,3
8767,0
8768,0
8769,0
8770,12
8771,0
8772,0
8773,0
8774,26
8775,0
8776,0
8777,0
8778,0
8779,0
8780,0
8781,0
8782,0
8783,31.000004534500209985026231152005493640899658203125
8784,159
8785,18
8786,0
8787,0
8788,0
8789,16
8790,0
8791,0
8792,15
8793,25
8794,0
8795,0
8796,45
8797,0
8798,0
8799,0
8800,0
8801,0
8802,0
8803,0
8804,7
8805,0
8806,0
8807,0
8808,0
8809,37.00000126839162106762159965001046657562255859375
8810,55
8811,0
8812,113
8813,0
8814,0
8815,0
8816,0
8817,0
8818,0
8819,0
8820,0
8821,0
8822,0
8823,0
8824,0
8825,0
8826,0
8827,0
8828,0
8829,42
8830,0
8831,0
8832,0
8833,0
8834,0
8835,0
8836,0
8837,0
8838,0
8839,0
8840,0
8841,0
8842,0
8843,0
8844,0
8845,0
8846,0
8847,0
8848,0
8849,19
8850,0
8851,23
8852,17
8853,0
8854,20
8855,0
8856,0
8857,0
8858,13.00000030083092639188180328346788883209228515625
8859,13
8860,0
8861,0
8862,0
8863,0
8864,26
8865,0
8866,37
8867,19
8868,0
8869,0
8870,19
8871,0
8872,0
8873,0
8874,0
8875,0
8876,44
8877,0
8878,0
8879,8
8880,0
8881,0
8882,17
8883,0
8884,0
8885,0
8886,0
8887,0
8888,0
8889,0
8890,17
8891,0
8892,0
8893,0
8894,19
8895,0
8896,31
8897,0
8898,0
8899,0
8900,0
8901,0
8902,0
8903,0
8904,0
8905,49.0000017123286824016759055666625499725341796875
8906,0
8907,0
8908,0
8909,0
8910,19
8911,13
8912,10
8913,0
8914,0
8915,13
8916,19
8917,7
8918,32
8919,31
8920,0
8921,0
8922,12
8923,0
8924,0
8925,0
8926,27
8927,0
8928,0
8929,22
8930,0
8931,0
8932,0
8933,0
8934,0
8935,0
8936,0
8937,0
8938,0
8939,9
8940,0
8941,0
8942,0
8943,0
8944,0
8945,0
8946,13
8947,0
8948,0
8949,22
8950,0
8951,0
8952,0
8953,0
8954,0
8955,0
8956,0
8957,0
8958,1
8959,24
8960,0
8961,19
8962,8
8963,21
8964,0
8965,0
8966,30
8967,0
8968,0
8969,0
8970,0
8971,0
8972,0
8973,0
8974,2
8975,0
8976,25
8977,0
8978,0
8979,0
8980,0
8981,0
8982,10
8983,0
8984,0
8985,0
8986,0
8987,0
8988,0
8989,43
8990,0
8991,0
8992,0
8993,0
8994,0
8995,0
8996,0
8997,0
8998,0
8999,0
9000,4
9001,0
9002,0
9003,0
9004,2
9005,0
9006,0
9007,23
9008,0
9009,0
9010,0
9011,0
9012,0
9013,17
9014,0
9015,23
9016,21
9017,17
9018,0
9019,0
9020,4
9021,0
9022,0
9023,0
9024,14
9025,0
9026,0
9027,0
9028,0
9029,0
9030,11
9031,0
9032,0
9033,0
9034,0
9035,0
9036,0
9037,0
9038,6
9039,0
9040,0
9041,5
9042,0
9043,0
9044,0
9045,0
9046,38
9047,0
9048,0
9049,0
9050,0
9051,0
9052,0
9053,0
9054,17
9055,0
9056,3
9057,0
9058,5
9059,0
9060,0
9061,0
9062,0
9063,10.00000009512937282352140755392611026763916015625
9064,12
9065,5
9066,11
9067,0
9068,12
9069,0
9070,0
9071,8
9072,0
9073,0
9074,0
9075,0
9076,7
9077,12
9078,0
9079,0
9080,0
9081,0
9082,0
9083,13
9084,0
9085,16
9086,0
9087,0
9088,0
9089,0
9090,19.000001553779757301754216314293444156646728515625
9091,0
9092,0
9093,0
9094,0
9095,0
9096,0
9097,14
9098,0
9099,0
9100,0
9101,0
9102,0
9103,0
9104,0
9105,0
9106,94
9107,0
9108,0
9109,0
9110,0
9111,0
9112,0
9113,0
9114,0
9115,0
9116,0
9117,0
9118,0
9119,0
9120,0
9121,0
9122,0
9123,0
9124,0
9125,0
9126,0
9127,0
9128,0
9129,14
9130,0
9131,0
9132,0
9133,13
9134,0
9135,19
9136,0
9137,0
9138,0
9139,0
9140,0
9141,15
9142,0
9143,0
9144,12
9145,17
9146,0
9147,0
9148,0
9149,0
9150,0
9151,0
9152,28
9153,0
9154,0
9155,0
9156,10
9157,0
9158,2
9159,10
9160,0
9161,15
9162,0
9163,0
9164,0
9165,0
9166,24
9167,0
9168,0
9169,5
9170,6
9171,0
9172,0
9173,28
9174,0
9175,0
9176,0
9177,0
9178,0
9179,21
9180,0
9181,21
9182,0
9183,0
9184,0
9185,0
9186,0
9187,0
9188,0
9189,0
9190,19
9191,0
9192,0
9193,5
9194,0
9195,0
9196,11
9197,0
9198,0
9199,0
9200,0
9201,0
9202,52
9203,0
9204,0
9205,0
9206,0
9207,0
9208,0
9209,0
9210,0
9211,0
9212,0
9213,0
9214,0
9215,0
9216,0
9217,0
9218,0
9219,0
9220,0
9221,0
9222,0
9223,0
9224,0
9225,0
9226,0
9227,0
9228,0
9229,0
9230,0
9231,0
9232,0
9233,0
9234,0
9235,0
9236,0
9237,0
9238,0
9239,0
9240,0
9241,0
9242,0
9243,0
9244,0
9245,0
9246,0
9247,0
9248,0
9249,0
9250,0
9251,0
9252,0
9253,0
9254,0
9255,0
9256,0
9257,0
9258,0
9259,0
9260,0
9261,0
9262,0
9263,0
9264,0
9265,19
9266,0
9267,0
9268,0
9269,12
9270,0
9271,0
9272,0
9273,0
9274,8
9275,9
9276,0
9277,0
9278,10
9279,0
9280,2
9281,1
9282,8
9283,0
9284,2
9285,0
9286,16
9287,0
9288,0
9289,0
9290,25
9291,0
9292,0
9293,0
9294,0
9295,0
9296,0
9297,0
9298,0
9299,0
9300,0
9301,2
9302,0
9303,0
9304,0
9305,0
9306,9
9307,13.000004883307800795932962500955909490585327148438
9308,0
9309,0
9310,0
9311,0
9312,6
9313,31
9314,0
9315,1
9316,0
9317,0
9318,0
9319,0
9320,0
9321,0
9322,0
9323,15
9324,0
9325,0
9326,5
9327,1
9328,17
9329,0
9330,15
9331,0
9332,0
9333,0
9334,0
9335,0
9336,0
9337,0
9338,1
9339,0
9340,17
9341,0
9342,17
9343,2
9344,2
9345,0
9346,16
9347,0
9348,0
9349,0
9350,28
9351,2
9352,11
9353,0
9354,0
9355,21
9356,0
9357,0
9358,0
9359,0
9360,0
9361,25
9362,0
9363,0
9364,22
9365,0
9366,17
9367,0
9368,0
9369,0
9370,0
9371,0
9372,1
9373,17
9374,0
9375,0
9376,0
9377,0
9378,0
9379,0
9380,14
9381,0
9382,0
9383,0
9384,0
9385,0
9386,9
9387,0
9388,20
9389,0
9390,0
9391,0
9392,0
9393,0
9394,2
9395,10
9396,18
9397,16
9398,0
9399,0
9400,0
9401,0
9402,26
9403,0
9404,0
9405,0
9406,16
9407,0
9408,25
9409,0
9410,0
9411,0
9412,0
9413,0
9414,0
9415,0
9416,0
9417,0
9418,0
9419,0
9420,18
9421,0
9422,0
9423,0
9424,21
9425,0
9426,0
9427,7
9428,0
9429,0
9430,0
9431,9
9432,0
9433,6.0000000632463041938535752706229686737060546875
9434,0
9435,13
9436,0
9437,0
9438,0
9439,0
9440,0
9441,13
9442,0
9443,30
9444,17
9445,0
9446,0
9447,9
9448,0
9449,1
9450,14
9451,0
9452,3
9453,0
9454,16
9455,0
9456,0
9457,0
9458,0
9459,0
9460,0
9461,0
9462,23
9463,0
9464,0
9465,0
9466,0
9467,0
9468,0
9469,9.00000028460836887234108871780335903167724609375
9470,0
9471,9
9472,0
9473,0
9474,33
9475,0
9476,0
9477,0
9478,0
9479,0
9480,0
9481,0
9482,20
9483,0
9484,0
9485,0
9486,0
9487,3
9488,4
9489,0
9490,0
9491,0
9492,27
9493,0
9494,0
9495,0
9496,0
9497,0
9498,0
9499,11
9500,0
9501,0
9502,0
9503,22
9504,0
9505,0
9506,36
9507,0
9508,0
9509,0
9510,0
9511,0
9512,0
9513,0
9514,0
9515,18
9516,0
9517,0
9518,0
9519,0
9520,9
9521,0
9522,2
9523,0
9524,8
9525,0
9526,0
9527,3
9528,0
9529,11
9530,0
9531,0
9532,6
9533,0
9534,0
9535,23
9536,0
9537,27
9538,0
9539,0
9540,22
9541,15
9542,0
9543,0
9544,0
9545,0
9546,0
9547,0
9548,0
9549,0
9550,19
9551,0
9552,0
9553,0
9554,0
9555,0
9556,0
9557,0
9558,0
9559,0
9560,0
9561,0
9562,0
9563,0
9564,0
9565,0
9566,0
9567,0
9568,0
9569,0
9570,0
9571,0
9572,0
9573,0
9574,0
9575,0
9576,0
9577,0
9578,0
9579,0
9580,24
9581,0
9582,31
9583,0
9584,0
9585,0
9586,0
9587,0
9588,0
9589,0
9590,18
9591,0
9592,0
9593,6
9594,0
9595,0
9596,0
9597,0
9598,0
9599,0
9600,0
9601,14
9602,0
9603,0
9604,0
9605,32
9606,0
9607,0
9608,0
9609,0
9610,0
9611,0
9612,0
9613,0
9614,18
9615,0
9616,4
9617,13
9618,1
9619,6
9620,0
9621,0
9622,0
9623,33
9624,0
9625,0
9626,0
9627,0
9628,21
9629,0
9630,14
9631,0
9632,0
9633,19
9634,21
9635,26
9636,24
9637,0
9638,0
9639,0
9640,11
9641,0
9642,17
9643,0
9644,0
9645,0
9646,0
9647,0
9648,0
9649,0
9650,0
9651,0
9652,0
9653,0
9654,16
9655,0
9656,0
9657,0
9658,0
9659,0
9660,0
9661,0
9662,0
9663,26
9664,0
9665,0
9666,0
9667,23
9668,0
9669,0
9670,0
9671,8
9672,19
9673,0
9674,0
9675,0
9676,48
9677,0
9678,0
9679,0
9680,0
9681,0
9682,0
9683,0
9684,0
9685,0
9686,0
9687,0
9688,0
9689,17
9690,0
9691,0
9692,0
9693,0
9694,10
9695,0
9696,0
9697,14
9698,12
9699,0
9700,0
9701,22
9702,0
9703,8
9704,0
9705,14
9706,0
9707,0
9708,0
9709,13
9710,0
9711,0
9712,16
9713,0
9714,6
9715,21
9716,0
9717,0
9718,0
9719,0
9720,0
9721,0
9722,0
9723,0
9724,0
9725,0
9726,0
9727,0
9728,0
9729,0
9730,20
9731,27
9732,0
9733,0
9734,0
9735,12
9736,0
9737,0
9738,9
9739,0
9740,0
9741,15
9742,5
9743,0
9744,0
9745,0
9746,0
9747,9
9748,0
9749,19
9750,0
9751,3
9752,8
9753,6
9754,0
9755,2
9756,24
9757,0
9758,0
9759,0
9760,0
9761,0
9762,20
9763,0
9764,23
9765,35
9766,0
9767,0
9768,0
9769,0
9770,0
9771,0
9772,0
9773,0
9774,0
9775,0
9776,0
9777,0
9778,0
9779,0
9780,2
9781,0
9782,15
9783,0
9784,0
9785,3
9786,2
9787,5
9788,19
9789,0
9790,0
9791,0
9792,0
9793,0
9794,0
9795,13
9796,4
9797,0
9798,0
9799,5
9800,25
9801,0
9802,8
9803,0
9804,7
9805,0
9806,19
9807,0
9808,0
9809,0
9810,0
9811,7
9812,0
9813,0
9814,0
9815,9
9816,0
9817,0
9818,13
9819,0
9820,0
9821,12
9822,0
9823,0
9824,23
9825,0
9826,0
9827,10
9828,0
9829,22
9830,13.00000053759358564775538980029523372650146484375
9831,0
9832,24
9833,0
9834,0
9835,0
9836,4
9837,0
9838,19.00000034785467306619466398842632770538330078125
9839,0
9840,25
9841,15
9842,12
9843,0
9844,13
9845,0
9846,16
9847,0
9848,0
9849,0
9850,0
9851,15
9852,0
9853,0
9854,0
9855,0
9856,0
9857,0
9858,0
9859,0
9860,23
9861,0
9862,0
9863,0
9864,0
9865,0
9866,0
9867,18
9868,0
9869,0
9870,0
9871,0
9872,31
9873,0
9874,0
9875,0
9876,0
9877,9
9878,0
9879,8
9880,0
9881,1
9882,0
9883,4
9884,0
9885,0
9886,0
9887,9
9888,22
9889,0
9890,17
9891,0
9892,0
9893,0
9894,0
9895,0
9896,0
9897,11
9898,0
9899,0
9900,0
9901,0
9902,10
9903,0
9904,0
9905,1
9906,0
9907,17
9908,22
9909,0
9910,0
9911,0
9912,0
9913,0
9914,0
9915,0
9916,0
9917,0
9918,0
9919,0
9920,0
9921,0
9922,0
9923,0
9924,0
9925,0
9926,0
9927,0
9928,0
9929,12
9930,0
9931,0
9932,32
9933,0
9934,0
9935,0
9936,0
9937,0
9938,0
9939,0
9940,0
9941,0
9942,0
9943,14
9944,0
9945,0
9946,0
9947,31
9948,0
9949,20
9950,0
9951,0
9952,0
9953,0
9954,0
9955,27
9956,0
9957,0
9958,0
9959,0
9960,0
9961,0
9962,0
9963,0
9964,0
9965,14
9966,0
9967,15
9968,0
9969,0
9970,0
9971,9
9972,0
9973,0
9974,12
9975,0
9976,11
9977,0
9978,0
9979,0
9980,0
9981,0
9982,0
9983,0
9984,16
9985,0
9986,0
9987,0
9988,0
9989,0
9990,8
9991,0
9992,0
9993,0
9994,16
9995,0
9996,0
9997,0
9998,0
9999,0
10000,18
10001,0
10002,0
10003,14
10004,0
10005,0
10006,0
10007,0
10008,10
10009,0
10010,1
10011,0
10012,16
10013,0
10014,0
10015,0
10016,17
10017,0
10018,0
10019,0
10020,0
10021,0
10022,16
10023,15
10024,0
10025,0
10026,0
10027,0
10028,0
10029,0
10030,11
10031,0
10032,0
10033,0
10034,11
10035,0
10036,20
10037,0
10038,0
10039,0
10040,0
10041,0
10042,6
10043,0
10044,0
10045,0
10046,0
10047,0
10048,0
10049,15
10050,0
10051,0
10052,0
10053,0
10054,0
10055,22
10056,0
10057,0
10058,0
10059,28
10060,0
10061,0
10062,0
10063,0
10064,0
10065,0
10066,4
10067,0
10068,39
10069,0
10070,0
10071,1
10072,0
10073,0
10074,0
10075,0
10076,26
10077,0
10078,0
10079,0
10080,0
10081,0
10082,0
10083,0
10084,0
10085,8
10086,6
10087,14
10088,16
10089,1
10090,0
10091,19
10092,0
10093,21
10094,0
10095,0
10096,0
10097,15
10098,0
10099,0
10100,0
10101,0
10102,0
10103,0
10104,6
10105,0
10106,0
10107,0
10108,7
10109,29
10110,0
10111,0
10112,0
10113,0
10114,0
10115,0
10116,0
10117,16
10118,0
10119,10
10120,0
10121,0
10122,19
10123,14
10124,0
10125,0
10126,0
10127,0
10128,0
10129,0
10130,0
10131,1
10132,0
10133,16
10134,11
10135,0
10136,0
10137,25
10138,0
10139,0
10140,0
10141,0
10142,17
10143,0
10144,0
10145,9
10146,12
10147,0
10148,2
10149,0
10150,21
10151,0
10152,0
10153,0
10154,0
10155,0
10156,0
10157,0
10158,0
10159,0
10160,13
10161,25
10162,33
10163,0
10164,0
10165,0
10166,0
10167,0
10168,0
10169,0
10170,0
10171,0
10172,0
10173,0
10174,13
10175,42
10176,20
10177,14
10178,14
10179,7
10180,0
10181,0
10182,0
10183,0
10184,9
10185,0
10186,0
10187,13
10188,0
10189,0
10190,0
10191,0
10192,0
10193,0
10194,0
10195,0
10196,0
10197,8
10198,0
10199,12
10200,0
10201,0
10202,0
10203,11
10204,0
10205,6
10206,0
10207,0
10208,6
10209,0
10210,0
10211,0
10212,10
10213,0
10214,0
10215,20
10216,0
10217,0
10218,0
10219,0
10220,0
10221,0
10222,0
10223,0
10224,66
10225,0
10226,30
10227,0
10228,0
10229,0
10230,0
10231,0
10232,0
10233,0
10234,0
10235,0
10236,0
10237,0
10238,4
10239,0
10240,0
10241,0
10242,0
10243,4
10244,0
10245,0
10246,0
10247,2
10248,0
10249,2
10250,0
10251,14
10252,0
10253,0
10254,0
10255,0
10256,0
10257,0
10258,0
10259,0
10260,0
10261,0
10262,0
10263,0
10264,0
10265,2
10266,0
10267,12
10268,0
10269,0
10270,0
10271,0
10272,0
10273,0
10274,0
10275,0
10276,0
10277,0
10278,17
10279,0
10280,0
10281,13
10282,7
10283,0
10284,0
10285,2
10286,0
10287,9
10288,15
10289,0
10290,0
10291,0
10292,0
10293,0
10294,0
10295,0
10296,0
10297,0
10298,18
10299,0
10300,0
10301,0
10302,0
10303,19
10304,0
10305,0
10306,11
10307,0
10308,0
10309,11
10310,0
10311,9
10312,0
10313,0
10314,25
10315,0
10316,0
10317,0
10318,0
10319,0
10320,31
10321,0
10322,0
10323,0
10324,0
10325,0
10326,0
10327,0
10328,18
10329,0
10330,0
10331,0
10332,0
10333,0
10334,0
10335,10
10336,0
10337,0
10338,0
10339,0
10340,8
10341,0
10342,0
10343,0
10344,0
10345,0
10346,0
10347,8
10348,0
10349,5
10350,0
10351,10
10352,0
10353,0
10354,0
10355,0
10356,0
10357,0
10358,7
10359,0
10360,0
10361,0
10362,0
10363,0
10364,19
10365,0
10366,0
10367,0
10368,0
10369,0
10370,12
10371,0
10372,0
10373,22
10374,0
10375,0
10376,0
10377,28
10378,0
10379,0
10380,0
10381,32
10382,0
10383,0
10384,0
10385,0
10386,0
10387,0
10388,0
10389,0
10390,0
10391,0
10392,0
10393,0
10394,0
10395,0
10396,0
10397,0
10398,0
10399,0
10400,0
10401,0
10402,0
10403,0
10404,0
10405,0
10406,0
10407,0
10408,0
10409,0
10410,0
10411,0
10412,54
10413,0
10414,0
10415,0
10416,0
10417,0
10418,0
10419,0
10420,0
10421,0
10422,23
10423,0
10424,0
10425,0
10426,0
10427,0
10428,0
10429,0
10430,0
10431,0
10432,0
10433,0
10434,0
10435,0
10436,0
10437,0
10438,72.000004851597850574762560427188873291015625
10439,22
10440,0
10441,0
10442,0
10443,12
10444,152
10445,0
10446,0
10447,0
10448,0
10449,0
10450,20
10451,0
10452,0
10453,0
10454,8
10455,0
10456,33
10457,0
10458,29
10459,0
10460,0
10461,0
10462,0
10463,0
10464,13
10465,5
10466,6
10467,0
10468,10
10469,0
10470,25
10471,0
10472,5
10473,0
10474,38
10475,0
10476,0
10477,0
10478,0
10479,0
10480,0
10481,0
10482,0
10483,0
10484,0
10485,0
10486,0
10487,23
10488,10
10489,0
10490,0
10491,0
10492,0
10493,0
10494,0
10495,0
10496,0
10497,7
10498,0
10499,0
10500,0
10501,0
10502,19
10503,0
10504,0
10505,0
10506,0
10507,12
10508,0
10509,0
10510,0
10511,7
10512,13
10513,0
10514,0
10515,0
10516,0
10517,9
10518,0
10519,0
10520,23
10521,0
10522,5
10523,0
10524,21
10525,24
10526,21
10527,26
10528,34
10529,0
10530,33
10531,0
10532,0
10533,0
10534,0
10535,0
10536,0
10537,15
10538,0
10539,0
10540,0
10541,9
10542,0
10543,12
10544,0
10545,0
10546,0
10547,0
10548,20
10549,0
10550,0
10551,0
10552,0
10553,0
10554,0
10555,0
10556,0
10557,0
10558,20
10559,0
10560,0
10561,0
10562,0
10563,0
10564,0
10565,0
10566,0
10567,0
10568,43
10569,0
10570,0
10571,0
10572,0
10573,0
10574,11
10575,0
10576,0
10577,0
10578,0
10579,0
10580,0
10581,0
10582,0
10583,4
10584,0
10585,0
10586,16
10587,25
10588,0
10589,0
10590,0
10591,0
10592,10
10593,0
10594,0
10595,0
10596,18
10597,0
10598,0
10599,0
10600,0
10601,0
10602,107
10603,0
10604,0
10605,0
10606,0
10607,0
10608,0
10609,0
10610,0
10611,0
10612,0
10613,18
10614,0
10615,0
10616,26.0000047564686838086345233023166656494140625
10617,0
10618,0
10619,0
10620,0
10621,0
10622,0
10623,0
10624,0
10625,24
10626,0
10627,11
10628,0
10629,0
10630,0
10631,0
10632,0
10633,0
10634,15
10635,0
10636,0
10637,5
10638,0
10639,21
10640,0
10641,10
10642,0
10643,0
10644,0
10645,0
10646,0
10647,2
10648,0
10649,7
10650,15
10651,14
10652,0
10653,3
10654,7
10655,18.00000063419582119195183622650802135467529296875
10656,0
10657,6
10658,0
10659,14
10660,15
10661,15
10662,9
10663,0
10664,0
10665,0
10666,2
10667,0
10668,0
10669,8
10670,0
10671,7
10672,0
10673,18
10674,0
10675,0
10676,0
10677,0
10678,0
10679,0
10680,8
10681,0
10682,0
10683,0
10684,0
10685,7
10686,0
10687,0
10688,0
10689,33
10690,0
10691,0
10692,0
10693,0
10694,0
10695,0
10696,0
10697,0
10698,0
10699,0
10700,24
10701,0
10702,0
10703,0
10704,0
10705,0
10706,0
10707,18
10708,17
10709,0
10710,1
10711,2
10712,0
10713,17
10714,0
10715,0
10716,14
10717,0
10718,0
10719,0
10720,9
10721,16
10722,0
10723,0
10724,0
10725,8
10726,0
10727,0
10728,6
10729,21
10730,0
10731,4
10732,24
10733,0
10734,0
10735,11
10736,0
10737,0
10738,10
10739,14
10740,0
10741,16
10742,0
10743,4
10744,29
10745,0
10746,0
10747,0
10748,0
10749,0
10750,12
10751,0
10752,0
10753,0
10754,9
10755,25
10756,0
10757,0
10758,0
10759,0
10760,0
10761,0
10762,0
10763,2
10764,8
10765,0
10766,20
10767,0
10768,0
10769,0
10770,0
10771,0
10772,18
10773,0
10774,0
10775,0
10776,0
10777,0
10778,16
10779,18
10780,0
10781,0
10782,0
10783,0
10784,21
10785,0
10786,0
10787,0
10788,21
10789,5
10790,23
10791,0
10792,0
10793,0
10794,0
10795,11
10796,21
10797,0
10798,0
10799,0
10800,0
10801,0
10802,0
10803,38
10804,0
10805,0
10806,0
10807,0
10808,0
10809,0
10810,0
10811,0
10812,0
10813,0
10814,0
10815,0
10816,0
10817,0
10818,0
10819,0
10820,0
10821,0
10822,0
10823,0
10824,9
10825,0
10826,5
10827,18
10828,0
10829,0
10830,0
10831,0
10832,0
10833,0
10834,0
10835,0
10836,0
10837,0
10838,0
10839,0
10840,15
10841,0
10842,0
10843,0
10844,0
10845,6
10846,0
10847,0
10848,8
10849,0
10850,0
10851,10
10852,15
10853,5
10854,18
10855,1
10856,1
10857,1
10858,11
10859,0
10860,0
10861,0
10862,0
10863,0
10864,0
10865,7
10866,0
10867,0
10868,35
10869,0
10870,0
10871,0
10872,0
10873,0
10874,0
10875,0
10876,0
10877,0
10878,15
10879,9
10880,11
10881,0
10882,0
10883,5
10884,0
10885,0
10886,0
10887,0
10888,8
10889,14
10890,0
10891,0
10892,0
10893,0
10894,0
10895,0
10896,0
10897,3
10898,8
10899,0
10900,0
10901,6
10902,0
10903,2
10904,0
10905,11
10906,0
10907,16
10908,0
10909,0
10910,0
10911,0
10912,0
10913,26
10914,0
10915,0
10916,0
10917,0
10918,0
10919,0
10920,0
10921,0
10922,0
10923,0
10924,12
10925,22
10926,0
10927,0
10928,0
10929,16
10930,0
10931,0
10932,0
10933,0
10934,7
10935,0
10936,0
10937,15
10938,0
10939,12
10940,0
10941,0
10942,17
10943,12
10944,0
10945,0
10946,0
10947,8
10948,0
10949,0
10950,4
10951,8
10952,0
10953,0
10954,0
10955,0
10956,19
10957,0
10958,0
10959,0
10960,0
10961,0
10962,0
10963,0
10964,0
10965,0
10966,0
10967,23
10968,0
10969,0
10970,0
10971,0
10972,0
10973,24
10974,0
10975,16
10976,19
10977,2
10978,42
10979,0
10980,0
10981,0
10982,0
10983,0
10984,0
10985,0
10986,0
10987,0
10988,6
10989,0
10990,27
10991,0
10992,0
10993,0
10994,0
10995,0
10996,0
10997,0
10998,0
10999,23
11000,0
11001,0
11002,0
11003,0
11004,0
11005,0
11006,0
11007,0
11008,0
11009,0
11010,0
11011,41
11012,0
11013,0
11014,0
11015,0
11016,0
11017,0
11018,0
11019,0
11020,0
11021,0
11022,1
11023,0
11024,13
11025,0
11026,0
11027,0
11028,0
11029,0
11030,0
11031,0
11032,0
11033,30
11034,0
11035,0
11036,0
11037,0
11038,0
11039,0
11040,11
11041,34
11042,0
11043,0
11044,0
11045,16
11046,0
11047,0
11048,0
11049,0
11050,22
11051,0
11052,0
11053,0
11054,0
11055,0
11056,0
11057,0
11058,48
11059,0
11060,26
11061,0
11062,0
11063,0
11064,0
11065,4
11066,14
11067,0
11068,0
11069,15
11070,0
11071,7
11072,0
11073,0
11074,0
11075,0
11076,47
11077,0
11078,0
11079,0
11080,0
11081,35
11082,0
11083,0
11084,0
11085,0
11086,0
11087,0
11088,0
11089,0
11090,0
11091,7
11092,11
11093,0
11094,36
11095,0
11096,0
11097,14
11098,0
11099,0
11100,0
11101,0
11102,0
11103,0
11104,0
11105,0
11106,3
11107,0
11108,19
11109,18
11110,0
11111,0
11112,2
11113,0
11114,0
11115,1
11116,7
11117,0
11118,31
11119,0
11120,0
11121,11
11122,0
11123,43
11124,0
11125,0
11126,0
11127,0
11128,0
11129,0
11130,0
11131,0
11132,0
11133,0
11134,0
11135,0
11136,0
11137,0
11138,0
11139,24
11140,29.000000824454570391708330134861171245574951171875
11141,30
11142,43
11143,0
11144,0
11145,0
11146,119.0000008244545171010031481273472309112548828125
11147,0
11148,0
11149,0
11150,0
11151,0
11152,0
11153,0
11154,0
11155,0
11156,0
11157,0
11158,0
11159,0
11160,0
11161,0
11162,0
11163,0
11164,0
11165,0
11166,0
11167,0
11168,0
11169,0
11170,23
11171,0
11172,0
11173,0
11174,0
11175,0
11176,0
11177,0
11178,0
11179,26
11180,0
11181,0
11182,0
11183,0
11184,0
11185,0
11186,0
11187,0
11188,0
11189,0
11190,0
11191,0
11192,0
11193,0
11194,0
11195,10
11196,0
11197,2
11198,0
11199,0
11200,0
11201,0
11202,0
11203,0
11204,0
11205,0
11206,0
11207,21
11208,0
11209,0
11210,0
11211,0
11212,17
11213,0
11214,20
11215,0
11216,0
11217,0
11218,7
11219,0
11220,29
11221,0
11222,0
11223,0
11224,0
11225,0
11226,0
11227,0
11228,0
11229,0
11230,0
11231,0
11232,0
11233,29
11234,0
11235,0
11236,0
11237,0
11238,0
11239,0
11240,0
11241,0
11242,0
11243,0
11244,0
11245,0
11246,0
11247,0
11248,0
11249,0
11250,0
11251,0
11252,0
11253,0
11254,0
11255,0
11256,0
11257,0
11258,0
11259,0
11260,0
11261,0
11262,0
11263,0
11264,0
11265,0
11266,0
11267,0
11268,0
11269,0
11270,0
11271,0
11272,0
11273,0
11274,0
11275,27
11276,0
11277,0
11278,0
11279,0
11280,0
11281,0
11282,0
11283,19
11284,0
11285,91
11286,0
11287,0
11288,0
11289,0
11290,0
11291,0
11292,0
11293,0
11294,0
11295,0
11296,0
11297,0
11298,0
11299,0
11300,0
11301,0
11302,0
11303,0
11304,14
11305,0
11306,0
11307,0
11308,0
11309,24
11310,0
11311,0
11312,1
11313,0
11314,7
11315,0
11316,0
11317,1
11318,11
11319,31
11320,0
11321,0
11322,0
11323,0
11324,0
11325,0
11326,0
11327,0
11328,0
11329,0
11330,0
11331,0
11332,0
11333,0
11334,2
11335,6
11336,0
11337,0
11338,0
11339,5
11340,0
11341,0
11342,6
11343,3
11344,0
11345,0
11346,0
11347,19
11348,0
11349,1
11350,0
11351,4
11352,0
11353,15
11354,0
11355,11
11356,0
11357,0
11358,0
11359,0
11360,0
11361,0
11362,0
11363,0
11364,15
11365,0
11366,0
11367,0
11368,0
11369,12
11370,15
11371,0
11372,15
11373,11
11374,0
11375,10
11376,1
11377,0
11378,21
11379,0
11380,29
11381,11
11382,3
11383,0
11384,0
11385,0
11386,0
11387,0
11388,8
11389,0
11390,1
11391,9
11392,0
11393,0
11394,0
11395,0
11396,8
11397,0
11398,1
11399,0
11400,15
11401,0
11402,0
11403,0
11404,0
11405,0
11406,0
11407,0
11408,0
11409,1
11410,14
11411,0
11412,0
11413,0
11414,6
11415,0
11416,0
11417,0
11418,8
11419,10
11420,0
11421,0
11422,0
11423,0
11424,28
11425,0
11426,0
11427,0
11428,0
11429,0
11430,23
11431,0
11432,0
11433,0
11434,0
11435,32
11436,0
11437,0
11438,0
11439,0
11440,0
11441,0
11442,0
11443,0
11444,14
11445,0
11446,0
11447,0
11448,46
11449,0
11450,0
11451,0
11452,0
11453,0
11454,0
11455,0
11456,0
11457,0
11458,0
11459,0
11460,0
11461,0
11462,0
11463,0
11464,0
11465,0
11466,0
11467,0
11468,0
11469,0
11470,19
11471,10
11472,0
11473,0
11474,11
11475,0
11476,11
11477,0
11478,5
11479,16
11480,0
11481,20
11482,12
11483,36
11484,0
11485,0
11486,0
11487,0
11488,0
11489,0
11490,20
11491,0
11492,0
11493,0
11494,0
11495,0
11496,24
11497,0
11498,15
11499,0
11500,0
11501,0
11502,18
11503,0
11504,0
11505,9
11506,0
11507,0
11508,0
11509,2
11510,7
11511,14
11512,6
11513,0
11514,13
11515,0
11516,0
11517,0
11518,0
11519,0
11520,0
11521,0
11522,0
11523,30
11524,0
11525,0
11526,0
11527,0
11528,0
11529,0
11530,0
11531,2
11532,0
11533,7
11534,0
11535,0
11536,0
11537,65
11538,0
11539,0
11540,0
11541,0
11542,0
11543,0
11544,0
11545,0
11546,0
11547,0
11548,48
11549,0
11550,0
11551,0
11552,0
11553,0
11554,0
11555,0
11556,0
11557,0
11558,0
11559,0
11560,0
11561,0
11562,0
11563,0
11564,0
11565,0
11566,17
11567,0
11568,0
11569,0
11570,0
11571,0
11572,0
11573,0
11574,0
11575,27
11576,0
11577,0
11578,0
11579,0
11580,10
11581,0
11582,16
11583,0
11584,0
11585,0
11586,0
11587,0
11588,0
11589,2
11590,16
11591,0
11592,0
11593,0
11594,0
11595,0
11596,0
11597,21
11598,0
11599,26
11600,9
11601,27
11602,0
11603,0
11604,0
11605,0
11606,0
11607,9
11608,0
11609,0
11610,0
11611,0
11612,0
11613,0
11614,0
11615,21
11616,0
11617,0
11618,0
11619,16
11620,0
11621,0
11622,33
11623,0
11624,0
11625,0
11626,0
11627,0
11628,13
11629,17
11630,0
11631,0
11632,0
11633,0
11634,0
11635,0
11636,0
11637,0
11638,0
11639,0
11640,0
11641,0
11642,0
11643,18
11644,0
11645,0
11646,0
11647,0
11648,18
11649,21
11650,13
11651,0
11652,0
11653,9
11654,0
11655,0
11656,19
11657,0
11658,0
11659,0
11660,0
11661,9
11662,0
11663,0
11664,0
11665,0
11666,0
11667,21
11668,31
11669,0
11670,0
11671,6
11672,0
11673,0
11674,0
11675,0
11676,9
11677,16
11678,0
11679,48
11680,0
11681,0
11682,0
11683,0
11684,0
11685,0
11686,0
11687,0
11688,0
11689,0
11690,0
11691,0
11692,2
11693,8
11694,0
11695,0
11696,17
11697,0
11698,0
11699,0
11700,0
11701,0
11702,6
11703,4
11704,21
11705,0
11706,0
11707,0
11708,0
11709,23
11710,0
11711,0
11712,0
11713,0
11714,0
11715,0
11716,0
11717,20
11718,0
11719,5
11720,37
11721,0
11722,0
11723,0
11724,20
11725,0
11726,0
11727,0
11728,0
11729,0
11730,0
11731,0
11732,29
11733,0
11734,0
11735,0
11736,0
11737,0
11738,0
11739,0
11740,38
11741,0
11742,0
11743,0
11744,0
11745,0
11746,0
11747,0
11748,0
11749,0
11750,0
11751,0
11752,0
11753,0
11754,0
11755,29
11756,0
11757,0
11758,0
11759,0
11760,0
11761,0
11762,0
11763,0
11764,18
11765,9
11766,0
11767,9
11768,0
11769,0
11770,0
11771,28
11772,38
11773,0
11774,0
11775,0
11776,0
11777,0
11778,0
11779,3
11780,21
11781,0
11782,0
11783,17
11784,0
11785,0
11786,0
11787,10
11788,0
11789,0
11790,0
11791,0
11792,0
11793,0
11794,0
11795,44
11796,0
11797,0
11798,0
11799,0
11800,0
11801,6
11802,6
11803,0
11804,6
11805,0
11806,15
11807,0
11808,0
11809,0
11810,4
11811,0
11812,11
11813,0
11814,0
11815,0
11816,0
11817,0
11818,0
11819,0
11820,0
11821,0
11822,0
11823,23
11824,0
11825,0
11826,0
11827,0
11828,0
11829,0
11830,0
11831,0
11832,42
11833,0
11834,0
11835,0
11836,0
11837,0
11838,0
11839,0
11840,0
11841,0
11842,0
11843,0
11844,0
11845,0
11846,0
11847,0
11848,33
11849,0
11850,0
11851,0
11852,0
11853,14
11854,0
11855,0
11856,0
11857,0
11858,0
11859,0
11860,0
11861,0
11862,0
11863,0
11864,0
11865,0
11866,0
11867,0
11868,0
11869,0
11870,0
11871,0
11872,0
11873,0
11874,0
11875,0
11876,0
11877,1
11878,0
11879,63
11880,0
11881,0
11882,0
11883,0
11884,0
11885,0
11886,0
11887,0
11888,0
11889,0
11890,0
11891,0
11892,0
11893,0
11894,0
11895,0
11896,0
11897,0
11898,0
11899,0
11900,0
11901,0
11902,0
11903,0
11904,0
11905,0
11906,0
11907,0
11908,0
11909,0
11910,0
11911,0
11912,0
11913,0
11914,0
11915,0
11916,0
11917,0
11918,0
11919,0
11920,0
11921,0
11922,0
11923,0
11924,1
11925,0
11926,3
11927,6
11928,0
11929,2
11930,9
11931,0
11932,0
11933,0
11934,2
11935,18
11936,0
11937,0
11938,0
11939,0
11940,0
11941,5
11942,13
11943,16
11944,0
11945,0
11946,0
11947,0
11948,0
11949,0
11950,0
11951,0
11952,0
11953,0
11954,5
11955,11
11956,313
11957,0
11958,0
11959,0
11960,0
11961,14
11962,0
11963,0
11964,0
11965,0
11966,0
11967,0
11968,0
11969,0
11970,0
11971,0
11972,0
11973,27
11974,0
11975,0
11976,0
11977,0
11978,0
11979,0
11980,0
11981,0
11982,0
11983,0
11984,0
11985,0
11986,0
11987,0
11988,0
11989,0
11990,0
11991,0
11992,0
11993,0
11994,0
11995,0
11996,0
11997,0
11998,0
11999,0
12000,0
12001,0
12002,0
12003,0
12004,0
12005,0
12006,0
12007,0
12008,0
12009,0
12010,0
12011,0
12012,0
12013,0
12014,0
12015,0
12016,0
12017,0
12018,0
12019,0
12020,0
12021,0
12022,0
12023,0
12024,0
12025,0
12026,0
12027,0
12028,0
12029,0
12030,0
12031,0
12032,0
12033,0
12034,0
12035,0
12036,0
12037,0
12038,0
12039,0
12040,0
12041,10
12042,0
12043,0
12044,15
12045,0
12046,0
12047,0
12048,0
12049,0
12050,14
12051,0
12052,0
12053,0
12054,9
12055,0
12056,0
12057,0
12058,0
12059,9
12060,10
12061,7
12062,0
12063,22
12064,0
12065,0
12066,5
12067,19
12068,0
12069,0
12070,7
12071,11
12072,16
12073,0
12074,0
12075,0
12076,0
12077,0
12078,8
12079,0
12080,1
12081,19
12082,0
12083,0
12084,0
12085,0
12086,13
12087,0
12088,0
12089,0
12090,0
12091,0
12092,6
12093,0
12094,0
12095,0
12096,0
12097,0
12098,0
12099,7
12100,0
12101,0
12102,0
12103,0
12104,14
12105,0
12106,0
12107,0
12108,0
12109,0
12110,8
12111,0
12112,0
12113,11
12114,0
12115,0
12116,0
12117,0
12118,0
12119,0
12120,0
12121,16
12122,0
12123,0
12124,0
12125,0
12126,0
12127,0
12128,0
12129,13
12130,0
12131,0
12132,0
12133,0
12134,8
12135,0
12136,7
12137,0
12138,8
12139,0
12140,0
12141,3
12142,26
12143,9
12144,0
12145,4
12146,16
12147,0
12148,0
12149,0
12150,0
12151,16
12152,13
12153,0
12154,0
12155,0
12156,0
12157,0
12158,0
12159,31
12160,0
12161,0
12162,22
12163,0
12164,0
12165,10
12166,13
12167,0
12168,0
12169,24
12170,0
12171,0
12172,0
12173,0
12174,0
12175,21
12176,0
12177,0
12178,0
12179,0
12180,17
12181,0
12182,0
12183,2
12184,2
12185,4
12186,2
12187,23
12188,14
12189,0
12190,11
12191,0
12192,0
12193,0
12194,0
12195,0
12196,0
12197,0
12198,0
12199,2
12200,1
12201,5
12202,12
12203,8
12204,0
12205,0
12206,0
12207,0
12208,19
12209,0
12210,0
12211,4
12212,0
12213,0
12214,0
12215,4
12216,0
12217,0
12218,0
12219,24
12220,0
12221,2
12222,0
12223,0
12224,0
12225,19
12226,0
12227,0
12228,0
12229,0
12230,0
12231,0
12232,0
12233,0
12234,23
12235,0
12236,0
12237,0
12238,0
12239,0
12240,14
12241,0
12242,0
12243,0
12244,15
12245,0
12246,21
12247,0
12248,0
12249,0
12250,0
12251,0
12252,0
12253,0
12254,0
12255,0
12256,8
12257,0
12258,0
12259,7
12260,0
12261,0
12262,0
12263,34
12264,0
12265,0
12266,0
12267,0
12268,0
12269,12
12270,0
12271,24
12272,0
12273,0
12274,0
12275,0
12276,0
12277,47
12278,0
12279,0
12280,0
12281,0
12282,0
12283,0
12284,8
12285,0
12286,0
12287,0
12288,25
12289,0
12290,0
12291,0
12292,24
12293,21
12294,0
12295,0
12296,0
12297,0
12298,0
12299,0
12300,0
12301,19
12302,0
12303,0
12304,37
12305,13
12306,0
12307,0
12308,2
12309,0
12310,19
12311,0
12312,0
12313,0
12314,0
12315,0
12316,0
12317,0
12318,0
12319,0
12320,0
12321,0
12322,0
12323,16
12324,0
12325,0
12326,0
12327,0
12328,0
12329,3
12330,0
12331,2
12332,20
12333,0
12334,0
12335,0
12336,0
12337,6
12338,0
12339,0
12340,0
12341,0
12342,17
12343,8
12344,0
12345,0
12346,13
12347,0
12348,0
12349,0
12350,0
12351,0
12352,22
12353,0
12354,0
12355,0
12356,0
12357,15
12358,0
12359,24
12360,0
12361,0
12362,15
12363,0
12364,0
12365,0
12366,0
12367,0
12368,6
12369,0
12370,4
12371,0
12372,0
12373,30
12374,0
12375,0
12376,0
12377,30
12378,0
12379,0
12380,0
12381,0
12382,0
12383,0
12384,0
12385,0
12386,16
12387,0
12388,0
12389,0
12390,0
12391,0
12392,0
12393,14
12394,0
12395,0
12396,15
12397,0
12398,1
12399,0
12400,17
12401,0
12402,19
12403,0
12404,0
12405,0
12406,0
12407,0
12408,0
12409,1
12410,16
12411,0
12412,0
12413,0
12414,0
12415,0
12416,0
12417,31
12418,0
12419,0
12420,0
12421,0
12422,0
12423,0
12424,20
12425,0
12426,0
12427,0
12428,0
12429,0
12430,0
12431,0
12432,24
12433,0
12434,0
12435,0
12436,0
12437,21
12438,0
12439,0
12440,15
12441,0
12442,0
12443,0
12444,0
12445,0
12446,0
12447,0
12448,9
12449,0
12450,0
12451,0
12452,0
12453,0
12454,14
12455,0
12456,0
12457,0
12458,0
12459,25
12460,0
12461,0
12462,0
12463,0
12464,10
12465,0
12466,0
12467,6
12468,0
12469,0
12470,112
12471,0
12472,0
12473,0
12474,0
12475,0
12476,0
12477,0
12478,0
12479,0
12480,0
12481,0
12482,0
12483,0
12484,0
12485,0
12486,0
12487,0
12488,0
12489,0
12490,0
12491,0
12492,0
12493,0
12494,0
12495,0
12496,0
12497,0
12498,0
12499,0
12500,0
12501,0
12502,0
12503,0
12504,0
12505,0
12506,0
12507,0
12508,0
12509,0
12510,0
12511,0
12512,0
12513,0
12514,0
12515,0
12516,0
12517,0
12518,0
12519,0
12520,0
12521,0
12522,0
12523,0
12524,0
12525,0
12526,0
12527,0
12528,0
12529,0
12530,0
12531,0
12532,0
12533,0
12534,0
12535,0
12536,0
12537,0
12538,0
12539,0
12540,0
12541,0
12542,0
12543,0
12544,0
12545,0
12546,32
12547,0
12548,0
12549,0
12550,0
12551,0
12552,0
12553,0
12554,0
12555,0
12556,0
12557,0
12558,0
12559,0
12560,0
12561,0
12562,1
12563,0
12564,1
12565,0
12566,1
12567,0
12568,1
12569,0
12570,1
12571,0
12572,1
12573,0
12574,1
12575,0
12576,1
12577,0
12578,1
12579,0
12580,1
12581,0
12582,1
12583,0
12584,1
12585,0
12586,1
12587,0
12588,1
12589,0