0,9.01030576053542375802862807177007198333740234375
1,31.023863177357039688786244369111955165863037109375
2,8.003628929849437412258339463733136653900146484375
3,8.0019800704213732700509353890083730220794677734375
4,27.004980675263471567859596689231693744659423828125
5,3.0007435701467999322744617529679089784622192382812
6,17.003983719736613267059510690160095691680908203125
7,5.0012716933815557496245673974044620990753173828125
8,17.011143928582413309413823299109935760498046875
9,3.0007428539305562864569765224587172269821166992188
10,2.0007455441952917141179568716324865818023681640625
11,6.0010294765486031920431742037180811166763305664062
12,3.0006137000744055320922143437201157212257385253906
13,8.0016181015884537686133626266382634639739990234375
14,26.023337507617679165150548215024173259735107421875
15,7.0035156346783349334828017163090407848358154296875
16,2.0008218278853275862161353870760649442672729492188
17,3.0003676871460180919370941410306841135025024414062
18,2.0003201525596301380005570536013692617416381835938
19,1.0000866898067566346242074359906837344169616699219
20,4.0016378614246921330277473316527903079986572265625
21,1.0000201127845433912710859658545814454555511474609
22,2.0000779152966492446807933447416871786117553710938
23,36.04011104212627714105110499076545238494873046875
24,4.0015872367378308993579594243783503770828247070312
25,2.0027129281221385248556998703861609101295471191406
26,17.002812027973160269311847514472901821136474609375
27,7.0068976175150394780644091952126473188400268554688
28,2.0007718657753055246928397536976262927055358886719
29,4.0009731022342700512695046199951320886611938476562
30,5.0025876630531564970283397997263818979263305664062
31,7.002557558339528753776903613470494747161865234375
32,9.020690380912871120244744815863668918609619140625
33,12.0030481484640318967649363912642002105712890625
34,42.00662368645669886291216243989765644073486328125
35,3.0005514517390965423260240640956908464431762695312
36,6.0020199473005613199916297162417322397232055664062
37,1.0007738963442525115254966294742189347743988037109
38,2.00077259880722380103179602883756160736083984375
39,12.002875842810704298813107016030699014663696289062
40,14.004906899518514862279516819398850202560424804688
41,5.0024757041026886028589615307282656431198120117188
42,6.0015319494431818014845703146420419216156005859375
43,1.0006640807860398556528025437728501856327056884766
44,15.008665477924079567628723452799022197723388671875
45,70.0190697831201731560213374905288219451904296875
46,18.00676101316222599280081340111792087554931640625
47,16.018283468427210181062037008814513683319091796875
48,10.002434396282955830770333705004304647445678710938
49,25.02326829409168595930168521590530872344970703125
50,13.002838706204631336049715173430740833282470703125
51,26.005181600283695075859213829971849918365478515625
52,14.005407143337972541985436691902577877044677734375
53,9.0042947190784818900510799721814692020416259765625
54,9.00111866603415222698458819650113582611083984375
55,2.0000774213205576579355238209245726466178894042969
56,8.003084318239462646715765004046261310577392578125
57,8.0012505850997452938599963090382516384124755859375
58,16.105875800894555283093723119236528873443603515625
59,7.0023102447640486190039155189879238605499267578125
60,4.0005971418634800329527934081852436065673828125
61,16.005053066221353930131954257376492023468017578125
62,13.00293161813583964203644427470862865447998046875
63,13.001230465941061353873919870238751173019409179688
64,9.0011011001278919962942381971515715122222900390625
65,1.0006259668904600168559682060731574892997741699219
66,8.003476070126698260764896986074745655059814453125
67,23.013022231288463359533125185407698154449462890625
68,2.0000000754185807139151620503980666399002075195312
69,16.003934511476277435804149718023836612701416015625
70,14.159171343043061241928626259323209524154663085938
71,10.04365966723050718201193376444280147552490234375
72,3.0007993381431332657882649073144420981407165527344
73,6.0021592361911668689344878657720983028411865234375
74,14.002608579056813553620486345607787370681762695312
75,25.013194317491663554164915694855153560638427734375
76,9.0035955944312444643173876102082431316375732421875
77,34.04073135086924395409369026310741901397705078125
78,7.0117463170061684607503593724686652421951293945312
79,10.003945638723461541985670919530093669891357421875
80,11.002943448738127685260224097874015569686889648438
81,25.014858963010244252700431388802826404571533203125
82,4.0002274683839784685801532759796828031539916992188
83,8.0013748559970654383732835412956774234771728515625
84,99.091063216312846861910657025873661041259765625
85,5.00072184405573949561585322953760623931884765625
86,10.001781975567697102746933524031192064285278320312
87,83.0130950667036842105517280288040637969970703125
88,6.002751709755049347450039931572973728179931640625
89,7.0020541711882104962683115445543080568313598632812
90,6.0016184826841492139237743685953319072723388671875
91,22.006910232890572132191664422862231731414794921875
92,2.0001235213036152593701899604639038443565368652344
93,16.010037891583831282105165882967412471771240234375
94,20.0019229109594363080759649164974689483642578125
95,3.0011911000017850170706878998316824436187744140625
96,1
97,11.001907573776581017455100663937628269195556640625
98,1.0000030363797109966839116168557666242122650146484
99,15.001536114652173736772056145127862691879272460938
100,8.0079230136652821414600111893378198146820068359375
101,8.0017732456110284289252376765944063663482666015625
102,6.00775578153120903834860655479133129119873046875
103,13.0445783803217096874504932202398777008056640625
104,10.002889260723895503701896814163774251937866210938
105,13.074871724411305962121332413516938686370849609375
106,18.00386130984653476616585976444184780120849609375
107,8.002508759891977518918793066404759883880615234375
108,7.0041574072552732488361471041571348905563354492188
109,25.024899423553502941786064184270799160003662109375
110,16.00651006030012268865903024561703205108642578125
111,2.0001249853874156769961700774729251861572265625
112,4.001764147635423540805277298204600811004638671875
113,4.0005634313603080087773378181736916303634643554688
114,13.0048525220177424444045755080878734588623046875
115,7.0022209800804473545099426701199263334274291992188
116,3.0012238727239997082563149888301268219947814941406
117,1.0007760785387393998036031916853971779346466064453
118,1.0009137786781556744841736872331239283084869384766
119,1.0006206182044852237567056363332085311412811279297
120,26.00727006651127481973162502981722354888916015625
121,14.00654423881403687346391961909830570220947265625
122,14.002333263343283320523369184229522943496704101562
123,20.01758340049672568738969857804477214813232421875
124,16.015071042432499126562106539495289325714111328125
125,3.0000047291435532059722390840761363506317138671875
126,7.0009378380976139411018266400787979364395141601562
127,3
128,1
129,3.0006598685667360548734450276242569088935852050781
130,14.00160932341540132028967491351068019866943359375
131,7.0027898489787094860048455302603542804718017578125
132,9.001214013864132112985316780395805835723876953125
133,3.0015574668182209983058328361948952078819274902344
134,3.0005386141767633745303101022727787494659423828125
135,10.001405314726225626031919091474264860153198242188
136,33.05449168080759392296386067755520343780517578125
137,23.007240961938553169829901889897882938385009765625
138,1.00004689428751447621834813617169857025146484375
139,18.02477983710237907644113874994218349456787109375
140,14.002659287087910300328985613305121660232543945312
141,35.00425418238396702008685679174959659576416015625
142,31.189163358643124723812434240244328975677490234375
143,6.0086837197891211914679843175690621137619018554688
144,5.000039595054801111473352648317813873291015625
145,12.000561394326627606687907245941460132598876953125
146,2.0012623270031091315956928156083449721336364746094
147,1.0006247087907533810380300565157085657119750976562
148,15.003846497293485739987772831227630376815795898438
149,5.0043760474996821230320165341254323720932006835938
150,1.0000206015291899230845729107386432588100433349609
151,4.0019513186631083812017095624469220638275146484375
152,3.0005566509186030188516269845422357320785522460938
153,8.0065138114611489328353854943998157978057861328125
154,3.0003788506494677434943696425762027502059936523438
155,7.0029875887046326710105859092436730861663818359375
156,7.003954488124396249304481898434460163116455078125
157,7.0060546419151368269240265362896025180816650390625
158,7.0046363049249347199065596214495599269866943359375
159,3.0003944095366992250717430579243227839469909667969
160,12.00758165677688538153233821503818035125732421875
161,20.084211722677903111389241530559957027435302734375
162,4.0002320696971676028397268964909017086029052734375
163,10.016254993926596128517303441185504198074340820312
164,7.0400917521542174526416602020617574453353881835938
165,25.014288686058765875941389822401106357574462890625
166,5.0037913785577652348024457751307636499404907226562
167,1.0013488986142760062136858323356136679649353027344
168,5.0036398432987878592825836676638573408126831054688
169,2.0000015928631866835019081918289884924888610839844
170,10.01588757579572330769224208779633045196533203125
171,11.001330477183469014335059910081326961517333984375
172,2.0001771203488472039566659077536314725875854492188
173,12.001167463328899387420278799254447221755981445312
174,18.00231673713030744465868338011205196380615234375
175,1.0027006548744707981057899814913980662822723388672
176,1.0000232513658871003059402937651611864566802978516
177,3.0006728028585687439999674097634851932525634765625
178,1.0007972212099853770439494837773963809013366699219
179,1.0005203004259306531764650571858510375022888183594
180,12.009227182164591951618604070972651243209838867188
181,33.00603644213405374330250197090208530426025390625
182,7.0010335084886134993098494305741041898727416992188
183,12.00075900328716471676671062596142292022705078125
184,8.008755852588304691153098247013986110687255859375
185,5.0009158788866585609866888262331485748291015625
186,3.0011284967432372283724362205248326063156127929688
187,4.0014721449498704686220662551932036876678466796875
188,21.00199947971168512594886124134063720703125
189,3.0027072268117347420002261060290038585662841796875
190,1.0010685910714907098650883199297823011875152587891
191,23.0079195014550776932082953862845897674560546875
192,5.0009323483358283368716001859866082668304443359375
193,6.0004258604287903366980572172906249761581420898438
194,1
195,1.0008047718072379250742187650757841765880584716797
196,13.0054520482060951280800509266555309295654296875
197,7.2516706981022425182459301140625029802322387695312
198,1.0165010216626702010955796140478923916816711425781
199,4.0327545793753625247290983679704368114471435546875
200,6.0016205784360012742695289489347487688064575195312
201,9.00105835172929147347531397826969623565673828125
202,10.003443223692041641470495960675179958343505859375
203,11.00258721296160757674442720599472522735595703125
204,5.0005622640324629557539992674719542264938354492188
205,38.01530587499282631824826239608228206634521484375
206,3.0012447744952597261658411298412829637527465820312
207,14.000005358384351339395834656897932291030883789062
208,8.0049875153247835868342008325271308422088623046875
209,23.00155659480778780334730981849133968353271484375
210,10.003080011167813978545382269658148288726806640625
211,1.0005972298454481883567268596380017697811126708984
212,24.003759636577825631320592947304248809814453125
213,12.032017905827746773184117046184837818145751953125
214,19.04833274817075761120577226392924785614013671875
215,2.0000586484732432168698323948774486780166625976562
216,4.0104213344694823462077692965976893901824951171875
217,13.0034766904764325090582133270800113677978515625
218,1.0005936210416530585121108742896467447280883789062
219,7.0002877873334359293266970780678093433380126953125
220,11.001463876244581996388660627417266368865966796875
221,2.0002316594277527173062480869702994823455810546875
222,32.0086457561423429751812363974750041961669921875
223,25.00301784203951882545879925601184368133544921875
224,6.0010342359351200869355125178117305040359497070312
225,35.0002905820159213590159197337925434112548828125
226,33.0572788911072592554774018935859203338623046875
227,10.002199726125002854359991033561527729034423828125
228,88.04083333918561038444750010967254638671875
229,1.0004922119958672421802248209132812917232513427734
230,12.003795054985586077123116410803049802780151367188
231,11.002081938865178045716675114817917346954345703125
232,3.0007343856213255506304449227172881364822387695312
233,14.0044165620185054876856156624853610992431640625
234,1
235,2.0015649607514989227752266742754727602005004882812
236,2.0006559740229525878874028421705588698387145996094
237,24.0170849257719822844592272303998470306396484375
238,6.0022578170482168147259471879806369543075561523438
239,1.0006765710992200357765113949426449835300445556641
240,13.003160433105771076611745229456573724746704101562
241,7.0042343975482816986755096877459436655044555664062
242,3.0018984370419934393225958046969026327133178710938
243,13.039296883653463510199799202382564544677734375
244,1
245,18.002142990509835129842031165026128292083740234375
246,1
247,2.000232447582167338850922533310949802398681640625
248,1.0000041881332990545416805616696365177631378173828
249,7.0012636377821353406147864006925374269485473632812
250,1.0000013127632090270680009780335240066051483154297
251,22.0228039392803793816710822284221649169921875
252,8.001466635557875406448147259652614593505859375
253,34.03829032330855852706008590757846832275390625
254,2
255,19.078018540617886600330166402272880077362060546875
256,13.001517050939565223188765230588614940643310546875
257,3.0000076290453012717307501588948071002960205078125
258,22.0099067315262573174550198018550872802734375
259,11.028806203033827415538326022215187549591064453125
260,4.0010424193856630736831903050187975168228149414062
261,7.0023320976775940138736586959566920995712280273438
262,9.0068873598847805084233186789788305759429931640625
263,10.002528930231880721635207009967416524887084960938
264,1.0010557829049657740938528149854391813278198242188
265,10.012636770485284998244424059521406888961791992188
266,13.008769050508282916212010604795068502426147460938
267,5.0000113951293565506261984410230070352554321289062
268,2
269,12.002473885759673777329226140864193439483642578125
270,4.0004837017876075933031643216963857412338256835938
271,1.0000022883941388496253921402967534959316253662109
272,1.0000077718366489065715541073586791753768920898438
273,6.0000383989904637616064064786769449710845947265625
274,2.0020476688419797106632813665783032774925231933594
275,2.0119063884366736871811554010491818189620971679688
276,15.00967257506243157649805652908980846405029296875
277,37.016903629418408172568888403475284576416015625
278,7.0040089989232390266238326148595660924911499023438
279,9.0024633848544208802877619746141135692596435546875
280,19.001810386711984079965986893512308597564697265625
281,9.00126299994548872973609832115471363067626953125
282,1.0002766219451446616517387155909091234207153320312
283,4.0004887125239081413496933237183839082717895507812
284,11.001457449084837136865644424688071012496948242188
285,3.0015617553729585509358912531752139329910278320312
286,9.0043111704337146505849887034855782985687255859375
287,3.0152358212810104198808858200209215283393859863281
288,8.0010024642438821729228948242962360382080078125
289,1.0008375853424180679240862446022219955921173095703
290,7.0035497347579829252595118305180221796035766601562
291,1.0000051782320480420196417981060221791267395019531
292,7.0031830707987534623271130840294063091278076171875
293,4.0016078164222266266847327642608433961868286132812
294,9.00177082969732822448349907062947750091552734375
295,5.0000090598043271938877296634018421173095703125
296,3.0033773614724004197285012196516618132591247558594
297,11.002735898330660901933697459753602743148803710938
298,2.0002698110048089397139392531244084239006042480469
299,11.005731980263606217818050936330109834671020507812
300,11.001250330042577019185046083293855190277099609375
301,14.002096928693159583190208650194108486175537109375
302,1
303,1.0007492774788535605523520644055679440498352050781
304,1.0008363415824919062657727408804930746555328369141
305,2.0017142182159739505209472554270178079605102539062
306,6.0012784114674246893628151156008243560791015625
307,1
308,19.005896719474105083236281643621623516082763671875
309,5.0020511488854877413245958450715988874435424804688
310,1.0000026297887865123215078710927627980709075927734
311,7.002317904043362517541027045808732509613037109375
312,1.0020588252102606841020815409137867391109466552734
313,1.0004876571636731608094805778819136321544647216797
314,8.0044863799144021498932488611899316310882568359375
315,4.0006599299545237968800392991397529840469360351562
316,8.002370478656615659929229877889156341552734375
317,1.0015724842603264121976280875969678163528442382812
318,3.0005328680987664036194928485201671719551086425781
319,1.0007805132716061091713299902039580047130584716797
320,1.0000292513183499654161323633161373436450958251953
321,3.0020924967533226812577140663051977753639221191406
322,11.001826149709954094646491284947842359542846679688
323,1.0010336755352002846564118954120203852653503417969
324,3.0002449435674614086622113973135128617286682128906
325,11.0011503412680298197301453910768032073974609375
326,21.00762318531355532513771322555840015411376953125
327,2.0029619569021979152978474303381517529487609863281
328,9.0019487476741044673644864815287292003631591796875
329,24.001056036921784908599875052459537982940673828125
330,2.0000064071344101357396993989823386073112487792969
331,3.0032713157011579063748740736627951264381408691406
332,17.00341605107718123690574429929256439208984375
333,1.0196943394215969291849432920571416616439819335938
334,13.000821896808082200891476531978696584701538085938
335,30.00917602290976304857395007275044918060302734375
336,13.001792676693188610670404159463942050933837890625
337,3.0004257887270631144360777398105710744857788085938
338,11.01589171617529672175805899314582347869873046875
339,9.0029103658285496436519679264165461063385009765625
340,1
341,45.0046389501430894597433507442474365234375
342,1.0015793819610250281471053312998265027999877929688
343,12.006640479489400163970458379480987787246704101562
344,4.0006929762565892616521523450501263141632080078125
345,27.0026387917155403783908695913851261138916015625
346,9.0010129835156309496824178495444357395172119140625
347,10.003428843962934635669626004528254270553588867188
348,1.0003934403719134671462143160169944167137145996094
349,20.00222079394763596837947261519730091094970703125
350,5.0012259137491144045384316996205598115921020507812
351,42.00738065586399017092844587750732898712158203125
352,21.0075655113362103065810515545308589935302734375
353,34.0050634369781761279227794148027896881103515625
354,6.0017473116119655074385264015290886163711547851562
355,23.002239144959009564672669512219727039337158203125
356,14.00090407747811838135021389462053775787353515625
357,4.0014969824894111027901999477762728929519653320312
358,16.00848706333344040331212454475462436676025390625
359,1.0001310159369010133190158740035258233547210693359
360,4.0011755222738356607692367106210440397262573242188
361,10.002491995743412189767695963382720947265625
362,12.00055810045262916219144244678318500518798828125
363,6.0035499253843580547140845737885683774948120117188
364,5.0017232259897204116327884548809379339218139648438
365,2.000873248509154933572062873281538486480712890625
366,3.0010733944338423562214757112087681889533996582031
367,11.001461070834320565836605965159833431243896484375
368,1.0000005892852616984356473039952106773853302001953
369,2.0008087930146274402432027272880077362060546875
370,8.002103727483888206961637479253113269805908203125
371,6.0079003245405546707047506060916930437088012695312
372,15.006528752345525745681698026601225137710571289062
373,2.0006314541563994247042046481510624289512634277344
374,3.000130875910269168116428772918879985809326171875
375,1.0004210697324074086367318159318529069423675537109
376,20.0881881585965373915314557962119579315185546875
377,7.0010889336390906834139968850649893283843994140625
378,2.0002093851320519313219392643077298998832702636719
379,15.0036234573561415572839905507862567901611328125
380,3.0042226317684126435381131159374490380287170410156
381,1.0007712854800265844801288039889186620712280273438
382,1.0016598978379622764123269007541239261627197265625
383,1.0016413544136546498464213073020800948143005371094
384,17.0044347023307551580728613771498203277587890625
385,3.0018708340917670263081618031719699501991271972656
386,3.0009599418062946618590558500727638602256774902344
387,4.000579739855542271698141121305525302886962890625
388,8.0028235633907005563969505601562559604644775390625
389,10.003308721577825579629461572039872407913208007812
390,20.012802124197701658658843371085822582244873046875
391,52.0006686818941119554438046179711818695068359375
392,27.0063870521656355094819446094334125518798828125
393,4.0009417074056043972518637019675225019454956054688
394,11.014247381896627331343552214093506336212158203125
395,7.0045195573042393633045321621466428041458129882812
396,3.0020355358920096655594988988013938069343566894531
397,14.018433331392058605047168384771794080734252929688
398,15.00136323405600791147662675939500331878662109375
399,1.0010376576879418397680865382426418364048004150391
400,1.0011152487263965671360210762941278517246246337891
401,1.0007490902793465537001793563831597566604614257812
402,1.0000003892637199243154100258834660053253173828125
403,13.009053945960220133315488055814057588577270507812
404,2.0145058809800762134045726270414888858795166015625
405,1.0001165442921817749777346762130036950111389160156
406,12.001095009912967626064528303686529397964477539062
407,5.0009269122529023121614955016411840915679931640625
408,7.0002595305772929989984731946606189012527465820312
409,1.00013680182312469923999742604792118072509765625
410,5.0049008124086977744582327431999146938323974609375
411,3.0009060649464678327547062508529052138328552246094
412,3.0005900089805725983183037897106260061264038085938
413,8.0101298755490528691325380350463092327117919921875
414,11.000826094756337880653518368490040302276611328125
415,4.001269394610062590800225734710693359375
416,15.006171272247367909358217730186879634857177734375
417,13.0016672100282022483952459879219532012939453125
418,1.0000018920473465744436225577373988926410675048828
419,3.0001190624002007645287903869757428765296936035156
420,5.0024641527697619736159140302333980798721313476562
421,2.001156004408120026027972926385700702667236328125
422,3.0012567955225901705773594585480168461799621582031
423,2.0005467960301706042969271948095411062240600585938
424,2.0001939832125952278829572605900466442108154296875
425,8.0022069080045792333066856372170150279998779296875
426,7.0007479361696649533541858545504510402679443359375
427,2.000091133995365311193381785415112972259521484375
428,1.000635511965725754635059274733066558837890625
429,1.0000253229492290785174191114492714405059814453125
430,14.003280671909049459600282716564834117889404296875
431,6.0014754065877236044457276875618845224380493164062
432,11.0025591441631291900193900801241397857666015625
433,3.0000851479198229476708092988701537251472473144531
434,8.0015053485524436638343104277737438678741455078125
435,12.002575888226102662770244933199137449264526367188
436,29.004105056030336839967276318930089473724365234375
437,27.001943706770276776296668685972690582275390625
438,2.0001368374605923428077858261531218886375427246094
439,15.000913012486639885878503264393657445907592773438
440,2.0014604058035518896474513894645497202873229980469
441,2.0001098082034247660487835673848167061805725097656
442,8.0007998582934209963468674686737358570098876953125
443,11.002305956201373859926206932868808507919311523438
444,13.002592749906556335304230742622166872024536132812
445,2.0000873926008022607447855989448726177215576171875
446,5.0001103059249123461427188885863870382308959960938
447,2.0000424691402880483792614541016519069671630859375
448,47.01178885822157127449827385134994983673095703125
449,20.0265409022089642121500219218432903289794921875
450,10.007154607419336045381896838080137968063354492188
451,1.0000014717093315130824748848681338131427764892578
452,2.0001355170517767234628081496339291334152221679688
453,10.001664517539280652158595330547541379928588867188
454,15.00681482923642562354871188290417194366455078125
455,10.00284770707228432229385362006723880767822265625
456,4.002648402875227162667215452529489994049072265625
457,1.0000280578596758562781587897916324436664581298828
458,5.0026456091645572499260197218973189592361450195312
459,3.0013785403261072914915530418511480093002319335938
460,1.0008409130687505594892172666732221841812133789062
461,13.00106935767507110313090379349887371063232421875
462,1.0000015003531410595627448856248520314693450927734
463,12.00127064144422917024712660349905490875244140625
464,2.0000006523887856602073043177369982004165649414062
465,1.0001119407347327516788482171250507235527038574219
466,3.0013532455788292097054181795101612806320190429688
467,3.0005476334665557303083005535881966352462768554688
468,2.0006962537643642185969383717747405171394348144531
469,9.048643111689127493946216418407857418060302734375
470,20.00239439384705519842100329697132110595703125
471,5.0020290057372838177229823486413806676864624023438
472,7.0010678926194120919035412953235208988189697265625
473,4.0009037502566275890103497658856213092803955078125
474,15.001977771856120469351481006015092134475708007812
475,19.004223420410088607468424015678465366363525390625
476,12.001239285262183642544187023304402828216552734375
477,5.0008410291511014023058123711962252855300903320312
478,6.0000545739475024120679336192552000284194946289062
479,15.003485865106513941213961516041308641433715820312
480,2.0001756402427317560466235590865835547447204589844
481,3.0001712449333810539542355400044471025466918945312
482,4.0003479434527653424424897821154445409774780273438
483,27.007305085437128155945174512453377246856689453125
484,3.0000816418033759980232844100100919604301452636719
485,8.0008359145458864958300182479433715343475341796875
486,17.04732723514357672911501140333712100982666015625
487,21.004369184279997995190569781698286533355712890625
488,3.0026766594534004539696070423815399408340454101562
489,28.01415195826432835701780277304351329803466796875
490,1.0010536629649844364564614807022735476493835449219
491,8.002137125065733158635339350439608097076416015625
492,4.001560719530065313165323459543287754058837890625
493,5.0004281501701770551449044432956725358963012695312
494,1.0000738575906442662244444363750517368316650390625
495,18.013186559714856826985851512290537357330322265625
496,4.00050699429132095019667758606374263763427734375
497,3.0007584911687903428401114069856703281402587890625
498,4.0085173616178506605933762330096215009689331054688
499,5.0011709560687238607101789966691285371780395507812
500,1.00105785394492130535581964068114757537841796875
501,12.012271428940497486337335431016981601715087890625
502,6.0019581762614135911348967056255787611007690429688
503,4.0006709764648231697492519742809236049652099609375
504,6.0033451542095415121025325788650661706924438476562
505,11.005121825981683869599692116025835275650024414062
506,5.0028576272639728728108821087516844272613525390625
507,6.0010511608071359646032760792877525091171264648438
508,1
509,30.003918951227046107987916911952197551727294921875
510,3.0004163406645116829452035744907334446907043457031
511,22.016667085694958672092980123125016689300537109375
512,1.0011945718898043189426516619278118014335632324219
513,5.0024103335491263422341035038698464632034301757812
514,2.0008943536788010852944807993480935692787170410156
515,2
516,1.0000007761221367807991100562503561377525329589844
517,2.0007987346439883857840413838857784867286682128906
518,6.0011722227047687994172520120628178119659423828125
519,9.001444848664693410000836593098938465118408203125
520,2.0001244175927168633677410980453714728355407714844
521,1.0017649883624986095753683912334963679313659667969
522,1.0003977573684308399748488227487541735172271728516
523,30.0021567141851619453518651425838470458984375
524,4.0012806194422223526885318278800696134567260742188
525,3.0006930276589538486575747811002656817436218261719
526,1.0002484261221342709546888727345503866672515869141
527,8.00005776830597170601322432048618793487548828125
528,7.0009649583244710768781260412652045488357543945312
529,8.001689493221558535651638521812856197357177734375
530,5.0000972630734095147886364429723471403121948242188
531,6.0019588861994721540327191178221255540847778320312
532,6.0017835943207931137521882192231714725494384765625
533,28.002590729687252490975879481993615627288818359375
534,8.0008207906855428603876134729944169521331787109375
535,7.0001819157973210749901227245572954416275024414062
536,14.002420647709270085101707081776112318038940429688
537,1.00061645118545783361696521751582622528076171875
538,1.0006571201109386581862281673238612711429595947266
539,6.0029155239943943200842113583348691463470458984375
540,3.0004929827473048042918435385217890143394470214844
541,15.0038655856332496796312625519931316375732421875
542,3.0015791009869370320473080937517806887626647949219
543,24.00585413848829574590126867406070232391357421875
544,7.0008648858394249003822551458142697811126708984375
545,2.0157184572167623493044175120303407311439514160156
546,9.0014541304803952215252138557843863964080810546875
547,16.003228704382554070662081358022987842559814453125
548,4.0006925357672882270776426594238728284835815429688
549,15.00413647216958423769028740935027599334716796875
550,10.000801358128644125145001453347504138946533203125
551,6.0019702335460580755466253322083503007888793945312
552,2
553,20.0016826155207496640286990441381931304931640625
554,1.0002164309631218497287363788927905261516571044922
555,1.0008768429037735447906243280158378183841705322266
556,1.0004382081314233676749836376984603703022003173828
557,2.0007308428397490018824100843630731105804443359375
558,5.00058440607748622142025851644575595855712890625
559,6.00533767066630019826334319077432155609130859375
560,2
561,6.0009866440326140590855175105389207601547241210938
562,26.003860434562017900361752253957092761993408203125
563,1
564,2.0004217979368195123868190421489998698234558105469
565,2.0022495057805662632688381563639268279075622558594
566,5.000393962274923609356847009621560573577880859375
567,9.001024231611580717071774415671825408935546875
568,9.0017273372356871874444550485350191593170166015625
569,18.002678513293506767922735889442265033721923828125
570,1.0001187774181736767076245087082497775554656982422
571,7.00005548944756128548760898411273956298828125
572,10.001061259410985115891890018247067928314208984375
573,4.0002052845553341953177550749387592077255249023438
574,10.001499065145877054305856290739029645919799804688
575,16.001903449028215931093654944561421871185302734375
576,1.0000106202461434001804718718631193041801452636719
577,4.00261698676585098155555897392332553863525390625
578,10.003568025839866706405700824689120054244995117188
579,3.0006775439559718599014104256639257073402404785156
580,12.001567406971124896131186687853187322616577148438
581,7.0012612685565773773532782797701656818389892578125
582,23.004567877211410831250759656541049480438232421875
583,4.0029375985302682039446153794415295124053955078125
584,1
585,1.0006641197030077261587166503886692225933074951172
586,8.004084352210977471031583263538777828216552734375
587,14.004093922397629512488492764532566070556640625
588,9.000549534699128884085439494810998439788818359375
589,5.0010130249544859637467197899241000413894653320312
590,2
591,17.000697775980949444374346057884395122528076171875
592,1.0001757355364115920082213051500730216503143310547
593,2.0125966809504096666216810262994840741157531738281
594,8.0007088061159254976928423275239765644073486328125
595,1.0003015351421951084631700723548419773578643798828
596,1.0003872251065002441094975438318215310573577880859
597,1.0000297603106644839243699607322923839092254638672
598,8.0009828601207235720949029200710356235504150390625
599,6.0000798662464491783907760691363364458084106445312
600,18.000352049160536438421331695280969142913818359375
601,1
602,3.0004971633626342786271834484068676829338073730469
603,2.000087564729536637742057791911065578460693359375
604,14.00922119310070712572269258089363574981689453125
605,3.001302212852777984153362922370433807373046875
606,3.0000019422232080401613529829774051904678344726562
607,2.000048990617475652697976329363882541656494140625
608,9.000552003018196245420767809264361858367919921875
609,2.0002477012552577484427729359595105051994323730469
610,1.00020472888075317996481317095458507537841796875
611,3.0000030238974373375526738527696579694747924804688
612,22.008761390113448896954650990664958953857421875
613,1.0001105984094147416385567339602857828140258789062
614,3.0007798590673284699903433647705242037773132324219
615,3.0004140043896714296067784744082018733024597167969
616,6.0000110709650895657318869780283421277999877929688
617,2.0000330289541872197389693610602989792823791503906
618,20.00330001661436796212001354433596134185791015625
619,1.0000009204831432629845267001655884087085723876953
620,3.0000292270367840963274375098990276455879211425781
621,7.00259819023818863570340909063816070556640625
622,5.0034431812602040423598737106658518314361572265625
623,4.0004541932442156948468436894472688436508178710938
624,1.0000022834382946701481387208332307636737823486328
625,1.0000019263925410406557148235151544213294982910156
626,45.0231241890447648756889975629746913909912109375
627,5.000157817195049148040197906084358692169189453125
628,3.0002235940223100918444743001600727438926696777344
629,8.0008708293326709082293746178038418292999267578125
630,5.0005668008345818265070192865096032619476318359375
631,1.0000029300435084866904844602686353027820587158203
632,1.0006004980387264158281368509051389992237091064453
633,15.033925507195345261379770818166434764862060546875
634,30.00424885676952868607259006239473819732666015625
635,6.0008285388292543771626696980092674493789672851562
636,2.0005825661216141142517699336167424917221069335938
637,2.0000915965946384211804343067342415452003479003906
638,2.0005847055726651007034888607449829578399658203125
639,1.0002037056871762032983497192617505788803100585938
640,2.0000608957701477841339965380029752850532531738281
641,1.0000016340049096008613105368567630648612976074219
642,2.0000016340723738572648926492547616362571716308594
643,2.001658281820954954355329391546547412872314453125
644,8.0012309126462302089066724875010550022125244140625
645,11.001023423480974727795000944752246141433715820312
646,1.0000778863789494543823366257129237055778503417969
647,3
648,21.008606540945304885781297343783080577850341796875
649,9.00291328049357986174072721041738986968994140625
650,10.000874284406039649297781579662114381790161132812
651,2.0004977859349355462370567693142220377922058105469
652,8.054034442208202193569377413950860500335693359375
653,1.0001855105563977055282975925365462899208068847656
654,1.0000456745041399475582011291407980024814605712891
655,1.0000377683669456896353722186177037656307220458984
656,1.0000026424407697511753667640732601284980773925781
657,1
658,3.0006417394307960400112733623245730996131896972656
659,7.0002895616498763686763595615047961473464965820312
660,16.00198454146894988525673397816717624664306640625
661,9.0040717215018037933305095066316425800323486328125
662,2
663,10.000254528566534517608488386031240224838256835938
664,1
665,1
666,3.0003984876613967180958297831239178776741027832031
667,15.008205164318585644878112361766397953033447265625
668,1.0000002136014802811558865869301371276378631591797
669,1.0006788607885561681598574068630114197731018066406
670,16.0016650776285729307346628047525882720947265625
671,1.0000486473561294165079971207887865602970123291016
672,4.0006725103148772504368935187812894582748413085938
673,1.0002140208016723210704412849736399948596954345703
674,2
675,7.0008222541814424388917359465267509222030639648438
676,1.0001171428587425360490215098252519965171813964844
677,5.0019530501119779941632259578909724950790405273438
678,1.0000012780843456905444099902524612843990325927734
679,1.0000013666100668885405866603832691907882690429688
680,3.0002027400226780606828924646833911538124084472656
681,1
682,1.0000455716715153098306245738058350980281829833984
683,4.00013407857144187573794624768197536468505859375
684,8.000065663609621680052441661246120929718017578125
685,1.0000026218298798674766203475883230566978454589844
686,1
687,13.00126359204207204811609699390828609466552734375
688,9.001962165606670396300614811480045318603515625
689,3.00013606740981941811696742661297321319580078125
690,13.0002973044926619650141219608485698699951171875
691,1.0000068642868948920465754781616851687431335449219
692,3
693,26.006793606156133336071434314362704753875732421875
694,20.002259564736387886796364909969270229339599609375
695,1.0000942653688478234386138865374960005283355712891
696,6.000001058129782904870808124542236328125
697,2.0004094634121529772130543278763070702552795410156
698,1
699,7.0005252461035212263595894910395145416259765625
700,18.00477918839121826977134332992136478424072265625
701,14.000749240082964064413317828439176082611083984375
702,21.0007243040970905667563783936202526092529296875
703,4.0001715515084645957699649443384259939193725585938
704,1.000036961668410384618255193345248699188232421875
705,4.0005956243841183095355518162250518798828125
706,1.0001898795365193883810661645838990807533264160156
707,2.0000017637362046407645266299368813633918762207031
708,8.0003382516169434524044845602475106716156005859375
709,12.001450007126434726956176746170967817306518554688
710,12.0003634528960674288100562989711761474609375
711,3.0005721612916924634362203505588695406913757324219
712,1.0004912309092828248680007163784466683864593505859
713,15.00188526502173402832340798340737819671630859375
714,1.0000005684310036002671040478162467479705810546875
715,3.0002418954433793807368147099623456597328186035156
716,11.0013455509786268748939619399607181549072265625
717,3.0008808431849591791262810147600248456001281738281
718,7.0001830965316980126544876839034259319305419921875
719,3.00000136639400949434275389648973941802978515625
720,8.0002056274431136984048862359486520290374755859375
721,16.02300974914570730334162362851202487945556640625
722,10.0014163685684849269819096662104129791259765625
723,8.0004748147890740739285320159979164600372314453125
724,1.0001076812967972795576088174129836261272430419922
725,8.025578953706681062385541736148297786712646484375
726,1.0000002855318717021049224058515392243862152099609
727,2.0000004469029439846394780033733695745468139648438
728,1.0000034686321177535006654579774476587772369384766
729,5.0227032888328206894357208511792123317718505859375
730,1.0001588416320243979384940757881850004196166992188
731,1.0000419843778676209922195994295179843902587890625
732,1.0003204000190693001570707565406337380409240722656
733,5.000444249828159826165574486367404460906982421875
734,2.0002586947628961944189995847409591078758239746094
735,1.0012512632817398561257959954673424363136291503906
736,17.00373287100303087981956196017563343048095703125
737,1
738,4.0050872870456855068255208607297390699386596679688
739,4.00039784504525641750660724937915802001953125
740,1
741,2.0002184247196383992672963358927518129348754882812
742,2.000228804792531178691206150688230991363525390625
743,14.001285288166412712484998337458819150924682617188
744,12.001794315672443147491321724373847246170043945312
745,13.001294960116551280293606396298855543136596679688
746,8.0028232817638045304420302272774279117584228515625
747,1
748,10.000501958840755989399440295528620481491088867188
749,22.001362471947150112328017712570726871490478515625
750,8.0006524916388190860061513376422226428985595703125
751,23.004141800048412136447950615547597408294677734375
752,2.0009929681554186053915600496111437678337097167969
753,6.000024913897998857237325864844024181365966796875
754,7.000685427948166505984772811643779277801513671875
755,2.0057273022944124285515954397851601243019104003906
756,1
757,5.005802965362274647986851050518453121185302734375
758,2
759,4.0001039943847169766399929358158260583877563476562
760,6.0000625632247812646369311551097780466079711914062
761,1.0001784802534783302974119578721001744270324707031
762,1.0002465069726875768196805438492447137832641601562
763,14.00106091261618956878010067157447338104248046875
764,4.0000410844873517390851702657528221607208251953125
765,2.0007025611719728708237653336254879832267761230469
766,15.000477561011154037373671599198132753372192382812
767,2.0000083548042399961275350506184622645378112792969
768,1
769,1.0000038970184474962366039108019322156906127929688
770,12.001198464616019023765147721860557794570922851562
771,1.0004198837216908835046069725649431347846984863281
772,3.0002308683770402275570177152985706925392150878906
773,3.000513269553071182826897711493074893951416015625
774,1.0000059445367088795109111742931418120861053466797
775,1.0000496705543577835584301283233799040317535400391
776,5.000088609230697755947403493337333202362060546875
777,3.0000000963025779121551295247627422213554382324219
778,53.0108898747800623141301912255585193634033203125
779,1
780,1.0001072694203734236850777961080893874168395996094
781,1
782,1
783,1.0002054918232967661850807417067699134349822998047
784,8.000609671789089105686798575334250926971435546875
785,1.0000085052747968994424354605143889784812927246094
786,10.000244737094934777132948511280119419097900390625
787,6.0000278953187891062270864495076239109039306640625
788,1.0010523024621191812144616051227785646915435791016
789,2.00024714834690797715666121803224086761474609375
790,1.0000352913559373835283849984989501535892486572266
791,1
792,2.0000052744563352469242545339511707425117492675781
793,10.007990660298748508694188785739243030548095703125
794,4.0001211073415703367572859860956668853759765625
795,1.0000316428648305944193452887702733278274536132812
796,3.0000863766649383812534779281122609972953796386719
797,4.000001579120631589603362954221665859222412109375
798,3
799,2.0000054378112559483327004272723570466041564941406
800,1
801,4.0000775751552213321815543167758733034133911132812
802,1.0000556183101532159440694158547557890415191650391
803,1.0000325671255199111442379944492131471633911132812
804,1.0000061386198513257994591185706667602062225341797
805,1.0000130614422275687758201456745155155658721923828
806,4.0000682329206096454754515434615314006805419921875
807,2
808,1.0002727017457357927554539855918847024440765380859
809,1.0000365428501463149757455539656803011894226074219
810,20.0003500692647975256477366201579570770263671875
811,2.0001660305585149401963462878484278917312622070312
812,1.0000361841951042052301090734545141458511352539062
813,3.0014314128381669455336577811976894736289978027344
814,2.0001568719679654329013374081114307045936584472656
815,7.0004553405564164947350036527495831251144409179688
816,1
817,4.0000074087466073180507919460069388151168823242188
818,1
819,7.000029489245807923225584090687334537506103515625
820,14.000088521939394681226076500024646520614624023438
821,4.0000534313544831022113612561952322721481323242188
822,1
823,2
824,2.0003757337040095620750435045920312404632568359375
825,8.000010862822154678042352315969765186309814453125
826,15.00090433311590487619469058699905872344970703125
827,1.0000009935459257537360144851845689117908477783203
828,2.0000022645064343684850882709724828600883483886719
829,3.0000514484951419369451741658849641680717468261719
830,1
831,16.000188151030986460909844026900827884674072265625
832,1
833,1.0000022264693215756636845981120131909847259521484
834,5.0001748057877355435607569233980029821395874023438
835,3.0005008902260765779601570102386176586151123046875
836,13.000037705815275401732833415735512971878051757812
837,1.0000057958795247614602885732892900705337524414062
838,1.0000075095353462284464285403373651206493377685547
839,1.0000010544059063644084517363808117806911468505859
840,1.0000449504080544116391138231847435235977172851562
841,7.0000470141518658095947102992795407772064208984375
842,13.000027764905079052937253436539322137832641601562
843,19.000929909843730314378262846730649471282958984375
844,1
845,2.0000106634608294520205618027830496430397033691406
846,1
847,1.0000731962416291587203431845409795641899108886719
848,1.0000239299631912270882594384602271020412445068359
849,1.0000009271592482651414002248202450573444366455078
850,4.000142281094003493535637971945106983184814453125
851,1
852,1
853,2.0000002501627305306897142145317047834396362304688
854,9.0003590681817371432771324180066585540771484375
855,2
856,3.0000058967245371022158906271215528249740600585938
857,5.0000054716624475759090273641049861907958984375
858,2.0000033480851819867041285760933533310890197753906
859,1.0000286353933698357820958335651084780693054199219
860,3.0000012307646866105415028869174420833587646484375
861,2
862,3
863,17.00005330339016751395320170558989048004150390625
864,3.0000850805588923364553011197131127119064331054688
865,1
866,1.0000006153787319718162507342640310525894165039062
867,7.0015297073538107497370219789445400238037109375
868,9.0001260286315751812935559428296983242034912109375
869,9.000253570039678407965766382403671741485595703125
870,3.0000266465185245756686072127195075154304504394531
871,1
872,4.0000052644766181941804461530409753322601318359375
873,1.0000006951176809710801762776100076735019683837891
874,2
875,4
876,2
877,1
878,1
879,2
880,1.0000030744768806378885983576765283942222595214844
881,3
882,1
883,3
884,3.000005530540459375288264709524810314178466796875
885,1
886,1
887,6.00004328171758771759414230473339557647705078125
888,3.0002592078463865554738276841817423701286315917969
889,2.0000175305258247604456300905440002679824829101562
890,2
891,1.0000009143066126426901973900385200977325439453125
892,1
893,2
894,3
895,1
896,2.0000014453937469127708936866838485002517700195312
897,1
898,1