0,175.099682794237509142476483248174190521240234375
1,33.037228956033914073486812412738800048828125
2,0
3,0
4,0
5,0
6,75.552082122495534122208482585847377777099609375
7,7.0165904115207338165305372967850416898727416992188
8,67.2685995875858822046211571432650089263916015625
9,86.2777117268840498809368000365793704986572265625
10,37.07794050414310760288572055287659168243408203125
11,1
12,67.0983835440800504557046224363148212432861328125
13,0
14,2.0005220526527009994310901674907654523849487304688
15,5.0041637951370452341848249488975852727890014648438
16,48.7863046815755154739235877059400081634521484375
17,0
18,0
19,1.0025389422342807499433092743856832385063171386719
20,0
21,0
22,1.001200858610644672808120958507061004638671875
23,24.129415539098712173426974914036691188812255859375
24,0
25,33.0846346318886759263477870263159275054931640625
26,17.747283757298337292240830720402300357818603515625
27,238.07954354702604859994607977569103240966796875
28,182.4732454771992706810124218463897705078125
29,28.05767184996165752863817033357918262481689453125
30,0
31,1
32,3.0012073883457190959234139882028102874755859375
33,38.03781067666983517483458854258060455322265625
34,8.018829785149296895951920305378735065460205078125
35,75.298337632415808684527291916310787200927734375
36,178.764743341223919514959561638534069061279296875
37,3.0070497206971436021660792903276160359382629394531
38,23.11056303154182245407355367206037044525146484375
39,15.117401574090191473942468292079865932464599609375
40,0
41,0
42,53.1436764782178414634472574107348918914794921875
43,15.04740822755275786448692088015377521514892578125
44,45.057888161593126596926595084369182586669921875
45,142.156625021081850945847691036760807037353515625
46,8.024053152408470168666099198162555694580078125
47,105.7101267238480204468942247331142425537109375
48,80.2321668729814945209000143222510814666748046875
49,0
50,0
51,0
52,37.24014568798344981814807397313416004180908203125
53,8.01061698027228175078562344424426555633544921875
54,57.5278308701919485201869974844157695770263671875
55,5.0054403240201628122463262116070836782455444335938
56,1.0000057560582513715985442104283720254898071289062
57,0
58,2
59,1.0016335622289129769768578626099042594432830810547
60,26.061066346054047926372732035815715789794921875
61,0
62,0
63,15.065522977790779535212095652241259813308715820312
64,1
65,0
66,5.01474020507914275412986171431839466094970703125
67,10.192607105705723924415906367357820272445678710938
68,12.293601249148840892644329869654029607772827148438
69,28.02262862591845049564653891138732433319091796875
70,0
71,8.01944315734932189343453501351177692413330078125
72,59.49456098006103133002397953532636165618896484375
73,19.0350828103900084897759370505809783935546875
74,3.004414784253651049539257655851542949676513671875
75,3.0131519438756959594627460319316014647483825683594
76,35.79776379938476082998022320680320262908935546875
77,28.02434820097449374998177518136799335479736328125
78,0
79,2.0034556871058950555664068815531209111213684082031
80,0
81,0
82,0
83,1
84,31.835661649671653350424094242043793201446533203125
85,1
86,0
87,0
88,13.015820996350289107112985220737755298614501953125
89,31.03042622535053141064054216258227825164794921875
90,1.0071084268816614670782882967614568769931793212891
91,2.0013919205284773639164086489472538232803344726562
92,13.019730012041817346357674978207796812057495117188
93,0
94,13.04613204609726295757354819215834140777587890625
95,18.02865683780888872433934011496603488922119140625
96,5.005602175114550078660613507963716983795166015625
97,1
98,4.0138289336513102156800414377357810735702514648438
99,1.0028251450919929421701226601726375520229339599609
100,0
101,40.16699638772976044265305972658097743988037109375
102,7.0076138379490933161264365480747073888778686523438
103,1
104,0
105,0
106,1.0001915132055858581594520728685893118381500244141
107,1.0003024476140773835197705921018496155738830566406
108,0
109,0
110,5.0008900720750970592121120716910809278488159179688
111,5.0422164484959575148081967199686914682388305664062
112,15.057241757841525853223174635786563158035278320312
113,41.4029855106810913412118679843842983245849609375
114,12.031471911290635645741531334351748228073120117188
115,2.0035684743137438523774562781909480690956115722656
116,0
117,9.0548497778922811818347327061928808689117431640625
118,0
119,2.001031442680162086844575242139399051666259765625
120,0
121,0
122,1
123,5.0026054204566703376144687354099005460739135742188
124,6.0132661321284643918261281214654445648193359375
125,5.022617503882489842226277687586843967437744140625
126,0
127,160.802355474149834435593220405280590057373046875
128,31.048071832062987596145831048488616943359375
129,14.029812075614801258893749036360532045364379882812
130,1.0005609571927389644940831203712150454521179199219
131,11.009647298452069463792213355191051959991455078125
132,11.030336086582790855459279555361717939376831054688
133,66.441413544678880498395301401615142822265625
134,0
135,9.2076647661660704358155271620489656925201416015625
136,44.13377118029217172079370357096195220947265625
137,1.0004787601614202330324587819632142782211303710938
138,10.074315689795957595720210520084947347640991210938
139,0
140,0
141,43.1742706403594382891242275945842266082763671875
142,1.0015381660215518788703548125340603291988372802734
143,34.67244113574648878284278907813131809234619140625
144,12.010506621618066702694704872556030750274658203125
145,4.0035147065045508796288231678772717714309692382812
146,41.1942994800257338283699937164783477783203125
147,0
148,10.0076982407274641673211590386927127838134765625
149,12.002455066909879732861554657574743032455444335938
150,0
151,7.0130201600405959183603954443242400884628295898438
152,0
153,0
154,146.395929184171478709686198271811008453369140625
155,39.27508241988791581889017834328114986419677734375
156,27.02747607517691363909762003459036350250244140625
157,1.0011223661650934246836186503060162067413330078125
158,89.5799992020064337339135818183422088623046875
159,0
160,1.0001885104514487423443824809510260820388793945312
161,2.001768267125886069379703258164227008819580078125
162,8.0022329793005866349631105549633502960205078125
163,2.0014590913239036495951950200833380222320556640625
164,18.0124804385092858183270436711609363555908203125
165,5.0004203064785901489130992558784782886505126953125
166,28.307796877319191253263852559030055999755859375
167,24.118709289095885850429112906567752361297607421875
168,0
169,30.0005742165809579091728664934635162353515625
170,3.0040013408696513153017804143019020557403564453125
171,1.0033850359080163094915860710898414254188537597656
172,234.438782588700831865935469977557659149169921875
173,20.30374295729020417411447851918637752532958984375
174,15.030399642895643452789045113604515790939331054688
175,17.099367508997712405971469706855714321136474609375
176,1.0071657522076473689764952723635360598564147949219
177,0
178,14.081117133620107750857641804032027721405029296875
179,23.032118524435826856233688886277377605438232421875
180,17.726439224265053695717142545618116855621337890625
181,0
182,0
183,4.0042066449977786746217134350445121526718139648438
184,1.0036537853051603619292109215166419744491577148438
185,5.0173634998203500146018996019847691059112548828125
186,55.49937907120597202492717769928276538848876953125
187,31.093223107750848299701829091645777225494384765625
188,8.003138324739321518563883728347718715667724609375
189,0
190,0
191,15.152507570226561028903233818709850311279296875
192,9.0654624748008689749667610158212482929229736328125
193,4.0076127818543687553187737648840993642807006835938
194,1.0013151353334992510468737236806191504001617431641
195,1.002928724012331684889431926421821117401123046875
196,39.41779063329408216986848856322467327117919921875
197,2.0143287505652431867986251745605841279029846191406
198,2.0065529766879253159572726872283965349197387695312
199,9.0305087624972433246739456080831587314605712890625
200,11.105833225461504198960938083473592996597290039062
201,9.0459950586508508507677106535993516445159912109375
202,9.0224451586722267393270158208906650543212890625
203,23.31185428405340331892148242332041263580322265625
204,0
205,0
206,0
207,8.0262793969944166150298769935034215450286865234375
208,6.15732685877529917206629761494696140289306640625
209,219.343331633835788352371309883892536163330078125
210,0
211,0
212,0
213,8.1144324847343671791577435215003788471221923828125
214,0
215,7.0046402918807899595776689238846302032470703125
216,1.0024649687730393665674455405678600072860717773438
217,8.7611669374546590205454776878468692302703857421875
218,14.00780531332528511256896308623254299163818359375
219,0
220,0
221,0
222,0
223,2.0013236303190700127174750377889722585678100585938
224,6.007088357836277481283104862086474895477294921875
225,1.0055501179862054161873174962238408625125885009766
226,0
227,0
228,0
229,9.0523581390905807353419731953181326389312744140625
230,61.19482735494329261882739956490695476531982421875
231,78.694825167282459688067319802939891815185546875
232,30.110444369725797741921269334852695465087890625
233,3.0015116538431070303261094522895291447639465332031
234,2.0015909564219027672038464515935629606246948242188
235,9.13960045397056575211536255665123462677001953125
236,6.007500502696604627317356062121689319610595703125
237,0
238,0
239,10.006555375858477319184203224722295999526977539062
240,4.0038598133503855436288176861125975847244262695312
241,3.0051052276775314098244962224271148443222045898438
242,30.17253919362367042822370422072708606719970703125
243,0
244,0
245,0
246,4.016165799284674875480050104670226573944091796875
247,71.7279657850014018549700267612934112548828125
248,9.0045726013150027000619957107119262218475341796875
249,8.021667578546225030322602833621203899383544921875
250,1.0021346764574174947881601838162168860435485839844
251,12.064511976787724023552073049359023571014404296875
252,0
253,5.0022601235825456811312506033573299646377563476562
254,9.01667737965382087850230163894593715667724609375
255,3.0033518275557056220748108898987993597984313964844
256,0
257,2.1389503732629848720137033524224534630775451660156
258,36.10139840180030290639479062519967555999755859375
259,1
260,14.291611512178652887428143003489822149276733398438
261,12.004469229868577784259287000168114900588989257812
262,0
263,4.0228167556574350172127196856308728456497192382812
264,0
265,0
266,40.40530608459351924466318450868129730224609375
267,31.06842893322794196819813805632293224334716796875
268,31.303111099540611661495859152637422084808349609375
269,13.020890535761768802558435709215700626373291015625
270,29.223606440273687923081524786539375782012939453125
271,0
272,9.014233397139630454830694361589848995208740234375
273,3.0003411438151315060451906902017071843147277832031
274,4.0045132734609287794569354446139186620712280273438
275,0
276,0
277,0
278,20.15958143872179419986423454247415065765380859375
279,78.5941112607620908647731994278728961944580078125
280,68.114917585619792816942208446562290191650390625
281,10.013473285534404411123432510066777467727661132812
282,0
283,0
284,4.0766404747236224537232374132145196199417114257812
285,29.1591304493528724606221658177673816680908203125
286,10.08092214901716232589024002663791179656982421875
287,51.17210512214931128482930944301187992095947265625
288,0
289,8.0067052203438269231128288083709776401519775390625
290,0
291,0
292,0
293,1.0012452963571749631199736541020683944225311279297
294,5.0060562059103999033027321274857968091964721679688
295,73.957582494512990933799301274120807647705078125
296,3
297,1.0017821361219874098935633810469880700111389160156
298,12.115205367970656169518406386487185955047607421875
299,0
300,115.525443172616547826692112721502780914306640625
301,12.044479403094895175740930426400154829025268554688
302,13.108357677333170698830144829116761684417724609375
303,7.0114442441983451104192681668791919946670532226562
304,5.0217908101301995671406075416598469018936157226562
305,22.162750147105850118123271386139094829559326171875
306,7.0141517884097925872310952399857342243194580078125
307,35.285952560710285297318478114902973175048828125
308,3.0505820267952730162619445763994008302688598632812
309,1.0064659216255786855498399745556525886058807373047
310,6.0078335653168375429800107667688280344009399414062
311,0
312,0
313,8.004905669138480561741744168102741241455078125
314,0
315,2.0088471900460551644584938912885263562202453613281
316,0
317,59.2193661935081507863287697546184062957763671875
318,140.13191213580722660481114871799945831298828125
319,7.0253298807234703104995787725783884525299072265625
320,0
321,0
322,9.0018403580629797744450115715153515338897705078125
323,23.06573393741609834250994026660919189453125
324,23.0327148586754475445559364743530750274658203125
325,3.0026151660526720910127096431097015738487243652344
326,0
327,0
328,0
329,38.088024087222237312744255177676677703857421875
330,3.0024536665620673581145183561602607369422912597656
331,0
332,0
333,12.004547048694657718215239583514630794525146484375
334,0
335,1.0005391416833604445457694964716210961341857910156
336,0
337,6.0204020357243388517076709831599146127700805664062
338,1.0030006252720988779714161864831112325191497802734
339,14.044588553404738107133198354858905076980590820312
340,3.0035006805049517808470227464567869901657104492188
341,2.0147128310676767348752491670893505215644836425781
342,0
343,0
344,1
345,10.042368855553194251228887878824025392532348632812
346,3.0139934623231487975658637878950685262680053710938
347,0
348,20.034811333875229166778808576054871082305908203125
349,1
350,2.0051675383729166135537980153458192944526672363281
351,0
352,3.0043489340072633275724456325406208634376525878906
353,7.1630552626180135078470812004525214433670043945312
354,0
355,13.015815620571574484642951574642211198806762695312
356,0
357,169.99620760612066305839107371866703033447265625
358,1.0013641743001548967129110678797587752342224121094
359,20.019715098037234923822325072251260280609130859375
360,5.0124030985406990978958674531895667314529418945312
361,0
362,16.01009490301186133365263231098651885986328125
363,40.7111808641046906132032745517790317535400390625
364,70.724410602468907427464728243649005889892578125
365,17.0173573385116725376065005548298358917236328125
366,57.71982041401469842867300030775368213653564453125
367,31.219636970692061339605061220936477184295654296875
368,21.1666153121292808236830751411616802215576171875
369,6.0080916396327834760882069531362503767013549804688
370,1.0041028727246388285720968269743025302886962890625
371,3.0039735244353753529367168084718286991119384765625
372,18.0380088687978741290862672030925750732421875
373,1
374,25.29290062105049941010292968712747097015380859375
375,12.0251851039177068969365791417658329010009765625
376,9.0318817423392037113671904080547392368316650390625
377,5.0140133708072536222744020051322877407073974609375
378,36.40243704673503799540412728674709796905517578125
379,33.0615558029968639175422140397131443023681640625
380,1.0010236007067907504364256965345703065395355224609
381,2.0069161047819110699208522419212386012077331542969
382,0
383,0
384,10.01567847157611623742923256941139698028564453125
385,0
386,3.0023803432573052951681802369421347975730895996094
387,1.0011530665976235976444286279729567468166351318359
388,3.0033975492941165086335786327254027128219604492188
389,1.0022810114711446782820303269545547664165496826172
390,36.033171420108146776328794658184051513671875
391,0
392,86.8913182807616948366558062843978404998779296875
393,0
394,31.125043113703735997432886506430804729461669921875
395,4.0044344564782985429474138072691857814788818359375
396,76.4008970128098781060543842613697052001953125
397,15.7882347179980087048534187488257884979248046875
398,8.015334694128508630228679976426064968109130859375
399,3.0012858045856556366004497249377891421318054199219
400,0
401,58.14408118041914264040315174497663974761962890625
402,1.0020335209441337820379658296587876975536346435547
403,11.016062411847395097197477298323065042495727539062
404,7.0045500976585319818923380807973444461822509765625
405,7.0051996233026256888365423947107046842575073242188
406,6.1165239189197695424127232399769127368927001953125
407,10.0250323882245311324368230998516082763671875
408,0
409,19.126554488433388456769534968771040439605712890625
410,29.175453813701803795765954419039189815521240234375
411,14.153817444212796416991295700427144765853881835938
412,68.388665050306855164308217354118824005126953125
413,3.003533957172049184691786649636924266815185546875
414,14.035969384297759532387317449320107698440551757812
415,2.0035107537617724560163878777530044317245483398438
416,27.018625653940578246192671940661966800689697265625
417,2.0015408150079099236506863235263153910636901855469
418,7.0132297060363004703731348854489624500274658203125
419,41.044501459202336945963907055556774139404296875
420,33.332312783662615629509673453867435455322265625
421,0
422,4.007503011648108071085516712628304958343505859375
423,16.4073431934519931019167415797710418701171875
424,28.26006316060152556701723369769752025604248046875
425,84.1497340523176973192676086910068988800048828125
426,51.23736060721164875531030702404677867889404296875
427,3.0043135935144169579302797501441091299057006835938
428,1.0014940583921192462923954735742881894111633300781
429,12.097914068633565776167415606323629617691040039062
430,12.00836713886108242377304122783243656158447265625
431,105.447017059085197843160131014883518218994140625
432,24.371409622772798542200689553283154964447021484375
433,17.055390608067579449880213360302150249481201171875
434,98.2720151930038667842381983064115047454833984375
435,18.20597444905435935424975468777120113372802734375
436,6.0057248910208462788773431384470313787460327148438
437,9.0719757547379504813989115064032375812530517578125
438,20.035369994648430491679391707293689250946044921875
439,8.0128833139477553260121567291207611560821533203125
440,6.009494340815113133658087463118135929107666015625
441,5.0177239615454753973722290538717061281204223632812
442,1.0046381192707449780954220841522328555583953857422
443,0
444,4.00290031876038909786075237207114696502685546875
445,0
446,6.0118077692346307827619966701604425907135009765625
447,18.29910000845627138232885044999420642852783203125
448,39.245711459680563848451129160821437835693359375
449,2.00303946869434668087706086225807666778564453125
450,14.11919367429539562408535857684910297393798828125
451,15.017446828481551435174878861289471387863159179688
452,13.030375841737285469434937112964689731597900390625
453,5.0370315645206940047273747040890157222747802734375
454,29.029825447600426713279375690035521984100341796875
455,5.0098548481779641150524184922687709331512451171875
456,123.1892848053163476151894428767263889312744140625
457,15.022560487488378910825304046738892793655395507812
458,2.0043596462397887947304297995287925004959106445312
459,1.0020396704488383488040881275082938373088836669922
460,29.404643399134638315217671333812177181243896484375
461,14.095384664173874256221097311936318874359130859375
462,135.67453600014192716116667725145816802978515625
463,1.0011163645402796351646657058154232800006866455078
464,1.0036930542748954131582195259397849440574645996094
465,15.021078243714452327139952103607356548309326171875
466,7.155398804231271725484475609846413135528564453125
467,1.0009957835435034922966224257834255695343017578125
468,0
469,8.0072821864041703321390741621144115924835205078125
470,28.252202109391678419569871039129793643951416015625
471,0
472,0
473,3.0054017340489731502373160765273496508598327636719
474,0
475,42.03275884608586920876405201852321624755859375
476,4.0079967135749257067800499498844146728515625
477,5.0036191476359155316799842694308608770370483398438
478,6.002590489672510187801890424452722072601318359375
479,18.02538109751598227603608393110334873199462890625
480,21.019381039298334457043893053196370601654052734375
481,9.01344492475690373112229281105101108551025390625
482,58.36363800890327269144108868204057216644287109375
483,43.67739154388211630930527462624013423919677734375
484,0
485,37.16994197842935676590059301815927028656005859375
486,0
487,11.55034065813698163083245162852108478546142578125
488,2.0013284733680665183896962844301015138626098632812
489,15.034113420162976026972501131240278482437133789062
490,0
491,0
492,1
493,19.047661331015444119429957936517894268035888671875
494,0
495,14.054504350848135985074804921168833971023559570312
496,14.017251489448272039339826733339577913284301757812
497,21.115754174886799177102147950790822505950927734375
498,9.02409114560347092037773109041154384613037109375
499,9.0086847686830200387930744909681379795074462890625
500,3.0042776251529592634881282720016315579414367675781
501,0
502,0
503,1.0017747225681812306419260494294576346874237060547
504,2.0213648881450927419223262404557317495346069335938
505,2.0035734388694299568101087061222642660140991210938
506,30.125620461064794852745762909762561321258544921875
507,33.174092176598577452750760130584239959716796875
508,19.153851129107163586695605772547423839569091796875
509,30.293052332098486800759928883053362369537353515625
510,0
511,6.000584491415505539180230698548257350921630859375
512,0
513,14.108145512011313726929984113667160272598266601562
514,217.499544511581149208723218180239200592041015625
515,0
516,3.0118784158248335103280624025501310825347900390625
517,2.0027133087233059960396985843544825911521911621094
518,5.0161250698493065058869433414656668901443481445312
519,8.01187434505805384787890943698585033416748046875
520,13.020751424587951206035540963057428598403930664062
521,4.0081245428492007221166204544715583324432373046875
522,1.0168307332791775010605306306388229131698608398438
523,10.019744411055487631756477640010416507720947265625
524,56.52970456797320508712800801731646060943603515625
525,8.24733297767804884870201931335031986236572265625
526,24.307671213792644948625820688903331756591796875
527,4.0183172066008037148776566027663648128509521484375
528,0
529,0
530,40.16562436200270980179993784986436367034912109375
531,1.0080000922287826181644732059794478118419647216797
532,8.0073828560825486277963136672042310237884521484375
533,29.039654621355527552850617212243378162384033203125
534,0
535,0
536,0
537,0
538,1.0001665891891466930729848172632046043872833251953
539,1.0016932541653245092305724028847180306911468505859
540,0
541,0
542,26.090254913553255988745149807073175907135009765625
543,1.0001904801585685955700455451733432710170745849609
544,1
545,1
546,23.0305214636677391126795555464923381805419921875
547,3.0027387245542054294844547257525846362113952636719
548,0
549,50.131967883149854969815351068973541259765625
550,36.14625943266994312352835549972951412200927734375
551,11.013187799200874650296100298874080181121826171875
552,0
553,0
554,13.159944528765503690692639793269336223602294921875
555,15.05813783053398680067402892746031284332275390625
556,3.0033305599269670693729494814760982990264892578125
557,0
558,7.0571451598796191007068046019412577152252197265625
559,14.020164753769536858385436062235385179519653320312
560,0
561,24.015964523536911912060531903989613056182861328125
562,0
563,25.050316117361109746752845239825546741485595703125
564,0
565,24.28036143771777943811684963293373584747314453125
566,5.0021897372733326037064216507133096456527709960938
567,0
568,10.005553102340050131147108913864940404891967773438
569,4.0103522187952558297752148064319044351577758789062
570,0
571,1.0015419455684682059626311456668190658092498779297
572,0
573,0
574,6.0929885760562338958834516233764588832855224609375
575,0
576,1.0038367070265592495559303642949089407920837402344
577,9.005848209178420660236952244304120540618896484375
578,4.0103898013915806330942359636537730693817138671875
579,0
580,0
581,4.005132597088930879181134514510631561279296875
582,5.0429246259708140343036575359292328357696533203125
583,0
584,0
585,1.0178661093666261372447934263618662953376770019531
586,2.0031165936360761925527640414657071232795715332031
587,32.36632373917377236693937447853386402130126953125
588,1.0065951354536950557161389951943419873714447021484
589,56.0971489308077053692613844759762287139892578125
590,0
591,53.23760831841637042316506267525255680084228515625
592,3.0025415730999207575280252058291807770729064941406
593,1.0000379374592871517535286329803057014942169189453
594,0
595,55.60826281043009799986975849606096744537353515625
596,26.07922456845765424304772750474512577056884765625
597,1.0135021926168688022329433806589804589748382568359
598,1.0018106489694929006617485356400720775127410888672
599,2.0029175039323932061563482420751824975013732910156
600,20.287166859824584008720194105990231037139892578125
601,3.0058529764997095057310616539325565099716186523438
602,1.001088949131624161736908718012273311614990234375
603,30.402951727129021719520096667110919952392578125
604,0
605,3.003152627033440325021729222498834133148193359375
606,16.067083948707033158598278532736003398895263671875
607,5.0850148147937082043767986760940402746200561523438
608,14.108996393971612093309886404313147068023681640625
609,1.0017344268996979383956613673944957554340362548828
610,19.05105236155343817472385126166045665740966796875
611,0
612,1.0062364696453713897028592327842488884925842285156
613,0
614,38.3281261734251899042646982707083225250244140625
615,1.00199488404302172739335219375789165496826171875
616,0
617,47.0625213364578058872211840935051441192626953125
618,38.35740581679823435479192994534969329833984375
619,2.0012479755169247930268738855374976992607116699219
620,9.017296845373348190832984982989728450775146484375
621,1.0164413443522177793454375205328688025474548339844
622,1.0027035970903737105430764131597243249416351318359
623,8.0430656031672906891571983578614890575408935546875
624,2.0014861753997679194583270145813003182411193847656
625,10.012153705213327370415754558052867650985717773438
626,0
627,25.132956973268750999750409391708672046661376953125
628,42.26826354551275244375574402511119842529296875
629,0
630,44.37197601487903142469804151915013790130615234375
631,0
632,35.4360467769948144223235431127250194549560546875
633,0
634,6.0272192464478422380125266499817371368408203125
635,17.32370016908475207628725911490619182586669921875
636,23.05573046414837534712205524556338787078857421875
637,0
638,0
639,1.0005813902647970881076844307244755327701568603516
640,0
641,0
642,25.38420180880789445154732675291597843170166015625
643,3.0086452724205061670659233641345053911209106445312
644,2.0055436973501388209228935011196881532669067382812
645,1.0020528616572044189325652041588909924030303955078
646,0
647,0
648,9.01505505679970298160696984268724918365478515625
649,1.0002712226216208257767448230879381299018859863281
650,38.36337762656746264156026882119476795196533203125
651,0
652,0
653,16.0175076902700510572685743682086467742919921875
654,12.170838133149031179414123471360653638839721679688
655,0
656,88.130785858048824366051121614873409271240234375
657,34.081177182230277367125381715595722198486328125
658,12.02683381046015398396775708533823490142822265625
659,0
660,0
661,0
662,14.013279548043696465242646809201687574386596679688
663,0
664,2.0045350137132773582493427966255694627761840820312
665,0
666,11.136936488459856064991981838829815387725830078125
667,0
668,42.18198840703789898043396533466875553131103515625
669,0
670,21.049953197101540780522554996423423290252685546875
671,12.0150357152740667743273661471903324127197265625
672,2.0055276530076158181259415869135409593582153320312
673,20.131326609328699106526983086951076984405517578125
674,26.37294440997388988989769131876528263092041015625
675,1.032111403251288805904550827108323574066162109375
676,0
677,50.3458261344408271042993874289095401763916015625
678,4.0025733978835313919830696249846369028091430664062
679,17.3241424733611637520880321972072124481201171875
680,8.0327853523572603222646648646332323551177978515625
681,14.049271924259679522606347745750099420547485351562
682,2.0007747254404835146601726592052727937698364257812
683,6.053046865026868061931963893584907054901123046875
684,4.0072479149989472801962619996629655361175537109375
685,19.40933241395786268412848585285246372222900390625
686,5.0067083592632686261936214577872306108474731445312
687,2.0086900868144175191787326184567064046859741210938
688,3.0067512859316525286601518018869683146476745605469
689,2.0007861668629791651596860901918262243270874023438
690,32.12851236478271488294922164641320705413818359375
691,22.1269516919578137503776815719902515411376953125
692,0
693,6.0141562920559321625546544964890927076339721679688
694,31.5238512694594561480698757804930210113525390625
695,40.21392603874773641337014851160347461700439453125
696,1.0019577039171831955854941043071448802947998046875
697,5.0865949907918528438699468097183853387832641601562
698,0
699,6.0232533619058434837256754690315574407577514648438
700,5.0062101700278152094369943370111286640167236328125
701,0
702,29.78850757933087578521735849790275096893310546875
703,4.0053784164830608105489773151930421590805053710938
704,22.017557679806511572451199754141271114349365234375
705,1.0013774844923792883832902589347213506698608398438
706,0
707,58.4385505967256762005490600131452083587646484375
708,0
709,0
710,9.0248220979684692366618037340231239795684814453125
711,22.452674495349896233165054582059383392333984375
712,0
713,14.598101504078778489770229498390108346939086914062
714,20.072951721428072602293468662537634372711181640625
715,2.0099966630819827706488922558492049574851989746094
716,3.0022213040862344435311115375952795147895812988281
717,0
718,21.016471668642818571015595807693898677825927734375
719,21.05060379236606848962765070609748363494873046875
720,21.250620794316272821333768661133944988250732421875
721,0
722,6.0090414756042536126301456533838063478469848632812
723,0
724,3.0099955869137313690941937238676473498344421386719
725,64.2432547433063376729478477500379085540771484375
726,2.0043727173097436455861952708801254630088806152344
727,0
728,17.27869624552473482026471174322068691253662109375
729,6.0161152496329233230198951787315309047698974609375
730,4.0049621702834112824120893492363393306732177734375
731,7.0154910820949414329561477643437683582305908203125
732,0
733,19.048365962596339073797935270704329013824462890625
734,0
735,13.02714456532654452303177095018327236175537109375
736,5.0043481134993106351771530171390622854232788085938
737,0
738,2.001812631919460017115852679125964641571044921875
739,0
740,31.124716348025199152971254079602658748626708984375
741,1.0020840503592249870479236051323823630809783935547
742,77.36986635669057932318537496030330657958984375
743,3.0211831202582053457206257007783278822898864746094
744,6.0275072273087308971639686205890029668807983398438
745,13.263564687712518619377988216001540422439575195312
746,1.00688224185477537275801296345889568328857421875
747,68.85901705960003482687170617282390594482421875
748,33.07670366219078772473949356935918331146240234375
749,1.0013188260098815351994971933891065418720245361328
750,7.040885822158561069272764143534004688262939453125
751,1.0022773812756815559055212361272424459457397460938
752,0
753,0
754,60.33157546602480891806408180855214595794677734375
755,6.005288079054974303971903282217681407928466796875
756,1.0023091053811223893887927260948345065116882324219
757,32.0833400713612064691915293224155902862548828125
758,1.0086716796503598647660737697151489555835723876953
759,10.363910825041131147372652776539325714111328125
760,0
761,4.0090325569584708276238416146952658891677856445312
762,0
763,0
764,8.0046246367109592512179006007499992847442626953125
765,75.3342058150026190332937403582036495208740234375
766,0
767,0
768,1.0032066407393520623969607186154462397098541259766
769,0
770,30.920466454214601270678031141869723796844482421875
771,51.5471896526831443452465464361011981964111328125
772,13.0970670369891877271584235131740570068359375
773,9.0167165531072583917193696834146976470947265625
774,11.049624175134173498236123123206198215484619140625
775,10.0057610078692249544474179856479167938232421875
776,1.0024556980045122855926820193417370319366455078125
777,1.0021025870676487645738461651490069925785064697266
778,12.192383789080418310390996339265257120132446289062
779,0
780,0
781,1.0026054115885816298003874180722050368785858154297
782,9.00943841061808115000530960969626903533935546875
783,8.011659242402675573657688801176846027374267578125
784,1.0017481037966551316031882379320450127124786376953
785,0
786,18.042683062699751417312654666602611541748046875
787,0
788,137.583580076675872305713710375130176544189453125
789,39.60414157382671618279346148483455181121826171875
790,23.32049197826330555471940897405147552490234375
791,38.28699200508564359779484220780432224273681640625
792,0
793,5.1420468802071086500404817343223839998245239257812
794,2.004700708434402400826002121903002262115478515625
795,0
796,0
797,65.15957635744138087829924188554286956787109375
798,17.203951330754254200883224257268011569976806640625
799,1.0038274085109923916547813860233873128890991210938
800,10.023232080084136796926941315177828073501586914062
801,0
802,9.0370664465329202386101314914412796497344970703125
803,19.019527493199692713687909417785704135894775390625
804,5.0031352480745088229241446242667734622955322265625
805,3.0073125716326334355699145817197859287261962890625
806,44.23377630560463558140327222645282745361328125
807,10.058859625885025579350440239068120718002319335938
808,0
809,0
810,11.049750352274630316173897881526499986648559570312
811,5.0059716771841804572318324062507599592208862304688
812,0
813,0
814,1.0268040447742132759145761156105436384677886962891
815,2.0032637210664359095346753747435286641120910644531
816,41.48079383800482133892728597857058048248291015625
817,2.0122055950313044725419331371085718274116516113281
818,0
819,1
820,2.0124267396226285242732956248801201581954956054688
821,1.002669000694336176593424170278012752532958984375
822,0
823,59.09247599308213949598211911506950855255126953125
824,34.1625292614140789737575687468051910400390625
825,0
826,4.0281652216593784032738767564296722412109375
827,0
828,62.69373601522590178092286805622279644012451171875
829,101.626795270803171433726674877107143402099609375
830,1.0035892478491517110228414821904152631759643554688
831,64.7537372102423347541844123043119907379150390625
832,0
833,0
834,7.0075812190761315179088342119939625263214111328125
835,2.003520356907234400978268240578472614288330078125
836,2.0028159764520365726525596983265131711959838867188
837,0
838,0
839,8.0054074596402546859508220222778618335723876953125
840,2.0009184889957380981684309517731890082359313964844
841,0
842,0
843,0
844,3.0066077013593468514329742902191355824470520019531
845,17.042079852457124644615760189481079578399658203125
846,26.1323846599652398481339332647621631622314453125
847,0
848,18.08316453024217906886406126432120800018310546875
849,2.0039660311614935217505717446329072117805480957031
850,5.0076705021941778639416043006349354982376098632812
851,21.083902306080545940858428366482257843017578125
852,32.33922473511250927913351915776729583740234375
853,0
854,0
855,0
856,14.99682372528874196859760559163987636566162109375
857,10.19945577400620351227189530618488788604736328125
858,0
859,29.36290448563903510148520581424236297607421875
860,148.41840091267312118361587636172771453857421875
861,24.27531870532374114191043190658092498779296875
862,35.36543012519314999053676729090511798858642578125
863,2.0016349045999062283840430609416216611862182617188
864,9.0407513019596077441519810236059129238128662109375
865,1
866,10.055159228353144129641805193386971950531005859375
867,12.30059930830197600926112500019371509552001953125
868,8.157467275959188413025913177989423274993896484375
869,18.017375606957809708319473429583013057708740234375
870,4.0238354236917661665984269347973167896270751953125
871,11.037241922108062652796434122137725353240966796875
872,0
873,8.0090065811440265264309346093796193599700927734375
874,9.0123406719745116078001956338994204998016357421875
875,4.0060245315987801362211939704138785600662231445312
876,8.0040477485530256984702646150253713130950927734375
877,8.0174252660301075223969746730290353298187255859375
878,1.0041750123968928853912530030356720089912414550781
879,0
880,1.0009879106323524844412986567476764321327209472656
881,0
882,0
883,15.67466390354449146116166957654058933258056640625
884,8.0076444350432751662083319388329982757568359375
885,0
886,0
887,2.0146664868410151250088802044047042727470397949219
888,12.00659371843739364749126252718269824981689453125
889,38.071940568539133664671680890023708343505859375
890,3.0050999838343037673382696084445342421531677246094
891,12.139471084050226679096340376418083906173706054688
892,34.48097076788928205814954708330333232879638671875
893,0
894,6.5362936233453980960916851472575217485427856445312
895,20.115847327130200739020438049919903278350830078125
896,37.0234949055591897604244877584278583526611328125
897,1
898,0
899,0
900,12.03741690271287012592438259162008762359619140625
901,28.031386103532607734223347506485879421234130859375
902,8.0056195760845074715916780405677855014801025390625
903,6.0026049371046692471054484485648572444915771484375
904,12.020251711743666689358178700786083936691284179688
905,4.01417738028038684205967001616954803466796875
906,41.67760487473460528917712508700788021087646484375
907,6.2893753992643208761137429974041879177093505859375
908,34.21283304253146440032651298679411411285400390625
909,0
910,2.0113488045242404744783470960101112723350524902344
911,8.0090005832686461673119993065483868122100830078125
912,1.0025178273543804419176694864290766417980194091797
913,4.0384524223329583136887777072843164205551147460938
914,14.0459424780488433270875248126685619354248046875
915,5.0068150843655301329704343515913933515548706054688
916,6.03923928106571139551306259818375110626220703125
917,18.07059520777853123263412271626293659210205078125
918,6.0146423094398766551194057683460414409637451171875
919,41.61717126688785839405682054348289966583251953125
920,2.06582717430556073168190778233110904693603515625
921,0
922,3.0155545405873711573008222330827265977859497070312
923,1.0026756825324607547145205899141728878021240234375
924,11.066207095476304544945378438569605350494384765625
925,9.015710987147276256337136146612465381622314453125
926,7.2108976936557116488302199286408722400665283203125
927,3.0024779401261612044038429303327575325965881347656
928,1.0042236958116634859550231340108439326286315917969
929,18.01349083543257023620753898285329341888427734375
930,1
931,28.496923591533718678192599327303469181060791015625
932,14.149560704977877989563239680137485265731811523438
933,2.0040275870363584154176805895986035466194152832031
934,7.0067531395716722286692856869194656610488891601562
935,0
936,7.0789255008689808690292011306155472993850708007812
937,1.0002394088059491927822364232270047068595886230469
938,8.0279643450809832216918948688544332981109619140625
939,0
940,18.024293508535038199624978005886077880859375
941,2.0078524651989231308846228785114362835884094238281
942,8.01527997335447395244045765139162540435791015625
943,50.4574900393155303390813060104846954345703125
944,5.0080846935365403993500876822508871555328369140625
945,25.191808035309005475710364407859742641448974609375
946,0
947,8.024176074139603542789700441062450408935546875
948,26.7238969906515393404333735816180706024169921875
949,0
950,2
951,36.39855103143491987793822772800922393798828125
952,2.0019152172443424042569404264213517308235168457031
953,18.10202505002369122166783199645578861236572265625
954,0
955,2.0038992934440207349666707159485667943954467773438
956,0
957,0
958,1.0015853591629102492532865653629414737224578857422
959,0
960,5.0138523664209717622952666715718805789947509765625
961,30.01182327372686131639056839048862457275390625
962,5.1341193544977929974493235931731760501861572265625
963,35.04172550470749314399654394946992397308349609375
964,12.745198460095000569936019019223749637603759765625
965,0
966,1.0007353151491520382165845148847438395023345947266
967,26.3954392696938242579562938772141933441162109375
968,0
969,1.0038215501054497114097330268123187124729156494141
970,22.648486781358400321551016531884670257568359375
971,55.185337554995982145555899478495121002197265625
972,1.0010089666008321618306808886700309813022613525391
973,1.0048388592260100171671410862472839653491973876953
974,8.013080022755588061045273207128047943115234375
975,2.0034053351083884741967722220579162240028381347656
976,0
977,1.0161615759143241000117541261715814471244812011719
978,12.036525920102137732214941934216767549514770507812
979,35.0661846236892387196348863653838634490966796875
980,0
981,2.0126619354280048668215385987423360347747802734375
982,0
983,2.0026347433384668050848631537519395351409912109375
984,8.2345952181068522435225531808100640773773193359375
985,0
986,3.004902242191580086227986612357199192047119140625
987,18.022764890017231920182894100435078144073486328125
988,2.0069262281171522666056716843741014599800109863281
989,0
990,0
991,0
992,0
993,0
994,2.0046544726308588302288171689724549651145935058594
995,0
996,6.0114459521398400099201353441458195447921752929688
997,5.0009655565903381457815157773438841104507446289062
998,8.0516319920962171607925483840517699718475341796875
999,23.206851594294430896070480230264365673065185546875
1000,0
1001,0
1002,6.0067071905824578337274033401627093553543090820312
1003,0
1004,0
1005,15.033493691697389138539620034862309694290161132812
1006,0
1007,11.02197212392444924944356898777186870574951171875
1008,35.33095548137405472743921563960611820220947265625
1009,2.0014037243733771020970380050130188465118408203125
1010,14.181095433498557056850586377549916505813598632812
1011,7.006832813466072451547006494365632534027099609375
1012,0
1013,8.0036812658174536494470885372720658779144287109375
1014,6.0029751572272491699777674512006342411041259765625
1015,12.022085308146460036482494615484029054641723632812
1016,7.0101218649454306586221719044260680675506591796875
1017,1
1018,1.0099013339952245260633389989379793405532836914062
1019,19.0355795000834433494674158282577991485595703125
1020,1.0189775394989164514214508017175830900669097900391
1021,6.198700370366058365334538393653929233551025390625
1022,26.063922900278186034483951516449451446533203125
1023,0
1024,0
1025,7.0317540648481955400939114042557775974273681640625
1026,0
1027,1.0022496739030102297363100660732015967369079589844
1028,7.0165910044333736905741716327611356973648071289062
1029,2.0047127249138059212896223471034318208694458007812
1030,36.21923170519715995396836660802364349365234375
1031,23.019381160548473275184733211062848567962646484375
1032,2.0108936620604698219949568738229572772979736328125
1033,0
1034,0
1035,1.0036994417598825712900634243851527571678161621094
1036,1.0017628786698509202324203215539455413818359375
1037,3.0563381587123776839121092052664607763290405273438
1038,0
1039,0
1040,0
1041,4.0821407389861184000778848712798207998275756835938
1042,19.03617062745427546133214491419494152069091796875
1043,14.039387869153866716942502534948289394378662109375
1044,7.0042170406269983473634965776000171899795532226562
1045,13.336684734969526999748268281109631061553955078125
1046,20.1706240267985918990234495140612125396728515625
1047,7.0302425296046902047919502365402877330780029296875
1048,1.0011625265423433894795834930846467614173889160156
1049,8.0016574953719104001947926008142530918121337890625
1050,0
1051,8.019950364515526786135524162091314792633056640625
1052,1.002246921164395843106831307522952556610107421875
1053,3.003052983423454946887432015500962734222412109375
1054,14.043596848859424497391046315897256135940551757812
1055,2.0116506422898594586001763673266395926475524902344
1056,2.0032729516803118308132525271503254771232604980469
1057,15.013944116015538909891802177298814058303833007812
1058,19.5846125443805902932581375353038311004638671875
1059,33.1008629647555636665856582112610340118408203125
1060,11.005858095018870912440434040036052465438842773438
1061,13.088584083822464521063011488877236843109130859375
1062,6.1423780316442222471096101799048483371734619140625
1063,8.1018588122821579844412553939037024974822998046875
1064,1.0661508649601989517918809724505990743637084960938
1065,1.0024446094955472563725606960360892117023468017578
1066,0
1067,1.0030716640818249096867020853096619248390197753906
1068,3.0046597502071934471246095199603587388992309570312
1069,7.009100415440666864697050186805427074432373046875
1070,18.01880950704721584543221979402005672454833984375
1071,12.121073030334263975760222820099443197250366210938
1072,0
1073,1.0012975045934724427354467479744926095008850097656
1074,5.0334196772387693741279690584633499383926391601562
1075,7.0129405922415397611757725826464593410491943359375
1076,11.026118163006623618116464058402925729751586914062
1077,12.076077439183849904225098725873976945877075195312
1078,9.187426400232535428358460194431245326995849609375
1079,0
1080,3.0077522490380999009573770308634266257286071777344
1081,8.1708680226581265060303849168121814727783203125
1082,0
1083,1.0000272162906669315418639598647132515907287597656
1084,48.80991541285467150146359927020967006683349609375
1085,16.034171110594851228370316675864160060882568359375
1086,1
1087,0
1088,9.0650009972754919118642646935768425464630126953125
1089,76.4726596224354722153293550945818424224853515625
1090,5.0091317268527815187439955479931086301803588867188
1091,0
1092,23.024421340914447142722565331496298313140869140625
1093,0
1094,16.011371319143751890123894554562866687774658203125
1095,9.03224268427583609764042194001376628875732421875
1096,9.0243688885514217190575436688959598541259765625
1097,8.085477727055188523763717967085540294647216796875
1098,8.026582576400972612873374600894749164581298828125
1099,34.03214428514041856033145450055599212646484375
1100,10.01699638323602670197942643426358699798583984375
1101,5.0092834646856427838201852864585816860198974609375
1102,0
1103,21.042524159043498599430677131749689579010009765625
1104,8.124464572343175206015075673349201679229736328125
1105,0
1106,0
1107,2.0035046853944260547564226726535707712173461914062
1108,0
1109,21.019806028996267599495695321820676326751708984375
1110,27.374369253136531909831319353543221950531005859375
1111,6.01639428849966151346961851231753826141357421875
1112,0
1113,2.0147442639408770226339129294501617550849914550781
1114,0
1115,1.0145814888969497680193398991832509636878967285156
1116,32.04351199840657926642961683683097362518310546875
1117,43.198596145796358314328244887292385101318359375
1118,8.041750924409779344159687752835452556610107421875
1119,4.0086717906020661317256781330797821283340454101562
1120,1
1121,0
1122,2.0038482171633962281021013041026890277862548828125
1123,2.0016625441594850798310289974324405193328857421875
1124,15.016576699172933473391822190023958683013916015625
1125,8.0378341595217808190909636323340237140655517578125
1126,2.0994894673854953559555269748670980334281921386719
1127,42.13993710781273449583750334568321704864501953125
1128,0
1129,4.6534561025678202739186417602468281984329223632812
1130,18.13867450353728116851925733499228954315185546875
1131,1.0001170043778444540549799057771451771259307861328
1132,15.01289333373910750424329307861626148223876953125
1133,1.0053594133560102008573267085012048482894897460938
1134,16.009186065420198730180345592088997364044189453125
1135,1.00143101922908073220241931267082691192626953125
1136,2.0053457349788650354582841828232631087303161621094
1137,41.29081922693882233943440951406955718994140625
1138,13.033733213956832486246639746241271495819091796875
1139,14.091492996479662025421930593438446521759033203125
1140,6.04311998718402065833288361318409442901611328125
1141,0
1142,4.5728700909007065078526466095354408025741577148438
1143,1.0027852311055187595201232397812418639659881591797
1144,6.0153153520875592974448409222532063722610473632812
1145,4.00347324422074990479814005084335803985595703125
1146,1.0015303789727065808534689494990743696689605712891
1147,0
1148,0
1149,9.0264520138778312485783317242749035358428955078125
1150,26.057179203474806428175725159235298633575439453125
1151,6.0040767781026032068325548607390373945236206054688
1152,2.0008592606248338796604002709500491619110107421875
1153,7.0041786043640446024483026121743023395538330078125
1154,0
1155,0
1156,11.0567127138281904308314551599323749542236328125
1157,2.00222703702002746695143287070095539093017578125
1158,1
1159,20.02235227998736633026055642403662204742431640625
1160,23.193744186223074876807004329748451709747314453125
1161,13.1818977225378830553381703794002532958984375
1162,10.020377727240598275670890870969742536544799804688
1163,11.152787904688162612387714034412056207656860351562
1164,0
1165,11.022751068672011598437165957875549793243408203125
1166,0
1167,8.08312884407077802961794077418744564056396484375
1168,3.0139686276462627212424649769673123955726623535156
1169,1.0003839667474208052766471155337058007717132568359
1170,3.0080399942126239132278442411916330456733703613281
1171,26.0147415907235455279078450985252857208251953125
1172,6.0000291464521806616971844050567597150802612304688
1173,2.0019514642298164019962314341682940721511840820312
1174,2.04031911796443665707556647248566150665283203125
1175,4.0023574796656005148065560206305235624313354492188
1176,2.0017335574050840740767398528987541794776916503906
1177,11.042579352471507903032943431753665208816528320312
1178,0
1179,0
1180,17.09622911388103005947414203546941280364990234375
1181,2.0028441502382028360784715914633125066757202148438
1182,15.042791785126599535260538686998188495635986328125
1183,1
1184,0
1185,11.106740272068249097969783178996294736862182617188
1186,1.0007746879496539627041329367784783244132995605469
1187,10.013659218930706984451717289630323648452758789062
1188,0
1189,1.0062544349158417666956211178330704569816589355469
1190,5.0073960462084174949382031627465039491653442382812
1191,3.0338297096830770804842813959112390875816345214844
1192,1.0021081955484236747366821873583830893039703369141
1193,3.0044092687902281824108285945840179920196533203125
1194,0
1195,8.011697386828682709847271325998008251190185546875
1196,0
1197,69.900417932796841569142998196184635162353515625
1198,0
1199,0
1200,0
1201,4.0964238717473131501378702523652464151382446289062
1202,0
1203,0
1204,13.030163953463148374112279270775616168975830078125
1205,36.45764964098689375759931863285601139068603515625
1206,0
1207,1.0039702652043536179604643621132709085941314697266
1208,24.0124470989492664330100524239242076873779296875
1209,8.00516202017564637571922503411769866943359375
1210,2.0050772070564741866860458685550838708877563476562
1211,4.0079334018831591635034783394075930118560791015625
1212,0
1213,61.0262624528530892575872712768614292144775390625
1214,3.0041298326002956464719773066462948918342590332031
1215,0
1216,20.021599060516592771818977780640125274658203125
1217,3.0048491236529319969861262507038190960884094238281
1218,4.0145377401983228793369562481530010700225830078125
1219,0
1220,4.0057292152324226464088496868498623371124267578125
1221,15.343692638129434513416526897344738245010375976562
1222,0
1223,27.027253315781411657781063695438206195831298828125
1224,1.0047563299996837837824159578303806483745574951172
1225,1.0004002530482711819104224559850990772247314453125
1226,2.00115142930815892441387404687702655792236328125
1227,1.022420651978155348160726134665310382843017578125
1228,0
1229,3.0200756699641835290037761296844109892845153808594
1230,17.04067409412250100331220892257988452911376953125
1231,0
1232,0
1233,0
1234,31.403055237842512070756129105575382709503173828125
1235,0
1236,2.0018876754666359296663813438499346375465393066406
1237,0
1238,0
1239,2.0011942990918907270270210574381053447723388671875
1240,9.018554849504635484436221304349601268768310546875
1241,3.0027828278603627687459720618790015578269958496094
1242,4.0200426926866468235743923287373036146163940429688
1243,16.281773744297357353616462205536663532257080078125
1244,7.0024524286886178359168297902215272188186645507812
1245,1.003649347681150771904867724515497684478759765625
1246,19.823579846447348273841271293349564075469970703125
1247,8.0961503570676160990160497021861374378204345703125
1248,0
1249,1.0056685169618504449573492820491082966327667236328
1250,0
1251,10.012345362962696171393872646149247884750366210938
1252,6.0115950481497444357614767795894294977188110351562
1253,3.0002064647228738891726607107557356357574462890625
1254,17.047057262577812508652641554363071918487548828125
1255,27.06700793376379721166813396848738193511962890625
1256,6.0129801997203262686753078014589846134185791015625
1257,3.1084068707443170964666023792233318090438842773438
1258,24.033952029441760345207512727938592433929443359375
1259,56.20428440679778958610768313519656658172607421875
1260,23.153631186150061438411285053007304668426513671875
1261,9.009426571091548652248093276284635066986083984375
1262,0
1263,4.0146538698181135629283744492568075656890869140625
1264,89.739168165338156768484623171389102935791015625
1265,4.2231216671990523536805994808673858642578125
1266,5.0034230604512135442973885801620781421661376953125
1267,33.0325085008517618234691326506435871124267578125
1268,3.2176280950622020426976632734294980764389038085938
1269,0
1270,14.138434471567540740011281741317361593246459960938
1271,7.0044719181678720687500572239514440298080444335938
1272,0
1273,0
1274,0
1275,0
1276,8.0677097054143462884212567587383091449737548828125
1277,1.0012430827032945401811048213858157396316528320312
1278,1.0030380888885319645709159885882399976253509521484
1279,0
1280,17.050717909659358184626398724503815174102783203125
1281,8.0440316464069869795139311463572084903717041015625
1282,13.46209200699220076558049186132848262786865234375
1283,0
1284,3.0021916544414541938579077395843341946601867675781
1285,3.1570842260353098041036901122424751520156860351562
1286,0
1287,0
1288,1
1289,1.0002613896715066843512431660201400518417358398438
1290,4.0190560482968225031186193518806248903274536132812
1291,12.292895235691370103836561611387878656387329101562
1292,0
1293,2.001424902487741519507835619151592254638671875
1294,12.034856259763127894757417379878461360931396484375
1295,1.0026285661604446008965396686107851564884185791016
1296,27.1767741139914988934833672828972339630126953125
1297,3.0058023842294443461753417068393900990486145019531
1298,2.0075209938347802207658787665423005819320678710938
1299,1.0012753733536443601082055465667508542537689208984
1300,8.0172581101503350708981088246218860149383544921875
1301,4.010143914526878461401793174445629119873046875
1302,28.240391933814606773012201301753520965576171875
1303,10.005037603894788134084592456929385662078857421875
1304,0
1305,2.0058691877363963307345784414792433381080627441406
1306,13.01008214904206994333435432054102420806884765625
1307,16.092449751320419437661257688887417316436767578125
1308,8.0151821619623877523963528801687061786651611328125
1309,0
1310,0
1311,11.168620476279389919227469363249838352203369140625
1312,13.012951906004202484723464294802397489547729492188
1313,3.0043173221267185368787977495230734348297119140625
1314,0
1315,9.02619828018145398118576849810779094696044921875
1316,1.0009013699546329689837875775992870330810546875
1317,28.3951317416046293828912894241511821746826171875
1318,15.010342029884222725399922637734562158584594726562
1319,1.0035149416227522323197263176552951335906982421875
1320,2.0014050072933042834222305828006938099861145019531
1321,1
1322,5.038201223207440904161558137275278568267822265625
1323,1.0035459690101951046869999117916449904441833496094
1324,1.0069424007493730233164797027711756527423858642578
1325,2.0026186888479715619837406848091632127761840820312
1326,23.021669999678625373462637071497738361358642578125
1327,0
1328,37.13406886920356697601164341904222965240478515625
1329,0
1330,4.0033587276727846671064980910159647464752197265625
1331,54.7349865872325409554832731373608112335205078125
1332,6.0071355171305613751542296085972338914871215820312
1333,0
1334,0
1335,0
1336,1.0035277595750491386183966824319213628768920898438
1337,4.0087301304285682945760527218226343393325805664062
1338,6.0056733328757072598591548739932477474212646484375
1339,0
1340,0
1341,2.00009159006412318149159546010196208953857421875
1342,0
1343,4.009294860291941375862734275870025157928466796875
1344,1.0077023779475502429647804092383012175559997558594
1345,125.837645407938680364168249070644378662109375
1346,2.0005093312638533298297716100933030247688293457031
1347,9.013658525063615201133870868943631649017333984375
1348,6.0690633636112911730720043124165385961532592773438
1349,4.0058626439371343153084126242902129888534545898438
1350,8.06130648782053782497314387001097202301025390625
1351,21.315737375217178595221412251703441143035888671875
1352,0
1353,2.0110676471701354195431576954433694481849670410156
1354,43.07281583563122495661446009762585163116455078125
1355,0
1356,46.5315382152181342689800658263266086578369140625
1357,100.2015198353759188876210828311741352081298828125
1358,2.0007491025754675639802826481172814965248107910156
1359,8.1659849513047770841467354330234229564666748046875
1360,7.099422424604835413219916517846286296844482421875
1361,25.021774048099008069812043686397373676300048828125
1362,0
1363,14.002351040775481649802713945973664522171020507812
1364,7.0585689054910432105316431261599063873291015625
1365,0
1366,3.0029093875568326765801430155988782644271850585938
1367,13.086682369645981083294827840290963649749755859375
1368,5.024958584293433005996121210046112537384033203125
1369,10.017125147519468697510092169977724552154541015625
1370,0
1371,7.0271617927520066970714651688467711210250854492188
1372,2.004745311857664802346334909088909626007080078125
1373,6.136316835648596423880007932893931865692138671875
1374,2.0005904893107180342326500976923853158950805664062
1375,10.131724713611422572512310580350458621978759765625
1376,8.059943568997095297845589811913669109344482421875
1377,1.0012890363609647792486612161155790090560913085938
1378,1.03910492046878033534085261635482311248779296875
1379,3.0113706552542285344031824934063479304313659667969
1380,0
1381,0
1382,13.021301631864600878429882868658751249313354492188
1383,3.0050562252105650351552412757882848381996154785156
1384,14.012335724106575796099605213385075330734252929688
1385,9.0124361335285545493434256059117615222930908203125
1386,3.0055864298632681830270030332030728459358215332031
1387,1.0017640673850034538361342129064723849296569824219
1388,25.157068715147385518093869904987514019012451171875
1389,26.303826451269731734328161110170185565948486328125
1390,0
1391,3.0047749973988056026996673608664423227310180664062
1392,4.186437251642519896677185897715389728546142578125
1393,7.0183465588228859388664204743690788745880126953125
1394,0
1395,0
1396,0
1397,0
1398,34.015905457667798827969818376004695892333984375
1399,0
1400,1.0009346993645504841907722948235459625720977783203
1401,0
1402,0
1403,0
1404,6.0046747664129975774471859040204435586929321289062
1405,3.0074140759776430975591665628599002957344055175781
1406,7.0145358273445452823580126278102397918701171875
1407,41.560579530674743864437914453446865081787109375
1408,2.0003197211163357138730134465731680393218994140625
1409,2.0032290692876988380533020972507074475288391113281
1410,3.0075429750752911139954903774196282029151916503906
1411,1.0031627491526562412360590315074659883975982666016
1412,0
1413,29.50931253192400305351839051581919193267822265625
1414,28.0845571447205060167107149027287960052490234375
1415,8.0894845361973981567871305742301046848297119140625
1416,2.0229542200762455905760361929424107074737548828125
1417,26.05146892360429689006195985712110996246337890625
1418,0
1419,13.21487084628093811033977544866502285003662109375
1420,3.0083625503475199813863127928925678133964538574219
1421,9.743318898663996918685370474122464656829833984375
1422,0
1423,13.257368434571430881874221086036413908004760742188
1424,3.0121068548738407777420889033237472176551818847656
1425,3.0005808499029020808279710763599723577499389648438
1426,3.0037053754613634026782165165059268474578857421875
1427,0
1428,5.0392356896948760081045293190982192754745483398438
1429,7.0096104192506176744359436270315200090408325195312
1430,0
1431,0
1432,0
1433,11.031162242118840666194046207237988710403442382812
1434,1.0000916447199110770327479258412495255470275878906
1435,13.047542019162182924674198147840797901153564453125
1436,1.00013155110421081417371169663965702056884765625
1437,14.368846266256715793474540987517684698104858398438
1438,0
1439,0
1440,13.023137217032543233585784037131816148757934570312
1441,5.018094269060053846942537347786128520965576171875
1442,2.0118028169869313082074313570046797394752502441406
1443,1.0001396821001775627735241869231685996055603027344
1444,4.0010528004636851662212393421214073896408081054688
1445,1.0004173870068815421774388596531935036182403564453
1446,0
1447,0
1448,2.0002848105846506854277322418056428432464599609375
1449,4.005256394342264769647954381071031093597412109375
1450,4.0207565169435115493001831055153161287307739257812
1451,1.0043434053721629339861465268768370151519775390625
1452,4.0071445150862201600716616667341440916061401367188
1453,17.16946484959994023711260524578392505645751953125
1454,0
1455,3.0011403062706545341598030063323676586151123046875
1456,2.0065282086568179131802480696933344006538391113281
1457,0
1458,3.0077531719097638784887749352492392063140869140625
1459,0
1460,1.0008323190907006949856850042124278843402862548828
1461,17.0186954294689058997391839511692523956298828125
1462,0
1463,0
1464,3.0042185716426277330981520208297297358512878417969
1465,0
1466,0
1467,0
1468,13.006431911254084710094502952415496110916137695312
1469,13.025535344322511477344050945248454809188842773438
1470,1.0060233502682727202426349322195164859294891357422
1471,1.0014310305071119078235142296762205660343170166016
1472,15.089999011669826600723354204092174768447875976562
1473,2.0041460684295477889804715232457965612411499023438
1474,0
1475,59.31619332560918422814211226068437099456787109375
1476,4.0329497753127965253838738135527819395065307617188
1477,2.0029918821307659548835999885341152548789978027344
1478,16.061310230807546162168364389799535274505615234375
1479,0
1480,0
1481,34.0924606475474689659677096642553806304931640625
1482,0
1483,4.028722746106151220146784908138215541839599609375
1484,6.0075826132610119501009648956824094057083129882812
1485,0
1486,2.0013969811835519152509732521139085292816162109375
1487,4.0014296888594893530921581259462982416152954101562
1488,0
1489,1.0007848414040689810633466549916192889213562011719
1490,10.0122746577197148099003243260085582733154296875
1491,1.0068254516481076610290301687200553715229034423828
1492,4.001794970060256417809796403162181377410888671875
1493,3.0070005358004427975515682192053645849227905273438
1494,30.082985491590758186930543160997331142425537109375
1495,0
1496,7.0011485038962035787335480563342571258544921875
1497,0
1498,3.0139153961481062182770074286963790655136108398438
1499,0
1500,0
1501,4.0007185804459988176517981628421694040298461914062
1502,2.0003906525296017981929708184907212853431701660156
1503,6.5045266494307201199376322620082646608352661132812
1504,5.0018052263786758615538019512314349412918090820312
1505,0
1506,3.0114774497701888300582595547894015908241271972656
1507,3.00059804471330693331765360198915004730224609375
1508,0
1509,10.014116331300105144919143640436232089996337890625
1510,2.1108396578890498140879117272561416029930114746094
1511,18.006038707956637523466270067729055881500244140625
1512,19.0141514946320597800877294503152370452880859375
1513,16.005797781734390383689969894476234912872314453125
1514,5.0201540484071776049290747323539108037948608398438
1515,18.002441149332437220209612860344350337982177734375
1516,3.0287481416513055698658263281686231493949890136719
1517,1.0014333520905676078172064080717973411083221435547
1518,6.004703409532456959141200059093534946441650390625
1519,2.0038949169607760403266638604691252112388610839844
1520,1.000378891964114558277287869714200496673583984375
1521,22.012757427460218906389854964800179004669189453125
1522,4.00312867048467779795828391797840595245361328125
1523,0
1524,7.0013594195680086684774323657620698213577270507812
1525,1.0003546890749239750562082917895168066024780273438
1526,1.0004637732196699495545999525347724556922912597656
1527,0
1528,10.01337067039984418670428567565977573394775390625
1529,0
1530,0
1531,0
1532,0
1533,7.0034665201608961027091027062851935625076293945312
1534,2.0008030300106982579677605826873332262039184570312
1535,5.0007131526941979160483242594636976718902587890625
1536,0
1537,2.0004381215215834011189599550561979413032531738281
1538,2.0001509193314865875379382487153634428977966308594
1539,2.0008378250715099788692441507009789347648620605469
1540,0
1541,9.1071638440619011589660658501088619232177734375
1542,0
1543,2.0011073743274239156164640007773414254188537597656
1544,0
1545,4.0014556874761835203457849274855107069015502929688
1546,0
1547,0
1548,0
1549,0
1550,2.0003365300081008548715999495470896363258361816406
1551,0
1552,19.008509384711043566085209022276103496551513671875
1553,0
1554,5.0026817428095951001409957825671881437301635742188
1555,4.0009821645386614008543801901396363973617553710938
1556,0
1557,5.0001647344788215931998820451553910970687866210938
1558,1.0010154148860093137329840828897431492805480957031
1559,1.0004737446882825402383332402678206562995910644531
1560,2.0008293114070268003956698521506041288375854492188
1561,3.0008816297697573638458834466291591525077819824219
1562,1
1563,0
1564,14.004453721015979184016941871959716081619262695312
1565,1.0054879561244247643259086544276215136051177978516
1566,0
1567,0
1568,0
1569,10.006139212714526109948565135709941387176513671875
1570,8.0008545825261325745714202639646828174591064453125
1571,23.003082627018773820282149245031177997589111328125
1572,1.0002579999565370805214570282259956002235412597656
1573,4.0025354549975942219930402643512934446334838867188
1574,0
1575,0
1576,0
1577,0
1578,13.00665393337732211875845678150653839111328125
1579,0
1580,19.00914628911640846808950300328433513641357421875
1581,5.0737041287009772005944796546828001737594604492188
1582,3.0013271184763561372221829515183344483375549316406
1583,1.0008706971964276277731187292374670505523681640625
1584,14.005282480015745605328447709325700998306274414062
1585,9.017856175003846175286525976844131946563720703125
1586,0
1587,17.048477186313885312074489775113761425018310546875
1588,3.0015010884272519398052736505633220076560974121094
1589,6.001349458685968585314185474999248981475830078125
1590,0
1591,2.0004506256112928319623733841581270098686218261719
1592,9.019005071561547737246655742637813091278076171875
1593,1
1594,0
1595,1.0005867956334990598321610377752222120761871337891
1596,1.0074357919738354816274750191951170563697814941406
1597,2.0014354206457158902310311532346531748771667480469
1598,98.0046467455651537648009252734482288360595703125
1599,0
1600,0
1601,0
1602,1
1603,0
1604,14.021757752275261665886318951379507780075073242188
1605,14.011723810330158457304605690296739339828491210938
1606,65.1450852561926438966111163608729839324951171875
1607,3.00702091425180384476334438659250736236572265625
1608,2
1609,35.04671039692566836265541496686637401580810546875
1610,0
1611,1.0005417210247933290645505621796473860740661621094
1612,3.0186013793861579124211402813671156764030456542969
1613,0
1614,9.0019075071125005393923856900073587894439697265625
1615,2.0008854041635362186468682921258732676506042480469
1616,14.091257581599426984553247166331857442855834960938
1617,2.0000026091887721513273845630465075373649597167969
1618,0
1619,8.0322904145484290694412266020663082599639892578125
1620,0
1621,9.2126003284685094030237451079301536083221435546875
1622,2.0852837487744997346794662007596343755722045898438
1623,4.0044795190307649335181849892251193523406982421875
1624,0
1625,20.003840624131964176513065467588603496551513671875
1626,2.000495359544078866065319743938744068145751953125
1627,17.00845111870572878842722275294363498687744140625
1628,0
1629,10.020393860052452694731073279399424791336059570312
1630,6.0017359481317464897642821597401052713394165039062
1631,0
1632,1.0003305448129566901371845233370549976825714111328
1633,3.0012357524925707963348031626082956790924072265625
1634,19.00683748333806732944140094332396984100341796875
1635,5.0006502651060431574592257675249129533767700195312
1636,3.0014776952984170144134168367600068449974060058594
1637,0
1638,5.0014668569307643153365461330395191907882690429688
1639,2.0005899536237574665165084297768771648406982421875
1640,25.057116854600938182784375385381281375885009765625
1641,7.0016145199004231614026139141060411930084228515625
1642,4.0017407394072987969479981984477490186691284179688
1643,1.0002099759624509811573034312459640204906463623047
1644,2.0021510413142853401780030253576114773750305175781
1645,5.0006456901142204429788762354291975498199462890625
1646,0
1647,0
1648,2.0007065769938865429367069737054407596588134765625
1649,0
1650,0
1651,90.029564122919992996685323305428028106689453125
1652,4.0180499852425564100144583790097385644912719726562
1653,0
1654,43.1164308798942244038698845542967319488525390625
1655,1
1656,0
1657,0
1658,10.03419735395376477526951930485665798187255859375
1659,1.0001028174784920565798529423773288726806640625
1660,0
1661,0
1662,2.0017038480736339955967650894308462738990783691406
1663,12.008628450648421548407895897980779409408569335938
1664,0
1665,0
1666,3.0016698230710194827963732677744701504707336425781
1667,21.1190109449429570531719946302473545074462890625
1668,2.0005800417189276707574663305422291159629821777344
1669,87.273540016469581814817502163350582122802734375
1670,0
1671,0
1672,4.0186500633379882430062934872694313526153564453125
1673,0
1674,7.0213262681999140113475732505321502685546875
1675,1.0005447510634777330551514751277863979339599609375
1676,0
1677,2.0002900212617853448193727672332897782325744628906
1678,1
1679,8.033978441152243021861067973077297210693359375
1680,4.000221753255122081327499472536146640777587890625
1681,2.0036513880095734307928978523705154657363891601562
1682,1.0008005889800200005623764809570275247097015380859
1683,2.0002441831674695471576796990120783448219299316406
1684,0
1685,20.153141578712531867267898633144795894622802734375
1686,0
1687,42.1662543729251950708203366957604885101318359375
1688,0
1689,9.0360788080027862889664902468211948871612548828125
1690,0
1691,4.0037449772865860708748186880256980657577514648438
1692,36.08932092629597576660671620629727840423583984375
1693,0
1694,1
1695,0
1696,2.0022954714580465385154184332350268959999084472656
1697,6.0147374277494565220081312872935086488723754882812
1698,0
1699,0
1700,20.03346994692315519159819814376533031463623046875
1701,11.009824962679115145647301687858998775482177734375
1702,0
1703,6.0010907921457397051767657103482633829116821289062
1704,2.0002858625602226716466702782781794667243957519531
1705,1.0005639515730608835042403370607644319534301757812
1706,0
1707,0
1708,0
1709,31.03151468237557963902872870676219463348388671875
1710,1.0001102073377632351025567913893610239028930664062
1711,14.005482383949017233248923730570822954177856445312
1712,24.009395352402112422396385227330029010772705078125
1713,0
1714,5.0009024389603480287291858985554426908493041992188
1715,7.0005987959279938337431303807534277439117431640625
1716,1.0002202816234928572924900436191819608211517333984
1717,1
1718,0
1719,2.0005845418182257589023720356635749340057373046875
1720,0
1721,5.0010789772802022312703229545149952173233032226562
1722,2.0000869538262548985585453920066356658935546875
1723,1
1724,3.0018633214543313236788435460766777396202087402344
1725,3.0012318465781455678609290771419182419776916503906
1726,0
1727,0
1728,0
1729,0
1730,17.070781350612616478201744030229747295379638671875
1731,0
1732,3.0008473165194198273297843115869909524917602539062
1733,0
1734,0
1735,1.0019046243160487641432609962066635489463806152344
1736,0
1737,0
1738,2.0005427223923373247771451133303344249725341796875
1739,0
1740,6.02523396004317390861615422181785106658935546875
1741,0
1742,1.0006920692077410084408484181039966642856597900391
1743,2.000687895831614326880298904143273830413818359375
1744,0
1745,3.019066675757219542219900176860392093658447265625
1746,0
1747,3.0012395477933724308172713790554553270339965820312
1748,0
1749,0
1750,0
1751,0
1752,2.0000102314902070688162893929984420537948608398438
1753,3
1754,15.084098042914103388056901167146861553192138671875
1755,2.0004061639992367638285486464155837893486022949219
1756,11.007048180533304915229564358014613389968872070312
1757,128.98360313223935236237593926489353179931640625
1758,0
1759,0
1760,7.0001610844687949253284386941231787204742431640625
1761,0
1762,0
1763,1.0005213108548334233205423515755683183670043945312
1764,2.0000244483478417656385772716021165251731872558594
1765,2.0004575302504714606754987471504136919975280761719
1766,0
1767,12.006547736613965682295201986562460660934448242188
1768,2.0003587070047275098261252423981204628944396972656
1769,0
1770,4.0086207939520459575533095630817115306854248046875
1771,3.0031527928590491249849492305656895041465759277344
1772,0
1773,4.0006844718587837306245091895107179880142211914062
1774,1.0001997336842733954398454443435184657573699951172
1775,0
1776,3.0001079274931754525823635049164295196533203125
1777,11.15230045751585663538207882083952426910400390625
1778,0
1779,7.0141882776837212176701541466172784566879272460938
1780,2.0005837697057264890077021846082061529159545898438
1781,0
1782,11.009390064175994083939258416648954153060913085938
1783,0
1784,0
1785,6.0016699310439856063226216065231710672378540039062
1786,0
1787,4.00381798223968843331022071652114391326904296875
1788,0
1789,0
1790,2.0001983480830696215946318261558189988136291503906
1791,3.0007983471795696139849951578071340918540954589844
1792,0
1793,1.0053331287576348085366362283821217715740203857422
1794,0
1795,0
1796,1.0002560124917638795238872262416407465934753417969
1797,5.0002910467507035718881525099277496337890625
1798,4.000047191243414346217832644470036029815673828125
1799,1.0000141882449486985251496662385761737823486328125
1800,0
1801,0
1802,16.02069311497729842130866018123924732208251953125
1803,0
1804,1.0002130103384081483142153956578113138675689697266
1805,33.01517936052238866295738262124359607696533203125
1806,1
1807,0
1808,13.000838247148255533147676032967865467071533203125
1809,0
1810,0
1811,1.0035212100346384556104339935700409114360809326172
1812,11.001059795644128058711430639959871768951416015625
1813,3.0000961081979133915353941119974479079246520996094
1814,1.0013802538398606234437693274230696260929107666016
1815,0
1816,16.000664816784112787217964068986475467681884765625
1817,1.0000496243960366182790266975644044578075408935547
1818,2.0003461955632650948189166228985413908958435058594
1819,3.07817704884669041121014743112027645111083984375
1820,13.006687329217969661954157345462590456008911132812
1821,1
1822,2.0005583327575009455756571696838364005088806152344
1823,2.0000542354626249519355951633770018815994262695312
1824,0
1825,0
1826,0
1827,0
1828,0
1829,3.0015486365790375877793394465697929263114929199219
1830,4.0007671889082905281043167633470147848129272460938
1831,0
1832,0
1833,1
1834,4.0017169171254485249278332048561424016952514648438
1835,0
1836,0
1837,0
1838,7.0032201862907657030632435635197907686233520507812
1839,0
1840,0
1841,0
1842,0
1843,17.0006599062076730888293241150677204132080078125
1844,0
1845,7.0019269568809123782671122171450406312942504882812
1846,3.0003031632587853216875828366028144955635070800781
1847,0
1848,2.0002899545039318773831382713979110121726989746094
1849,0
1850,0
1851,0
1852,3
1853,0
1854,0
1855,0
1856,0
1857,1.0000014634367642152312782855005934834480285644531
1858,0
1859,6.0006564903362518137441838916856795549392700195312
1860,3.0005327771537451120309469843050464987754821777344
1861,1.0001504534271026258807069098111242055892944335938
1862,0
1863,0
1864,0
1865,8.000713615399146050322087830863893032073974609375
1866,8.0701762854473049202397305634804069995880126953125
1867,0
1868,0
1869,0
1870,0
1871,3.00948858275727815225764061324298381805419921875
1872,3
1873,9.033824014077168840231024660170078277587890625
1874,3.0000320949651273494396264140959829092025756835938
1875,1.0000111129596329639923624199582263827323913574219
1876,1.3502023187643683588277099261176772415637969970703
1877,2.0001717956702296241644489782629534602165222167969
1878,1
1879,1.0000014289878764728314308740664273500442504882812
1880,1
1881,0
1882,0
1883,1
1884,0
1885,5.0294891185620631546271397382952272891998291015625
1886,9.01967217302425439129365258850157260894775390625
1887,0
1888,0
1889,1.0000272501942697456200903616263531148433685302734
1890,0
1891,0
1892,0
1893,2.0002571366986758860662121151108294725418090820312
1894,0
1895,1
1896,1
1897,1
1898,26
