0 1 2005
2 3 2005
4 5 2005
6 7 2005
8 9 2005
10 11 2005
12 13 2005
14 15 2005
16 17 2005
18 19 2005
20 21 2005
20 22 2005
22 21 2005
23 24 2005
23 25 2005
26 27 2005
28 29 2005
28 1 2005
28 0 2005
30 31 2005
32 33 2005
34 35 2005
36 9 2005
36 8 2005
37 38 2005
39 40 2005
0 1 2005
41 42 2005
41 43 2005
44 45 2005
2 3 2005
46 47 2005
48 49 2005
50 40 2005
50 51 2005
52 38 2005
53 54 2005
55 29 2005
45 56 2005
57 58 2005
59 60 2005
61 62 2005
63 64 2005
65 64 2005
65 66 2005
67 68 2005
67 58 2005
69 70 2005
71 72 2005
73 18 2005
74 75 2005
8 9 2005
76 77 2005
76 78 2005
79 80 2005
79 81 2005
79 82 2005
83 84 2005
83 85 2005
86 87 2005
62 88 2005
62 89 2005
10 11 2005
12 18 2005
12 13 2005
90 91 2005
92 93 2005
16 17 2005
94 22 2005
95 96 2005
95 97 2005
98 99 2005
98 29 2005
98 100 2005
101 29 2005
101 102 2005
7 103 2005
100 29 2005
104 105 2005
106 107 2005
108 109 2006
26 110 2006
111 112 2006
113 84 2006
107 114 2006
107 115 2006
2 3 2006
2 103 2006
20 116 2006
8 117 2006
28 104 2006
28 100 2006
66 118 2006
10 11 2006
119 120 2006
121 122 2006
12 18 2006
84 83 2006
84 123 2006
84 124 2006
83 123 2006
83 124 2006
67 58 2006
125 35 2006
124 123 2006
126 127 2006
126 128 2006
129 130 2006
131 132 2006
44 133 2006
46 47 2006
37 38 2006
31 134 2006
3 135 2006
3 103 2006
136 137 2006
138 139 2006
68 140 2006
68 11 2006
120 141 2006
72 71 2006
142 143 2006
38 144 2006
81 79 2006
145 53 2006
15 14 2006
146 143 2006
58 57 2006
128 127 2006
16 17 2006
147 148 2006
147 139 2006
149 89 2006
150 144 2006
65 64 2006
115 114 2006
95 151 2006
51 39 2006
51 152 2006
90 91 2006
100 104 2006
153 154 2006
52 11 2006
80 102 2006
50 40 2007
10 11 2007
155 156 2007
94 22 2007
117 9 2007
7 114 2007
157 24 2007
88 62 2007
141 158 2007
65 64 2007
36 9 2007
159 160 2007
161 162 2008
163 164 2008
165 166 2008
165 167 2008
168 169 2008
168 170 2008
168 171 2008
172 173 2008
125 174 2008
170 169 2008
170 171 2008
170 175 2008
176 167 2008
177 178 2008
179 180 2008
181 182 2008
183 178 2008
184 185 2008
166 167 2008
186 187 2008
188 189 2008
188 190 2008
191 192 2008
193 194 2008
193 195 2008
193 196 2008
197 187 2008
198 199 2008
169 171 2008
171 200 2008
195 196 2008
201 202 2008
203 204 2008
189 190 2008
205 206 2008
205 207 2008
208 209 2008
208 210 2008
208 211 2008
212 115 2008
213 214 2008
215 216 2008
215 125 2008
217 189 2008
217 190 2008
217 218 2008
217 188 2008
219 220 2008
161 162 2008
221 222 2008
223 199 2008
223 224 2008
223 198 2008
225 226 2008
225 227 2008
225 228 2008
225 229 2008
225 230 2008
50 152 2008
231 232 2008
231 195 2008
231 233 2008
234 162 2008
235 176 2008
235 236 2008
235 186 2008
235 165 2008
237 238 2008
237 239 2008
237 240 2008
237 104 2008
237 203 2008
237 241 2008
237 204 2008
237 242 2008
243 244 2008
243 245 2008
246 247 2008
246 248 2008
249 250 2008
251 252 2008
251 253 2008
251 181 2008
251 254 2008
255 256 2008
255 199 2008
255 257 2008
232 195 2008
258 259 2008
258 260 2008
261 262 2008
261 259 2008
261 263 2008
257 256 2008
257 199 2008
254 252 2008
254 253 2008
254 181 2008
264 265 2008
260 259 2008
266 267 2008
266 268 2008
10 269 2008
10 11 2008
12 73 2008
165 176 2008
165 167 2008
165 186 2008
165 187 2008
165 197 2008
165 166 2008
165 236 2008
168 200 2008
168 175 2008
168 270 2008
168 271 2008
168 272 2008
168 169 2008
168 273 2008
168 171 2008
168 170 2008
168 137 2008
242 238 2008
242 239 2008
242 240 2008
242 104 2008
242 203 2008
242 241 2008
242 274 2008
242 204 2008
209 275 2008
209 174 2008
209 201 2008
209 276 2008
62 277 2008
270 200 2008
270 271 2008
270 272 2008
270 169 2008
270 273 2008
270 171 2008
270 170 2008
278 279 2008
125 185 2008
125 174 2008
125 201 2008
125 280 2008
125 202 2008
125 183 2008
281 147 2008
281 282 2008
283 284 2008
283 285 2008
283 286 2008
283 287 2008
283 288 2008
283 280 2008
109 2 2008
267 289 2008
267 268 2008
94 290 2008
94 291 2008
94 292 2008
293 185 2008
174 185 2008
174 201 2008
174 183 2008
294 295 2008
296 297 2008
296 298 2008
296 202 2008
299 284 2008
300 301 2008
302 303 2008
304 271 2008
304 170 2008
304 175 2008
274 203 2008
274 204 2008
305 306 2008
307 308 2008
170 200 2008
170 137 2008
170 169 2008
170 271 2008
170 272 2008
170 273 2008
170 171 2008
170 175 2008
309 310 2008
311 312 2008
311 313 2008
2 160 2008
227 314 2008
227 315 2008
227 316 2008
176 317 2008
176 167 2008
176 186 2008
176 187 2008
176 197 2008
176 236 2008
279 250 2008
173 318 2008
173 319 2008
320 321 2008
290 292 2008
322 323 2008
316 244 2008
316 207 2008
316 324 2008
306 325 2008
306 3 2008
326 222 2008
326 327 2008
326 36 2008
44 328 2008
329 247 2008
329 330 2008
331 332 2008
333 334 2008
335 9 2008
177 178 2008
177 298 2008
177 183 2008
177 336 2008
31 134 2008
337 178 2008
337 183 2008
338 216 2008
339 268 2008
340 341 2008
342 343 2008
3 325 2008
344 345 2008
344 346 2008
344 347 2008
348 57 2008
348 349 2008
350 351 2008
350 352 2008
179 353 2008
179 180 2008
181 252 2008
181 354 2008
181 253 2008
319 355 2008
356 9 2008
356 357 2008
241 238 2008
241 239 2008
241 240 2008
241 104 2008
241 203 2008
241 204 2008
336 298 2008
183 178 2008
358 359 2008
184 185 2008
360 160 2008
317 167 2008
361 15 2008
164 362 2008
238 239 2008
238 240 2008
238 104 2008
238 203 2008
238 204 2008
363 364 2008
289 280 2008
289 268 2008
166 167 2008
166 186 2008
166 187 2008
166 197 2008
365 366 2008
365 367 2008
240 239 2008
240 104 2008
240 203 2008
240 204 2008
368 369 2008
368 370 2008
269 11 2008
371 372 2008
373 374 2008
374 375 2008
178 298 2008
182 376 2008
276 275 2008
276 185 2008
276 201 2008
377 298 2008
377 202 2008
280 285 2008
280 286 2008
271 200 2008
271 137 2008
271 169 2008
271 272 2008
271 273 2008
271 175 2008
271 171 2008
186 167 2008
186 187 2008
186 197 2008
186 236 2008
248 247 2008
378 379 2008
378 380 2008
378 315 2008
378 381 2008
378 355 2008
378 382 2008
378 245 2008
378 383 2008
384 385 2008
78 386 2008
78 387 2008
147 76 2008
147 282 2008
388 343 2008
175 272 2008
389 390 2008
389 375 2008
390 375 2008
343 391 2008
343 392 2008
188 189 2008
188 218 2008
188 190 2008
393 222 2008
394 197 2008
345 346 2008
345 347 2008
346 347 2008
391 193 2008
391 195 2008
391 196 2008
391 233 2008
391 392 2008
391 395 2008
245 355 2008
245 244 2008
245 383 2008
245 324 2008
396 397 2008
396 398 2008
369 370 2008
399 400 2008
401 402 2008
285 284 2008
285 286 2008
285 287 2008
285 288 2008
286 284 2008
286 287 2008
286 288 2008
287 284 2008
287 288 2008
383 355 2008
403 404 2008
252 354 2008
355 381 2008
355 372 2008
226 228 2008
226 230 2008
380 382 2008
380 315 2008
380 379 2008
137 200 2008
137 272 2008
137 169 2008
137 273 2008
137 171 2008
224 198 2008
224 259 2008
224 263 2008
224 199 2008
224 405 2008
191 192 2008
193 194 2008
193 195 2008
193 196 2008
395 233 2008
395 196 2008
312 313 2008
101 29 2008
262 263 2008
262 259 2008
263 259 2008
263 387 2008
263 405 2008
405 259 2008
405 387 2008
314 315 2008
330 247 2008
330 406 2008
367 366 2008
197 167 2008
197 187 2008
197 236 2008
198 256 2008
198 199 2008
387 259 2008
230 372 2008
230 228 2008
230 229 2008
407 357 2008
407 408 2008
104 239 2008
104 203 2008
104 204 2008
409 410 2008
297 298 2008
185 201 2008
167 187 2008
222 327 2008
222 36 2008
372 229 2008
315 379 2008
169 200 2008
169 272 2008
169 273 2008
169 171 2008
36 327 2008
171 200 2008
171 272 2008
171 273 2008
382 379 2008
273 200 2008
273 272 2008
236 187 2008
199 256 2008
195 196 2008
196 194 2008
196 233 2008
397 398 2008
201 202 2008
411 194 2008
288 284 2008
412 413 2008
408 357 2008
298 202 2008
67 398 2008
239 203 2008
239 204 2008
272 200 2008
92 414 2008
415 9 2008
203 204 2008
189 190 2008
416 417 2009
418 419 2009
420 421 2009
422 423 2009
10 11 2009
125 201 2009
283 286 2009
424 425 2009
426 427 2009
322 323 2009
44 360 2009
329 247 2009
329 428 2009
58 57 2009
269 429 2009
321 430 2009
431 432 2009
263 259 2009
0 277 2009
114 36 2009
433 434 2009
195 196 2009
213 435 2009
213 214 2009
213 436 2009
211 215 2009
215 164 2009
215 163 2009
215 201 2009
225 418 2009
225 229 2009
225 230 2009
217 189 2009
217 190 2009
217 188 2009
161 162 2009
161 234 2009
418 314 2009
418 419 2009
418 437 2009
231 232 2009
231 195 2009
231 196 2009
234 162 2009
251 252 2009
251 181 2009
251 254 2009
232 195 2009
232 196 2009
438 38 2009
438 439 2009
261 247 2009
261 263 2009
261 440 2009
261 259 2009
254 181 2009
252 181 2009
391 193 2009
391 233 2009
391 195 2009
391 395 2009
391 196 2009
265 264 2009
441 410 2009
442 443 2009
422 444 2009
422 423 2009
10 269 2009
10 11 2009
12 18 2009
12 73 2009
180 179 2009
172 368 2009
163 164 2009
163 174 2009
163 201 2009
163 445 2009
67 57 2009
67 58 2009
125 174 2009
125 298 2009
125 201 2009
125 185 2009
125 177 2009
283 285 2009
283 286 2009
283 295 2009
283 287 2009
446 378 2009
278 250 2009
293 174 2009
293 201 2009
293 185 2009
293 276 2009
293 338 2009
174 178 2009
174 183 2009
174 185 2009
174 201 2009
174 202 2009
174 337 2009
198 199 2009
198 224 2009
198 447 2009
319 355 2009
319 372 2009
448 449 2009
228 226 2009
228 230 2009
396 450 2009
437 314 2009
437 419 2009
176 167 2009
347 346 2009
173 318 2009
322 323 2009
322 451 2009
316 244 2009
316 207 2009
316 245 2009
452 453 2009
329 247 2009
329 428 2009
329 330 2009
177 164 2009
177 184 2009
177 298 2009
337 183 2009
337 178 2009
338 216 2009
338 201 2009
338 202 2009
382 378 2009
382 380 2009
454 455 2009
454 70 2009
454 313 2009
454 340 2009
340 313 2009
340 70 2009
340 455 2009
230 226 2009
230 229 2009
344 345 2009
348 57 2009
348 349 2009
348 456 2009
348 58 2009
419 314 2009
183 178 2009
183 185 2009
183 276 2009
183 201 2009
457 46 2009
88 458 2009
88 459 2009
88 62 2009
88 0 2009
460 461 2009
460 462 2009
463 359 2009
70 313 2009
70 455 2009
38 439 2009
58 57 2009
186 187 2009
368 355 2009
368 378 2009
368 381 2009
459 62 2009
269 11 2009
273 272 2009
273 171 2009
324 245 2009
371 165 2009
214 435 2009
214 436 2009
287 285 2009
287 286 2009
207 245 2009
276 185 2009
248 247 2009
248 464 2009
378 380 2009
378 355 2009
378 381 2009
192 191 2009
166 314 2009
445 286 2009
445 465 2009
78 386 2009
435 436 2009
455 313 2009
389 390 2009
343 392 2009
188 189 2009
188 218 2009
188 190 2009
345 346 2009
423 444 2009
466 277 2009
245 244 2009
245 206 2009
193 194 2009
193 195 2009
193 196 2009
286 284 2009
286 467 2009
286 285 2009
286 280 2009
383 229 2009
383 165 2009
285 284 2009
285 280 2009
321 430 2009
355 372 2009
355 381 2009
431 432 2009
468 169 2009
224 199 2009
224 447 2009
395 233 2009
395 196 2009
18 73 2009
464 469 2009
464 470 2009
440 247 2009
440 263 2009
440 259 2009
263 247 2009
263 259 2009
263 387 2009
199 447 2009
330 247 2009
330 428 2009
247 259 2009
247 428 2009
0 458 2009
0 62 2009
458 62 2009
387 259 2009
185 201 2009
185 298 2009
169 272 2009
171 272 2009
195 196 2009
196 194 2009
196 233 2009
196 411 2009
201 298 2009
201 164 2009
201 202 2009
165 450 2009
165 229 2009
462 461 2009
402 202 2009
280 467 2009
411 194 2009
189 190 2009
471 472 2010
473 474 2010
475 476 2010
477 478 2010
479 480 2010
255 354 2010
257 351 2010
257 314 2010
265 200 2010
481 482 2010
12 18 2010
12 73 2010
483 484 2010
172 382 2010
485 486 2010
426 427 2010
323 487 2010
488 489 2010
490 491 2010
338 467 2010
492 493 2010
463 359 2010
58 57 2010
188 189 2010
403 351 2010
403 298 2010
431 432 2010
18 73 2010
314 351 2010
266 268 2010
494 495 2010
496 497 2010
208 201 2010
225 226 2010
225 418 2010
225 206 2010
418 226 2010
418 419 2010
418 230 2010
234 162 2010
420 421 2010
476 427 2010
498 477 2010
498 499 2010
477 478 2010
500 501 2010
478 268 2010
232 195 2010
232 411 2010
391 233 2010
391 196 2010
265 264 2010
265 502 2010
260 343 2010
260 259 2010
481 444 2010
10 503 2010
10 11 2010
12 18 2010
12 73 2010
180 122 2010
180 179 2010
172 372 2010
172 381 2010
504 457 2010
125 201 2010
125 185 2010
125 276 2010
125 174 2010
283 286 2010
446 319 2010
446 505 2010
485 486 2010
416 417 2010
424 425 2010
174 201 2010
506 287 2010
426 427 2010
319 355 2010
263 387 2010
263 259 2010
308 307 2010
507 508 2010
509 510 2010
198 199 2010
250 264 2010
329 247 2010
329 428 2010
329 330 2010
177 467 2010
31 511 2010
382 380 2010
3 175 2010
348 57 2010
179 122 2010
184 467 2010
88 62 2010
463 359 2010
58 57 2010
368 381 2010
395 233 2010
395 392 2010
324 371 2010
512 513 2010
287 284 2010
287 276 2010
287 268 2010
207 206 2010
207 245 2010
276 284 2010
276 185 2010
514 386 2010
445 163 2010
515 516 2010
345 346 2010
193 194 2010
193 196 2010
517 518 2010
285 286 2010
285 280 2010
285 467 2010
286 280 2010
286 467 2010
519 520 2010
321 430 2010
355 381 2010
380 378 2010
431 432 2010
468 169 2010
224 447 2010
318 372 2010
521 513 2010
18 73 2010
464 469 2010
464 513 2010
503 522 2010
503 410 2010
330 247 2010
330 428 2010
247 428 2010
277 62 2010
280 467 2010
372 381 2010
171 272 2010
433 434 2010
195 411 2010
195 196 2010
201 216 2010
522 154 2010
522 410 2010
298 202 2010
266 268 2010
310 309 2010
216 202 2010
523 524 2011
481 482 2011
504 191 2011
525 526 2011
525 527 2011
526 527 2011
509 510 2011
528 529 2011
530 531 2011
532 533 2011
534 535 2011
358 277 2011
471 472 2011
536 537 2011
431 432 2011
538 539 2011
540 541 2011
430 321 2011
542 543 2011
544 545 2011
546 547 2011
473 474 2011
473 330 2011
208 174 2011
208 92 2011
208 201 2011
208 445 2011
548 549 2011
213 550 2011
213 115 2011
211 551 2011
211 552 2011
215 185 2011
215 174 2011
215 216 2011
215 201 2011
215 445 2011
215 163 2011
553 554 2011
555 556 2011
557 558 2011
217 189 2011
217 190 2011
217 218 2011
217 309 2011
217 188 2011
396 230 2011
559 560 2011
418 330 2011
418 371 2011
418 419 2011
418 225 2011
418 226 2011
418 316 2011
418 230 2011
561 354 2011
561 220 2011
561 106 2011
561 562 2011
231 232 2011
231 195 2011
231 411 2011
234 162 2011
475 563 2011
476 564 2011
205 503 2011
205 429 2011
565 566 2011
567 286 2011
568 331 2011
569 527 2011
570 571 2011
572 573 2011
572 264 2011
572 265 2011
574 575 2011
465 401 2011
235 37 2011
235 391 2011
576 487 2011
576 577 2011
578 579 2011
477 478 2011
499 580 2011
499 196 2011
500 309 2011
581 582 2011
479 480 2011
583 584 2011
251 252 2011
251 181 2011
585 586 2011
587 472 2011
255 588 2011
255 257 2011
255 540 2011
232 195 2011
232 196 2011
232 265 2011
232 411 2011
232 391 2011
261 263 2011
261 259 2011
261 139 2011
257 588 2011
257 540 2011
254 589 2011
254 590 2011
252 484 2011
252 181 2011
391 233 2011
391 511 2011
391 411 2011
391 395 2011
265 591 2011
265 195 2011
265 264 2011
260 592 2011
260 593 2011
481 444 2011
481 482 2011
594 423 2011
595 596 2011
595 423 2011
597 598 2011
10 573 2011
12 73 2011
180 80 2011
180 122 2011
599 600 2011
172 355 2011
172 378 2011
172 382 2011
172 368 2011
172 419 2011
502 264 2011
502 601 2011
502 250 2011
602 319 2011
603 604 2011
67 317 2011
67 343 2011
125 174 2011
125 298 2011
125 202 2011
283 184 2011
283 295 2011
283 285 2011
283 286 2011
283 605 2011
283 280 2011
606 346 2011
606 607 2011
608 609 2011
608 610 2011
608 564 2011
611 612 2011
613 614 2011
615 8 2011
281 463 2011
281 616 2011
617 618 2011
485 486 2011
619 620 2011
621 349 2011
622 623 2011
624 507 2011
625 162 2011
626 579 2011
626 505 2011
416 627 2011
416 417 2011
424 628 2011
424 425 2011
174 178 2011
174 185 2011
174 276 2011
174 298 2011
174 201 2011
174 295 2011
174 202 2011
174 163 2011
198 199 2011
198 277 2011
506 629 2011
506 630 2011
426 427 2011
319 378 2011
319 368 2011
319 173 2011
319 355 2011
319 372 2011
631 355 2011
631 372 2011
300 632 2011
300 474 2011
263 350 2011
263 512 2011
263 259 2011
263 387 2011
263 139 2011
633 339 2011
634 403 2011
126 57 2011
126 348 2011
635 469 2011
635 636 2011
637 638 2011
639 640 2011
639 600 2011
641 250 2011
642 186 2011
170 171 2011
643 644 2011
643 645 2011
610 564 2011
225 244 2011
225 206 2011
225 229 2011
225 316 2011
225 371 2011
225 230 2011
646 647 2011
646 648 2011
646 649 2011
509 510 2011
650 651 2011
652 653 2011
652 654 2011
654 653 2011
173 372 2011
320 321 2011
316 244 2011
316 207 2011
655 656 2011
657 658 2011
657 659 2011
660 661 2011
250 264 2011
250 601 2011
452 137 2011
329 248 2011
329 73 2011
329 330 2011
329 464 2011
662 0 2011
331 57 2011
488 663 2011
490 664 2011
490 665 2011
666 534 2011
664 665 2011
387 259 2011
387 139 2011
177 338 2011
177 202 2011
177 298 2011
177 280 2011
177 184 2011
31 361 2011
31 313 2011
31 511 2011
337 457 2011
338 201 2011
338 184 2011
338 298 2011
338 467 2011
338 202 2011
338 445 2011
338 163 2011
382 380 2011
382 378 2011
382 667 2011
382 381 2011
382 368 2011
382 355 2011
668 414 2011
342 343 2011
230 371 2011
230 229 2011
230 226 2011
669 670 2011
3 350 2011
344 345 2011
344 346 2011
344 347 2011
671 598 2011
671 339 2011
493 672 2011
92 487 2011
92 577 2011
179 673 2011
564 609 2011
674 264 2011
162 182 2011
675 676 2011
577 487 2011
419 355 2011
419 378 2011
419 368 2011
663 489 2011
358 62 2011
677 397 2011
677 450 2011
184 285 2011
184 286 2011
678 584 2011
679 680 2011
317 397 2011
317 343 2011
487 681 2011
361 313 2011
682 683 2011
682 684 2011
644 645 2011
685 392 2011
471 472 2011
417 627 2011
517 518 2011
463 348 2011
686 687 2011
688 689 2011
688 434 2011
122 80 2011
122 404 2011
58 57 2011
58 371 2011
58 324 2011
58 690 2011
271 484 2011
368 380 2011
368 378 2011
368 355 2011
368 372 2011
163 445 2011
163 201 2011
691 692 2011
691 543 2011
324 371 2011
324 245 2011
512 588 2011
512 521 2011
371 343 2011
371 244 2011
371 245 2011
693 694 2011
178 185 2011
178 276 2011
178 298 2011
178 295 2011
178 695 2011
182 376 2011
207 206 2011
207 245 2011
505 696 2011
276 185 2011
276 295 2011
697 343 2011
695 698 2011
695 185 2011
445 201 2011
439 386 2011
439 699 2011
439 171 2011
78 246 2011
78 386 2011
700 195 2011
700 196 2011
701 389 2011
701 702 2011
701 703 2011
704 705 2011
395 233 2011
389 703 2011
389 706 2011
598 579 2011
372 378 2011
372 355 2011
343 392 2011
343 707 2011
188 189 2011
188 190 2011
345 346 2011
345 347 2011
708 709 2011
710 412 2011
423 596 2011
245 206 2011
245 244 2011
139 259 2011
57 605 2011
57 348 2011
57 277 2011
193 196 2011
193 194 2011
193 411 2011
667 378 2011
667 380 2011
244 206 2011
467 285 2011
285 284 2011
285 286 2011
285 280 2011
286 284 2011
286 280 2011
711 712 2011
711 1 2011
533 694 2011
404 403 2011
264 601 2011
355 378 2011
355 713 2011
605 714 2011
605 450 2011
605 295 2011
605 349 2011
605 348 2011
715 716 2011
707 717 2011
707 718 2011
717 518 2011
717 718 2011
719 411 2011
648 647 2011
648 649 2011
692 543 2011
380 378 2011
720 721 2011
386 246 2011
431 432 2011
722 723 2011
592 593 2011
724 725 2011
726 727 2011
728 433 2011
521 588 2011
287 268 2011
464 469 2011
729 730 2011
503 429 2011
731 732 2011
330 248 2011
0 402 2011
0 216 2011
462 543 2011
462 461 2011
462 733 2011
1 734 2011
277 348 2011
735 736 2011
737 738 2011
689 433 2011
689 434 2011
727 491 2011
185 298 2011
185 295 2011
739 740 2011
114 741 2011
647 649 2011
571 742 2011
743 248 2011
744 413 2011
580 196 2011
745 746 2011
195 196 2011
195 411 2011
196 194 2011
196 604 2011
196 411 2011
397 450 2011
201 216 2011
201 202 2011
259 550 2011
430 321 2011
604 411 2011
298 202 2011
339 309 2011
266 268 2011
83 687 2011
747 748 2011
494 495 2011
349 348 2011
749 741 2011
750 295 2011
411 194 2011
461 543 2011
651 751 2011
752 537 2011
392 233 2011
310 309 2011
189 218 2011
189 190 2011
190 218 2011
402 216 2011
402 202 2011
216 202 2011
751 748 2011
753 105 2011
754 324 2012
283 285 2012
419 172 2012
755 756 2012
691 543 2012
757 547 2012
546 547 2012
758 163 2012
758 201 2012
758 552 2012
557 759 2012
508 507 2012
217 626 2012
760 761 2012
426 427 2012
465 289 2012
762 624 2012
762 633 2012
762 756 2012
763 724 2012
764 125 2012
765 324 2012
754 371 2012
754 324 2012
754 244 2012
766 630 2012
767 590 2012
768 248 2012
769 770 2012
481 482 2012
540 541 2012
125 174 2012
125 201 2012
283 285 2012
283 286 2012
283 280 2012
283 771 2012
606 696 2012
589 759 2012
615 680 2012
759 246 2012
771 285 2012
771 286 2012
771 280 2012
622 623 2012
624 756 2012
174 178 2012
174 185 2012
174 276 2012
174 298 2012
174 201 2012
174 665 2012
506 629 2012
319 631 2012
319 172 2012
319 372 2012
319 173 2012
631 372 2012
507 733 2012
509 510 2012
173 172 2012
530 529 2012
530 531 2012
322 323 2012
532 533 2012
490 664 2012
490 665 2012
664 665 2012
772 726 2012
177 298 2012
177 773 2012
382 380 2012
382 166 2012
230 324 2012
534 535 2012
774 665 2012
419 172 2012
682 775 2012
471 472 2012
368 355 2012
163 201 2012
163 445 2012
691 543 2012
324 371 2012
665 178 2012
665 298 2012
665 726 2012
665 727 2012
178 298 2012
178 776 2012
505 696 2012
276 201 2012
536 537 2012
280 285 2012
280 286 2012
514 777 2012
166 378 2012
445 201 2012
78 386 2012
501 467 2012
529 531 2012
773 298 2012
285 286 2012
286 284 2012
711 1 2012
226 371 2012
726 727 2012
266 268 2012
542 543 2012
542 461 2012
543 461 2012
372 355 2013
372 631 2013
758 552 2013
316 244 2013
316 206 2013
316 778 2013
418 779 2013
418 230 2013
780 630 2013
490 664 2013
490 726 2013
490 774 2013
490 734 2013
177 467 2013
177 773 2013
781 174 2013
781 298 2013
781 185 2013
781 782 2013
338 178 2013
338 202 2013
783 766 2013
783 630 2013
783 296 2013
770 769 2013
244 754 2013
244 784 2013
201 163 2013
201 185 2013
201 445 2013
382 355 2013
285 286 2013
286 283 2013
286 280 2013
286 771 2013
230 371 2013
230 229 2013
230 324 2013
230 765 2013
498 478 2013
280 283 2013
696 626 2013
696 785 2013
762 507 2013
623 622 2013
774 726 2013
774 734 2013
733 461 2013
765 779 2013
765 371 2013
765 324 2013
754 324 2013
754 371 2013
419 355 2013
419 172 2013
355 631 2013
355 172 2013
266 268 2013
779 371 2013
289 163 2013
289 626 2013
786 622 2013
380 378 2013
542 691 2013
465 680 2013
163 445 2013
319 368 2013
324 371 2013
756 507 2013
125 298 2013
589 759 2013
726 727 2013
185 174 2013
185 295 2013
185 178 2013
174 295 2013
174 276 2013
607 505 2013
178 298 2013
178 202 2013
276 295 2013
298 202 2013
507 461 2013
