235 0.03396029258098221
239 0.017241379310344862
203 0.016196447230929945
133 0.015151515151515138
31 0.014629049111807735
245 0.014629049111807735
328 0.01253918495297801
210 0.012016718913270608
233 0.012016718913270608
269 0.011494252873563204
170 0.010971786833855801
134 0.010449320794148398
249 0.010449320794148398
114 0.009926854754440995
178 0.009926854754440995
238 0.009926854754440995
247 0.009926854754440995
252 0.009926854754440995
42 0.009404388714733591
138 0.009404388714733591
422 0.009404388714733591
37 0.008881922675026077
150 0.008881922675026077
205 0.008881922675026077
396 0.008881922675026077
415 0.008881922675026077
436 0.008881922675026077
132 0.008359456635318674
231 0.008359456635318674
232 0.008359456635318674
237 0.008359456635318674
258 0.008359456635318674
260 0.008359456635318674
261 0.008359456635318674
262 0.008359456635318674
268 0.008359456635318674
339 0.008359456635318674
340 0.008359456635318674
393 0.008359456635318674
423 0.008359456635318674
111 0.00783699059561127
266 0.00783699059561127
354 0.00783699059561127
355 0.00783699059561127
443 0.00783699059561127
227 0.007314524555903867
228 0.007314524555903867
267 0.007314524555903867
411 0.007314524555903867
421 0.007314524555903867
30 0.006792058516196464
34 0.006792058516196464
35 0.006792058516196464
47 0.006792058516196464
144 0.006792058516196464
146 0.006792058516196464
148 0.006792058516196464
152 0.006792058516196464
226 0.006792058516196464
250 0.006792058516196464
257 0.006792058516196464
338 0.006792058516196464
349 0.006792058516196464
391 0.006792058516196464
398 0.006792058516196464
399 0.006792058516196464
401 0.006792058516196464
413 0.006792058516196464
434 0.006792058516196464
444 0.006792058516196464
41 0.006269592476489061
105 0.006269592476489061
116 0.006269592476489061
137 0.006269592476489061
156 0.006269592476489061
191 0.006269592476489061
199 0.006269592476489061
206 0.006269592476489061
211 0.006269592476489061
219 0.006269592476489061
259 0.006269592476489061
263 0.006269592476489061
264 0.006269592476489061
265 0.006269592476489061
334 0.006269592476489061
407 0.006269592476489061
54 0.005747126436781658
125 0.005747126436781658
142 0.005747126436781658
157 0.005747126436781658
173 0.005747126436781658
192 0.005747126436781658
217 0.005747126436781658
251 0.005747126436781658
254 0.005747126436781658
286 0.005747126436781658
323 0.005747126436781658
392 0.005747126436781658
403 0.005747126436781658
408 0.005747126436781658
412 0.005747126436781658
420 0.005747126436781658
424 0.005747126436781658
33 0.005224660397074143
38 0.005224660397074143
40 0.005224660397074143
45 0.005224660397074143
48 0.005224660397074143
51 0.005224660397074143
99 0.005224660397074143
110 0.005224660397074143
112 0.005224660397074143
131 0.005224660397074143
145 0.005224660397074143
147 0.005224660397074143
151 0.005224660397074143
161 0.005224660397074143
166 0.005224660397074143
198 0.005224660397074143
234 0.005224660397074143
287 0.005224660397074143
294 0.005224660397074143
296 0.005224660397074143
330 0.005224660397074143
409 0.005224660397074143
414 0.005224660397074143
418 0.005224660397074143
419 0.005224660397074143
425 0.005224660397074143
431 0.005224660397074143
43 0.00470219435736674
44 0.00470219435736674
46 0.00470219435736674
113 0.00470219435736674
115 0.00470219435736674
117 0.00470219435736674
139 0.00470219435736674
141 0.00470219435736674
149 0.00470219435736674
154 0.00470219435736674
164 0.00470219435736674
165 0.00470219435736674
220 0.00470219435736674
240 0.00470219435736674
273 0.00470219435736674
274 0.00470219435736674
293 0.00470219435736674
298 0.00470219435736674
309 0.00470219435736674
312 0.00470219435736674
321 0.00470219435736674
332 0.00470219435736674
350 0.00470219435736674
351 0.00470219435736674
352 0.00470219435736674
387 0.00470219435736674
397 0.00470219435736674
406 0.00470219435736674
410 0.00470219435736674
428 0.00470219435736674
32 0.004179728317659337
53 0.004179728317659337
56 0.004179728317659337
104 0.004179728317659337
106 0.004179728317659337
135 0.004179728317659337
160 0.004179728317659337
162 0.004179728317659337
175 0.004179728317659337
176 0.004179728317659337
209 0.004179728317659337
291 0.004179728317659337
314 0.004179728317659337
329 0.004179728317659337
331 0.004179728317659337
344 0.004179728317659337
347 0.004179728317659337
370 0.004179728317659337
388 0.004179728317659337
389 0.004179728317659337
395 0.004179728317659337
400 0.004179728317659337
427 0.004179728317659337
438 0.004179728317659337
21 0.0036572622779519337
94 0.0036572622779519337
107 0.0036572622779519337
109 0.0036572622779519337
122 0.0036572622779519337
163 0.0036572622779519337
168 0.0036572622779519337
169 0.0036572622779519337
216 0.0036572622779519337
236 0.0036572622779519337
246 0.0036572622779519337
281 0.0036572622779519337
290 0.0036572622779519337
295 0.0036572622779519337
336 0.0036572622779519337
342 0.0036572622779519337
429 0.0036572622779519337
432 0.0036572622779519337
433 0.0036572622779519337
3 0.0031347962382445305
8 0.0031347962382445305
10 0.0031347962382445305
39 0.0031347962382445305
50 0.0031347962382445305
52 0.0031347962382445305
55 0.0031347962382445305
57 0.0031347962382445305
68 0.0031347962382445305
69 0.0031347962382445305
76 0.0031347962382445305
77 0.0031347962382445305
80 0.0031347962382445305
98 0.0031347962382445305
100 0.0031347962382445305
108 0.0031347962382445305
118 0.0031347962382445305
119 0.0031347962382445305
120 0.0031347962382445305
121 0.0031347962382445305
136 0.0031347962382445305
140 0.0031347962382445305
159 0.0031347962382445305
179 0.0031347962382445305
185 0.0031347962382445305
194 0.0031347962382445305
201 0.0031347962382445305
212 0.0031347962382445305
214 0.0031347962382445305
215 0.0031347962382445305
230 0.0031347962382445305
248 0.0031347962382445305
275 0.0031347962382445305
289 0.0031347962382445305
303 0.0031347962382445305
310 0.0031347962382445305
313 0.0031347962382445305
324 0.0031347962382445305
327 0.0031347962382445305
353 0.0031347962382445305
356 0.0031347962382445305
360 0.0031347962382445305
361 0.0031347962382445305
367 0.0031347962382445305
368 0.0031347962382445305
371 0.0031347962382445305
381 0.0031347962382445305
382 0.0031347962382445305
394 0.0031347962382445305
417 0.0031347962382445305
426 0.0031347962382445305
439 0.0031347962382445305
441 0.0031347962382445305
4 0.0026123301985371272
5 0.0026123301985371272
7 0.0026123301985371272
13 0.0026123301985371272
25 0.0026123301985371272
26 0.0026123301985371272
27 0.0026123301985371272
28 0.0026123301985371272
29 0.0026123301985371272
36 0.0026123301985371272
79 0.0026123301985371272
81 0.0026123301985371272
88 0.0026123301985371272
90 0.0026123301985371272
93 0.0026123301985371272
97 0.0026123301985371272
124 0.0026123301985371272
127 0.0026123301985371272
143 0.0026123301985371272
155 0.0026123301985371272
172 0.0026123301985371272
193 0.0026123301985371272
195 0.0026123301985371272
200 0.0026123301985371272
213 0.0026123301985371272
225 0.0026123301985371272
253 0.0026123301985371272
255 0.0026123301985371272
256 0.0026123301985371272
276 0.0026123301985371272
278 0.0026123301985371272
279 0.0026123301985371272
280 0.0026123301985371272
292 0.0026123301985371272
299 0.0026123301985371272
302 0.0026123301985371272
311 0.0026123301985371272
315 0.0026123301985371272
322 0.0026123301985371272
325 0.0026123301985371272
333 0.0026123301985371272
335 0.0026123301985371272
337 0.0026123301985371272
345 0.0026123301985371272
346 0.0026123301985371272
348 0.0026123301985371272
369 0.0026123301985371272
376 0.0026123301985371272
378 0.0026123301985371272
386 0.0026123301985371272
402 0.0026123301985371272
404 0.0026123301985371272
405 0.0026123301985371272
416 0.0026123301985371272
430 0.0026123301985371272
440 0.0026123301985371272
442 0.0026123301985371272
6 0.002089864158829724
9 0.002089864158829724
12 0.002089864158829724
14 0.002089864158829724
18 0.002089864158829724
19 0.002089864158829724
20 0.002089864158829724
22 0.002089864158829724
23 0.002089864158829724
24 0.002089864158829724
49 0.002089864158829724
58 0.002089864158829724
59 0.002089864158829724
60 0.002089864158829724
61 0.002089864158829724
62 0.002089864158829724
65 0.002089864158829724
66 0.002089864158829724
67 0.002089864158829724
70 0.002089864158829724
71 0.002089864158829724
72 0.002089864158829724
82 0.002089864158829724
86 0.002089864158829724
87 0.002089864158829724
89 0.002089864158829724
103 0.002089864158829724
123 0.002089864158829724
126 0.002089864158829724
181 0.002089864158829724
184 0.002089864158829724
188 0.002089864158829724
189 0.002089864158829724
190 0.002089864158829724
196 0.002089864158829724
197 0.002089864158829724
204 0.002089864158829724
218 0.002089864158829724
224 0.002089864158829724
241 0.002089864158829724
272 0.002089864158829724
283 0.002089864158829724
285 0.002089864158829724
288 0.002089864158829724
304 0.002089864158829724
307 0.002089864158829724
317 0.002089864158829724
318 0.002089864158829724
326 0.002089864158829724
343 0.002089864158829724
358 0.002089864158829724
359 0.002089864158829724
363 0.002089864158829724
375 0.002089864158829724
379 0.002089864158829724
383 0.002089864158829724
435 0.002089864158829724
0 0.0015673981191222097
1 0.0015673981191222097
2 0.0015673981191222097
11 0.0015673981191222097
15 0.0015673981191222097
16 0.0015673981191222097
63 0.0015673981191222097
64 0.0015673981191222097
73 0.0015673981191222097
74 0.0015673981191222097
78 0.0015673981191222097
83 0.0015673981191222097
85 0.0015673981191222097
91 0.0015673981191222097
96 0.0015673981191222097
153 0.0015673981191222097
158 0.0015673981191222097
177 0.0015673981191222097
182 0.0015673981191222097
187 0.0015673981191222097
202 0.0015673981191222097
207 0.0015673981191222097
208 0.0015673981191222097
229 0.0015673981191222097
244 0.0015673981191222097
270 0.0015673981191222097
271 0.0015673981191222097
301 0.0015673981191222097
305 0.0015673981191222097
306 0.0015673981191222097
316 0.0015673981191222097
362 0.0015673981191222097
365 0.0015673981191222097
366 0.0015673981191222097
374 0.0015673981191222097
384 0.0015673981191222097
385 0.0015673981191222097
17 0.0010449320794148065
75 0.0010449320794148065
84 0.0010449320794148065
92 0.0010449320794148065
95 0.0010449320794148065
101 0.0010449320794148065
102 0.0010449320794148065
128 0.0010449320794148065
129 0.0010449320794148065
130 0.0010449320794148065
167 0.0010449320794148065
171 0.0010449320794148065
174 0.0010449320794148065
180 0.0010449320794148065
183 0.0010449320794148065
186 0.0010449320794148065
221 0.0010449320794148065
222 0.0010449320794148065
223 0.0010449320794148065
242 0.0010449320794148065
243 0.0010449320794148065
277 0.0010449320794148065
282 0.0010449320794148065
284 0.0010449320794148065
297 0.0010449320794148065
300 0.0010449320794148065
308 0.0010449320794148065
319 0.0010449320794148065
320 0.0010449320794148065
341 0.0010449320794148065
357 0.0010449320794148065
364 0.0010449320794148065
372 0.0010449320794148065
373 0.0010449320794148065
377 0.0010449320794148065
380 0.0010449320794148065
390 0.0010449320794148065
437 0.0010449320794148065
--- finished in 45.43061447143555 seconds ---