126.717, 126.541, -1
0, 63889.4, 47454, 63439.1, 47170, -1
1, 13244.9, 14664.1, 13267.1, 14734, -1
2, 0, 0, 0, 0, -1
3, 0, 0, 0, 0, -1
4, 0, 0, 0, 0, -1
5, 0, 0, 0, 0, -1
6, 12833.9, 10963.5, 12837.2, 10961.2, -1
7, 215.359, 225.525, 215.369, 225.525, -1
8, 12456.5, 14447.4, 12495.5, 14531.8, -1
9, 3186.74, 3993.75, 3203.75, 4044.44, -1
10, 3712.7, 9986.42, 3712.82, 9986.47, -1
11, 0, 0, 0, 0, -1
12, 27958.3, 36384.7, 27956.3, 36381.7, -1
13, 0, 0, 0, 0, -1
14, 2.27374e-13, -1.13687e-13, -2.27374e-13, -1.13687e-13, -1
15, 1086.71, 1748.4, 1086.71, 1748.4, -1
16, 14642.1, 14401.2, 14642.4, 14403.4, -1
17, 0, 0, 0, 0, -1
18, 0, 0, 0, 0, -1
19, 22.2607, 171.173, 22.2607, 171.173, -1
20, 0, 0, 0, 0, -1
21, 0, 0, 0, 0, -1
22, 3.12963, 4.54747e-13, 3.12963, 4.54747e-13, -1
23, 4072.39, 9279.18, 4072.51, 9279.02, -1
24, 0, 0, 0, 0, -1
25, 4839.06, 11294.7, 4839.03, 11292.4, -1
26, 1736.5, 4652.2, 1736.35, 4651.65, -1
27, 35868.1, 46997.9, 35886.4, 47021.5, -1
28, 114931, 131593, 114945, 131604, -1
29, 13225.2, 21010.1, 13225.4, 21011.9, -1
30, 0, 0, 0, 0, -1
31, 1, 1, 1, 1, -1
32, 2.27374e-13, -2.27374e-13, 2.27374e-13, -2.27374e-13, -1
33, 11367.7, 10768.6, 11368.7, 10768.7, -1
34, 370.118, 813.233, 370.486, 813.542, -1
35, 25339.4, 35235.5, 25342.1, 35235.9, -1
36, 27100.5, 34657.6, 27103.8, 34660.2, -1
37, 21.578, 10.236, 21.578, 10.236, -1
38, 3853.21, 7115.19, 3853.64, 7114.81, -1
39, 4182.53, 7918.33, 4182.53, 7918.43, -1
40, 0, 0, 0, 0, -1
41, 0, 0, 0, 0, -1
42, 12196.9, 22397.2, 12197.5, 22396.4, -1
43, 1189.74, 3147.66, 1189.74, 3147.66, -1
44, 7593.34, 20483.8, 7593.44, 20483.9, -1
45, 17672.6, 19228.6, 17677.9, 19238.5, -1
46, 194.727, 998.607, 194.751, 998.645, -1
47, 15357, 21541.5, 15356.4, 21541.5, -1
48, 30524, 25960.8, 30532.3, 25968.4, -1
49, 0, 0, 0, 0, -1
50, 0, 0, 0, 0, -1
51, 0, 0, 0, 0, -1
52, 61.2236, 25.7926, 61.2236, 25.7926, -1
53, 12.1352, 5.08402, 12.1356, 5.08453, -1
54, 9530.47, 11810, 9528.03, 11806.9, -1
55, 44.3655, 63.6056, 44.3655, 63.6056, -1
56, 0, 0, 0, 0, -1
57, 0, 0, 0, 0, -1
58, 125, 125, 125, 125, -1
59, 61.6894, 207.79, 61.6812, 207.781, -1
60, 8688.54, 15328.8, 8688.58, 15328.8, -1
61, 0, 0, 0, 0, -1
62, 0, 0, 0, 0, -1
63, 59.9499, 100.385, 59.9499, 100.385, -1
64, 0, 0, 0, 0, -1
65, 0, 0, 0, 0, -1
66, 1599.6, 2189.27, 1599.6, 2189.27, -1
67, 473.556, 933.402, 473.556, 933.402, -1
68, 5561.95, 12484.7, 5562.08, 12484.9, -1
69, 2791.17, 4947.75, 2791.19, 4947.74, -1
70, 0, 0, 0, 0, -1
71, 206.972, 477.585, 206.972, 477.585, -1
72, 35231, 50674.4, 35240.4, 50693.6, -1
73, 2248.52, 3549.54, 2248.58, 3550.54, -1
74, 210.386, 168, 210.386, 168, -1
75, 1907.77, 2202.77, 1907.77, 2202.77, -1
76, 11033.4, 19124.4, 11034.1, 19125.9, -1
77, 4458.04, 4395.47, 4458.04, 4395.47, -1
78, 0, 0, 0, 0, -1
79, 1635.74, 1633, 1635.74, 1633, -1
80, 0, 0, 0, 0, -1
81, 0, 0, 0, 0, -1
82, 0, 0, 0, 0, -1
83, 0, 0, 0, 0, -1
84, 5591.22, 10645.3, 5591.74, 10645.8, -1
85, 0, 0, 0, 0, -1
86, 0, 0, 0, 0, -1
87, 0, 0, 0, 0, -1
88, 569.547, 2169.42, 569.549, 2169.43, -1
89, 8318.43, 4281.59, 8318.88, 4294.17, -1
90, 0.808142, 3.6584, 0.808142, 3.6584, -1
91, 318.424, 202, 318.424, 202, -1
92, 2352.78, 3079.4, 2352.78, 3079.4, -1
93, 0, 0, 0, 0, -1
94, 648.195, 1597.84, 648.202, 1598.12, -1
95, 787.815, 2111.48, 787.81, 2111.48, -1
96, 92.0883, 430.292, 92.0884, 430.292, -1
97, 0, 0, 0, 0, -1
98, 360.744, 757.878, 362.753, 760.678, -1
99, 0.464495, 1.54064, 0.464495, 1.54064, -1
100, 0, 0, 0, 0, -1
101, 9351.62, 19584.9, 9353.35, 19584.9, -1
102, 2154.07, 2458.64, 2154.41, 2459.08, -1
103, 1, 1, 1, 1, -1
104, 0, 0, 0, 0, -1
105, 0, 0, 0, 0, -1
106, 4.88533, 1, 4.88533, 1, -1
107, -1.13687e-13, 0, -1.13687e-13, 0, -1
108, 0, 0, 0, 0, -1
109, 0, 0, 0, 0, -1
110, 1472.51, 1935.14, 1472.51, 1935.14, -1
111, 321.164, 1611.37, 321.193, 1611.37, -1
112, 2021.29, 2914.65, 2021.29, 2914.65, -1
113, 2583.43, 9384.9, 2583.58, 9384.98, -1
114, 1139, 1379.84, 1139, 1379.84, -1
115, 995.343, 996.637, 995.343, 996.637, -1
116, 0, 0, 0, 0, -1
117, 910.679, 2833.42, 910.695, 2833.42, -1
118, 0, 0, 0, 0, -1
119, 81.5263, 197.146, 81.5263, 197.146, -1
120, 0, 0, 0, 0, -1
121, 0, 0, 0, 0, -1
122, 0, 0, 0, 0, -1
123, 892.7, 1348.82, 892.724, 1348.82, -1
124, 80.2293, 98.8153, 80.2443, 98.839, -1
125, 13.698, 9.93871, 13.698, 9.93871, -1
126, 0, 0, 0, 0, -1
127, 99848.2, 105461, 99878.2, 105480, -1
128, 8142.01, 12782.2, 8146.91, 12791.5, -1
129, 507.232, 1703.89, 507.241, 1703.89, -1
130, 0.825643, 0.977782, 0.825643, 0.977782, -1
131, 28.1572, 247.228, 28.1828, 247.228, -1
132, 73.752, 135.996, 73.7521, 135.996, -1
133, 5726.44, 11948.7, 5726.45, 11948.9, -1
134, 0, 0, 0, 0, -1
135, 221.352, 745.679, 221.355, 745.679, -1
136, 6837.95, 14104.2, 6838.11, 14104.2, -1
137, 0.101651, 0.051199, 0.101651, 0.051199, -1
138, 535.935, 712.328, 535.942, 712.328, -1
139, 0, 0, 0, 0, -1
140, 0, 0, 0, 0, -1
141, 8077.7, 20515.8, 8078.8, 20519.3, -1
142, 1.13687e-12, 6.82121e-13, 1.13687e-12, 6.82121e-13, -1
143, 6605.07, 13408.1, 6605.12, 13408.5, -1
144, 14.4513, 29.3366, 14.4513, 29.3366, -1
145, 1296.13, 5198.35, 1296.14, 5198.35, -1
146, 3382.58, 11580, 3382.6, 11580, -1
147, 0, 0, 0, 0, -1
148, 747.994, 299.658, 745.968, 297.524, -1
149, 2470.82, 3989.65, 2470.82, 3989.65, -1
150, 0, 0, 0, 0, -1
151, 3456.22, 3597.85, 3454.22, 3595.85, -1
152, 0, 0, 0, 0, -1
153, 0, 0, 0, 0, -1
154, 35628.9, 43354.2, 35633.3, 43358.4, -1
155, 61.6654, 40.8561, 61.6654, 40.8562, -1
156, 1724.07, 2932.29, 1723.99, 2925.76, -1
157, 0, -4.54747e-13, 0, -4.54747e-13, -1
158, 8737.1, 15268, 8737.24, 15268.1, -1
159, 0, 0, 0, 0, -1
160, 2.68172, 2, 2.68172, 2, -1
161, 1674.27, 1673.01, 1674.27, 1673.01, -1
162, 312.949, 267.388, 312.977, 267.434, -1
163, 1.32161e-12, 2.84217e-14, 1.32161e-12, 2.84217e-14, -1
164, 512.243, 789.464, 512.258, 789.684, -1
165, 90.9543, 21.5798, 90.9543, 21.5798, -1
166, 4784.62, 12094.8, 4785.52, 12097.7, -1
167, 2800.83, 2461.21, 2800.86, 2461.21, -1
168, 0, 0, 0, 0, -1
169, 4720.41, 4335.65, 4735.2, 4346.95, -1
170, 293.949, 95.0162, 294.101, 95.0163, -1
171, 11.2513, 16.2425, 11.2513, 16.2425, -1
172, 77587.6, 103841, 77598.2, 103854, -1
173, 1693.07, 3512.81, 1693.07, 3512.81, -1
174, 3075.93, 2542.79, 3074.61, 2540.41, -1
175, 1250.36, 1188.27, 1250.41, 1188.27, -1
176, 2.27374e-13, 0, 2.27374e-13, 0, -1
177, 0, 0, 0, 0, -1
178, 179.49, 67.2431, 179.49, 67.2431, -1
179, 6275.54, 13036.1, 6276.59, 13038.2, -1
180, 1854.57, 3174.48, 1854.57, 3174.48, -1
181, 0, 0, 0, 0, -1
182, 0, 0, 0, 0, -1
183, -1.70641e-13, 2.84217e-13, -1.70641e-13, 2.84217e-13, -1
184, 0, 4.54747e-13, 2.27374e-13, 4.54747e-13, -1
185, 593.247, 578.149, 593.247, 578.149, -1
186, 14148.6, 19841.9, 14169.8, 19839.4, -1
187, 4263.03, 4913.75, 4254.88, 4901.2, -1
188, 3984.51, 4696.61, 3984.76, 4696.75, -1
189, 0, 0, 0, 0, -1
190, 0, 0, 0, 0, -1
191, 3.64329, 411, 3.64329, 411, -1
192, 1067.17, 3142.05, 1067.21, 3142.22, -1
193, 26.6791, 26.4827, 26.6792, 26.483, -1
194, 2.04636e-12, 0, -9.09495e-13, -4.54747e-13, -1
195, 4.54747e-13, 0, 4.54747e-13, 0, -1
196, 15747.5, 31295.2, 15747.7, 31295.3, -1
197, 24.114, 256.082, 24.114, 256.082, -1
198, 15.6244, 31.647, 15.6244, 31.647, -1
199, 18.8077, 3.65091, 18.8078, 3.65091, -1
200, 613.541, 1718.59, 613.541, 1718.6, -1
201, 660.457, 743.254, 659.875, 743.255, -1
202, 817.558, 1147.49, 817.552, 1147.49, -1
203, 237.692, 259.579, 237.428, 259.579, -1
204, 0, 0, 0, 0, -1
205, 0, 0, 0, 0, -1
206, 0, 0, 0, 0, -1
207, 1188.01, 2357.31, 1188.01, 2357.33, -1
208, 49.2342, 522.984, 49.2342, 522.984, -1
209, 82224.1, 77238, 82229.3, 77245.1, -1
210, 0, 0, 0, 0, -1
211, 0, 0, 0, 0, -1
212, 0, 0, 0, 0, -1
213, 1309.92, 1673.24, 1310.05, 1673.24, -1
214, 0, 0, 0, 0, -1
215, 1442.92, 2552.46, 1444.12, 2554.85, -1
216, -6.82121e-13, 0, -6.82121e-13, 0, -1
217, 291.736, 926.115, 291.736, 926.115, -1
218, 2912.97, 3201.43, 2910.82, 3199.19, -1
219, 0, 0, 0, 0, -1
220, 0, 0, 0, 0, -1
221, 0, 0, 0, 0, -1
222, 0, 0, 0, 0, -1
223, 20.8342, 20.432, 20.8342, 20.432, -1
224, 1228.61, 4649.41, 1228.61, 4649.41, -1
225, -6.82121e-13, 2.27374e-13, -2.27374e-13, 1.13687e-13, -1
226, 0, 0, 0, 0, -1
227, 0, 0, 0, 0, -1
228, 0, 0, 0, 0, -1
229, 106.814, 114.609, 106.815, 114.609, -1
230, 13460.9, 17152.4, 13464.6, 17159.8, -1
231, 29445.6, 39479.6, 29452, 39492.4, -1
232, 2616.46, 5119.96, 2616.47, 5120, -1
233, 15.1885, 0.0215269, 15.1885, 0.0215269, -1
234, 7.27502, 4.3597, 7.27502, 4.3597, -1
235, 177.934, 636.931, 177.934, 636.95, -1
236, 120.791, 167.631, 120.791, 167.631, -1
237, 0, 0, 0, 0, -1
238, 0, 0, 0, 0, -1
239, 315.138, 274.162, 316.306, 274.429, -1
240, 35.4857, 93.3863, 35.4857, 93.3863, -1
241, 50.3734, 72.2844, 50.3743, 72.236, -1
242, 7303.04, 14098, 7305.65, 14099.5, -1
243, 0, 0, 0, 0, -1
244, 0, 0, 0, 0, -1
245, 0, 0, 0, 0, -1
246, 27.6076, 12.0704, 27.6078, 12.0704, -1
247, 34717.8, 41790.4, 34720.4, 41790.8, -1
248, 45.0817, 66.7064, 45.0824, 66.7101, -1
249, 387.612, 192.036, 387.668, 192.139, -1
250, 6.82121e-13, -2.27374e-13, 2.27374e-13, -2.27374e-13, -1
251, 1806.3, 3527.23, 1806.31, 3527.26, -1
252, 0, 0, 0, 0, -1
253, 790.641, 2245, 790.641, 2245, -1
254, 898.596, 1233.62, 898.67, 1233.62, -1
255, 2.27374e-13, 2.27374e-13, 2.27374e-13, 0, -1
256, 0, 0, 0, 0, -1
257, 9.12071, 37.9814, 9.12073, 37.9815, -1
258, 1809.85, 2812.13, 1809.9, 2812.12, -1
259, 0, 0, 0, 0, -1
260, 764.362, 576.658, 764.404, 576.662, -1
261, 3388.29, 3637.32, 3388.29, 3637.32, -1
262, 0, 0, 0, 0, -1
263, 77.0942, 202.89, 77.0945, 202.9, -1
264, 0, 0, 0, 0, -1
265, 0, 0, 0, 0, -1
266, 7091.04, 22093.9, 7091.13, 22094, -1
267, 3674.71, 5139.18, 3674.71, 5139.55, -1
268, 6517.01, 7754.5, 6522.36, 7766.85, -1
269, 987.323, 361.964, 987.359, 361.964, -1
270, 4697.59, 11248.8, 4697.54, 11248.6, -1
271, 0, 0, 0, 0, -1
272, 980.329, 2476.51, 980.331, 2476.52, -1
273, 172.679, 254.787, 172.679, 254.787, -1
274, 57.5545, 295.255, 57.5545, 295.255, -1
275, 0, 0, 0, 0, -1
276, 0, 0, 0, 0, -1
277, 0, 0, 0, 0, -1
278, 3528.43, 4408.48, 3517.32, 4393.35, -1
279, 6731.89, 11815.3, 6732.41, 11816.2, -1
280, 6174.48, 14904.3, 6174.61, 14904.3, -1
281, 1081.53, 1086.98, 1081.53, 1086.98, -1
282, 0, 0, 0, 0, -1
283, 0, 0, 0, 0, -1
284, 85.622, 97.8749, 85.622, 97.8749, -1
285, 6515.07, 8029.18, 6513.39, 8028.8, -1
286, 5688.12, 5286.88, 5688.12, 5286.88, -1
287, 16296.1, 35509.5, 16296.3, 35509.8, -1
288, 0, 0, 0, 0, -1
289, 73.698, 615, 73.6987, 615, -1
290, 0, 0, 0, 0, -1
291, 0, 0, 0, 0, -1
292, 0, 0, 0, 0, -1
293, 0.361675, 2.21565, 0.361675, 2.21565, -1
294, 457.803, 3165.93, 457.803, 3165.93, -1
295, 24741.1, 45091.8, 24741.2, 45091.9, -1
296, -5.55112e-17, 0, -5.55112e-17, 0, -1
297, 1, 1.1014, 1, 1.1014, -1
298, 2407.13, 3313.59, 2407.13, 3313.6, -1
299, 0, 0, 0, 0, -1
300, 21465.7, 29725.3, 21477.2, 29733.2, -1
301, 734.352, 2252.42, 734.375, 2252.44, -1
302, 3973.98, 5964.75, 3974.08, 5964.82, -1
303, 2026.65, 3049.64, 2026.65, 3049.64, -1
304, 1308.67, 4458.51, 1308.67, 4458.5, -1
305, 2246.18, 5749.76, 2246.18, 5749.76, -1
306, 304.83, 774.267, 305.058, 776.279, -1
307, 9065.15, 15875.4, 9063.7, 15873.8, -1
308, 21.4707, 5.03457, 21.4707, 5.03457, -1
309, -4.54747e-13, 4.54747e-13, 0, 4.54747e-13, -1
310, 1940.14, 2846.03, 1940.14, 2846.03, -1
311, 0, 0, 0, 0, -1
312, 0, 0, 0, 0, -1
313, 1808.29, 2326.87, 1808.29, 2326.88, -1
314, 0, 0, 0, 0, -1
315, 20.871, 35.3002, 20.8717, 35.3002, -1
316, 0, 0, 0, 0, -1
317, 12114.8, 15340.4, 12110.3, 15336.1, -1
318, 46292.8, 67422.7, 46295.1, 67422.5, -1
319, 940.606, 2195.37, 940.323, 2195.37, -1
320, 0, 0, 0, 0, -1
321, 0, 0, 0, 0, -1
322, 2090.8, 1594.77, 2091.37, 1596.43, -1
323, 1606.94, 3441.28, 1606.95, 3441.28, -1
324, 5268.75, 8249.1, 5268.81, 8249.1, -1
325, 1.7053e-13, 1.42109e-13, 1.7053e-13, -5.68434e-14, -1
326, 0, 0, 0, 0, -1
327, 0, 0, 0, 0, -1
328, 0, 0, 0, 0, -1
329, 2666.36, 8023.74, 2666.58, 8023.93, -1
330, 94.8485, 448.778, 94.8485, 448.778, -1
331, 0, 0, 0, 0, -1
332, 0, 0, 0, 0, -1
333, 852.575, 2909.36, 853.584, 2912.36, -1
334, 0, 0, 0, 0, -1
335, 2.71205, -2.27374e-13, 2.71205, -2.27374e-13, -1
336, 0, 0, 0, 0, -1
337, 4249.76, 6643.1, 4249.77, 6643.12, -1
338, 1.56919, 3.23544, 1.56919, 3.23544, -1
339, 4572.49, 13787, 4572.51, 13787, -1
340, 1.11445, 1.7781, 1.11445, 1.7781, -1
341, 3.24603, 0.413903, 3.24603, 0.413903, -1
342, 0, 0, 0, 0, -1
343, 0, 0, 0, 0, -1
344, 0, 0, 0, 0, -1
345, 1755.19, 2389.21, 1757, 2391.38, -1
346, 141.015, 910.845, 141.015, 910.845, -1
347, 0, 0, 0, 0, -1
348, 4571.29, 4610.97, 4571.44, 4610.97, -1
349, 62.6888, 15, 62.6888, 15, -1
350, -9.09495e-13, -6.25278e-13, -9.09495e-13, -6.25278e-13, -1
351, 0, 0, 0, 0, -1
352, 43.2371, 200.375, 43.2371, 200.375, -1
353, 409.306, 586.019, 409.311, 586.021, -1
354, 0, 0, 0, 0, -1
355, 1884.88, 2388.66, 1884.88, 2388.66, -1
356, 0, 0, 0, 0, -1
357, 90656.2, 80687.1, 90675.1, 80764.9, -1
358, -2.27374e-13, 0, -2.27374e-13, 0, -1
359, 2030.8, 2953.35, 2030.81, 2953.35, -1
360, 1845.66, 2722.35, 1845.67, 2722.35, -1
361, 0, 0, 0, 0, -1
362, 2665.78, 2549.75, 2664.54, 2547.61, -1
363, 12872, 18996.3, 12872.1, 18996.2, -1
364, 20877.3, 35036.1, 20877.3, 35035.9, -1
365, 1307.36, 2394.8, 1307.36, 2394.8, -1
366, 17304.7, 32873.2, 17302.3, 32863.3, -1
367, 11666.9, 20010.2, 11695.4, 20058.9, -1
368, 3018.37, 6545.08, 3018.37, 6545.09, -1
369, 79.9272, 320.209, 79.9272, 320.209, -1
370, 2.29301, 1.63343, 2.29301, 1.63343, -1
371, 0.852229, 0.0050589, 0.852229, 0.0050589, -1
372, 5782.5, 6712.14, 5783.02, 6713.13, -1
373, 0, 0, 0, 0, -1
374, 3741.62, 4595.33, 3745.88, 4603.94, -1
375, 457.991, 768.658, 457.996, 768.672, -1
376, 674.818, 225.952, 674.819, 225.952, -1
377, 2085.5, 3429.02, 2086.21, 3429.02, -1
378, 11299.2, 19867.6, 11303.4, 19867.8, -1
379, 8387.86, 14298.8, 8387.86, 14298.8, -1
380, 0, 0, 0, -2.27374e-13, -1
381, 9.91299, 5.16856, 9.91299, 5.16856, -1
382, 0, 0, 0, 0, -1
383, 0, 0, 0, 0, -1
384, 2076.91, 6587.26, 2076.93, 6587.28, -1
385, 0, 0, 0, 0, -1
386, -1.13687e-13, 3.41061e-13, -1.13687e-13, 2.27374e-13, -1
387, -6.82121e-13, 2.27374e-13, -6.82121e-13, 2.27374e-13, -1
388, 18.2417, 8.30907, 18.2417, 8.30907, -1
389, 1731, 1731.1, 1731, 1731.1, -1
390, 7070.13, 9872.4, 7070.17, 9872.45, -1
391, 0, 0, 0, 0, -1
392, 20630, 29685.5, 20706.6, 29719.3, -1
393, 0, 0, 0, 0, -1
394, 9228.17, 10302.9, 9228.18, 10302.9, -1
395, 5.03164, 2.72596, 5.03164, 2.72596, -1
396, 27557.8, 46189.2, 27555.3, 46178.3, -1
397, 2782.42, 6303.56, 2782.48, 6303.56, -1
398, 2222.92, 3217.22, 2218.85, 3212.22, -1
399, 13.4822, 4.62445, 13.3156, 4.62445, -1
400, 0, 0, 0, 0, -1
401, 5398.58, 8541.96, 5398.7, 8543.13, -1
402, -4.54747e-13, 0, -4.54747e-13, 0, -1
403, 3288.79, 4582.94, 3288.79, 4583.01, -1
404, 2865.19, 3021.26, 2865.19, 3021.26, -1
405, 1098.02, 1990.6, 1098.02, 1990.6, -1
406, 233.164, 364.744, 233.173, 364.744, -1
407, 652.951, 1855.93, 652.953, 1855.91, -1
408, 0, 0, 0, 0, -1
409, 1451.95, 2744.83, 1454.14, 2747.78, -1
410, 7057.66, 9704.85, 7057.73, 9704.86, -1
411, 2547.08, 2741.66, 2547.1, 2748.12, -1
412, 19799.5, 18000.6, 19799.9, 18002.7, -1
413, 0.470317, 19.3195, 0.470317, 19.3195, -1
414, 1602.24, 3038.76, 1602.24, 3038.76, -1
415, 1.21381, 2.57606, 1.21381, 2.57606, -1
416, 3104.58, 3606.18, 3105.79, 3606.74, -1
417, -1.98952e-13, 1.13687e-13, -1.98952e-13, 1.13687e-13, -1
418, 581.809, 1595.25, 581.813, 1595.29, -1
419, 10173.9, 12145.2, 10180.1, 12148.6, -1
420, 8740.66, 11117.2, 8745.07, 11117.2, -1
421, 0, 0, 0, 0, -1
422, 2588.2, 2764.4, 2588.2, 2764.4, -1
423, 342.215, 696.25, 342.216, 696.25, -1
424, 3545.77, 6282.43, 3547.84, 6286.44, -1
425, 24189, 39420.8, 24189.3, 39427.8, -1
426, 14842.2, 17972, 14842.6, 17971.4, -1
427, -2.27374e-13, 0, -2.27374e-13, 0, -1
428, -2.27374e-13, 4.54747e-13, -1.36424e-12, -2.27374e-12, -1
429, 561.667, 864.784, 561.667, 864.784, -1
430, 543.901, 1404.7, 543.912, 1404.71, -1
431, 7304.68, 11253.3, 7304.76, 11254.3, -1
432, 2558.98, 5895, 2558.99, 5895.04, -1
433, 2967.09, 3398.03, 2967.11, 3399.09, -1
434, 44389.6, 69114.9, 44393.8, 69116.3, -1
435, 3789.6, 7639.05, 3789.62, 7639.19, -1
436, 262.698, 276.154, 262.698, 276.154, -1
437, 737.099, 3317.06, 737.132, 3317.18, -1
438, 1544.09, 2582.47, 1544.11, 2582.55, -1
439, 2490.63, 3400.33, 2490.63, 3400.33, -1
440, 128.498, 126.194, 128.514, 126.194, -1
441, 1317.96, 3412.77, 1317.96, 3412.77, -1
442, 0.885434, 2.08546, 0.885465, 2.08546, -1
443, 0, 0, 0, 0, -1
444, 191.394, 360.421, 191.395, 360.421, -1
445, 0, 0, 0, 0, -1
446, 27.0788, 144.9, 27.0788, 144.901, -1
447, 88.2325, 254.25, 88.2325, 254.25, -1
448, 4122.61, 6579.22, 4122.65, 6579.2, -1
449, 236.177, 598.595, 236.177, 598.595, -1
450, 2110.36, 3476.39, 2110.36, 3476.39, -1
451, 3973.73, 4654.83, 3973.73, 4654.83, -1
452, 2600.07, 3389.61, 2600.08, 3389.69, -1
453, 288.401, 1508, 288.401, 1508, -1
454, 9728.68, 10544.6, 9720.57, 10531.7, -1
455, 6.96562, 51.1293, 6.96563, 51.1293, -1
456, 68377.6, 106623, 68379.8, 106617, -1
457, 3643.71, 5997.58, 3644.2, 5997.59, -1
458, 4.54747e-13, 4.54747e-13, 4.54747e-13, 9.09495e-13, -1
459, 0.645123, 3.91442, 0.645123, 3.91442, -1
460, 3459.87, 5875.61, 3460.43, 5875.61, -1
461, 2599.03, 2670.26, 2599.05, 2670.27, -1
462, 11474.9, 19350.5, 11477.9, 19352.6, -1
463, 2.27374e-13, -4.54747e-13, 2.27374e-13, -4.54747e-13, -1
464, 0, 2.27374e-13, 0, 2.27374e-13, -1
465, 1802.62, 1892.82, 1802.72, 1893.03, -1
466, 514.38, 2180.01, 514.38, 2180.01, -1
467, -2.27374e-13, 2.27374e-13, -2.27374e-13, 2.27374e-13, -1
468, 0, 0, 0, 0, -1
469, 702.058, 386.963, 702.045, 386.963, -1
470, 10358, 19882, 10358.5, 19882, -1
471, 0, 0, 0, 0, -1
472, 0, 0, 0, 0, -1
473, 40.8504, 226.696, 40.8504, 226.696, -1
474, 0, 0, 0, 0, -1
475, 1033.23, 1137.04, 1033.23, 1137.06, -1
476, 1935.77, 3439.78, 1935.77, 3439.78, -1
477, 298.895, 282.641, 299.221, 282.869, -1
478, 200.747, 261.833, 200.747, 261.833, -1
479, 2151.47, 5664.42, 2151.49, 5664.53, -1
480, 851.544, 1127.92, 851.583, 1127.92, -1
481, 1283.64, 2733.59, 1283.66, 2733.6, -1
482, 16257.3, 27473.5, 16273.4, 27523.5, -1
483, 11851.8, 21941.1, 11852.2, 21941.1, -1
484, 0, 0, 0, 0, -1
485, 11622.1, 22459.1, 11622.1, 22459.1, -1
486, 0, 0, 0, 0, -1
487, 2890.69, 4444.25, 2890.69, 4444.26, -1
488, 1.0119, 0, 1.0119, 0, -1
489, 3003.33, 3559, 3003.33, 3559, -1
490, 0, 0, 0, 0, -1
491, 0, 0, 0, 0, -1
492, 0.90489, 0, 0.90489, 0, -1
493, 5123.73, 6156.87, 5116.88, 6146.32, -1
494, 0, 0, 0, 0, -1
495, 2186.2, 4197.7, 2186.2, 4197.7, -1
496, 1588.5, 3031.97, 1588.5, 3031.97, -1
497, 4538.83, 12711.8, 4538.8, 12711.9, -1
498, 2008.52, 3039.97, 2008.52, 3039.97, -1
499, 1318.5, 1970.66, 1318.53, 1970.61, -1
500, 39.9055, 49.0748, 39.9055, 49.0748, -1
501, 0, 0, 0, 0, -1
502, 0, 0, 0, 0, -1
503, 1.36424e-12, 4.54747e-13, 1.36424e-12, 2.27374e-13, -1
504, 0.195994, 0.265243, 0.195994, 0.265243, -1
505, 1691, 1691, 1691, 1691, -1
506, 8246.74, 10645.6, 8246.94, 10644.6, -1
507, 7868.94, 11196.3, 7866.71, 11194.3, -1
508, 8086.03, 15771.3, 8086.1, 15771.3, -1
509, 1185.11, 1584.75, 1185.12, 1584.75, -1
510, 0, 0, 0, 0, -1
511, 1415.07, 1216.12, 1413.01, 1214.12, -1
512, 0, 0, 0, 0, -1
513, 2325.66, 3248.37, 2325.67, 3248.33, -1
514, 69616.4, 103293, 69621.7, 103294, -1
515, 0, 0, 0, 0, -1
516, 44.1335, 87.3243, 44.1336, 87.3243, -1
517, 7.95808e-13, 0, 7.95808e-13, 2.27374e-13, -1
518, 293.979, 773.448, 293.98, 773.45, -1
519, 611.443, 812.407, 611.445, 812.433, -1
520, 1358.65, 5819.94, 1358.66, 5819.97, -1
521, 44.9392, 52.3095, 44.9392, 52.3095, -1
522, -2.27374e-13, 0, 0, 0, -1
523, 460.965, 292.333, 460.983, 292.333, -1
524, 29374.4, 40228.6, 29371.3, 40231.4, -1
525, 716.31, 2806.07, 716.31, 2806.07, -1
526, 1241.5, 2184.7, 1241.44, 2184.7, -1
527, 101.681, 132.427, 101.681, 132.427, -1
528, 0, 0, 0, 0, -1
529, 0, 0, 0, 0, -1
530, 5928.7, 18735.2, 5928.89, 18737.2, -1
531, 6.82121e-13, 6.82121e-13, 6.82121e-13, 6.82121e-13, -1
532, 13.4807, 84.8554, 13.4807, 84.8554, -1
533, 3553.7, 6577.43, 3553.83, 6577.79, -1
534, 0, 0, 0, 0, -1
535, 0, 0, 0, 0, -1
536, 0, 0, 0, 0, -1
537, 0, 0, 0, 0, -1
538, 0, 0, 0, 0, -1
539, 0.0473719, 0.0240741, 0.0473719, 0.0240741, -1
540, 0, 0, 0, 0, -1
541, 0, 0, 0, 0, -1
542, 6719.95, 8189.15, 6725.46, 8189.97, -1
543, -1.13687e-13, 0, -1.13687e-13, 0, -1
544, 0, 0, 0, 0, -1
545, 0, 0, 0, 0, -1
546, 736.304, 285.911, 736.336, 285.911, -1
547, 8.57725, 94.6506, 8.57725, 94.6506, -1
548, 0, 0, 0, 0, -1
549, 9004.16, 14397.3, 9004.76, 14397.3, -1
550, 6507.97, 12334.8, 6508.25, 12335, -1
551, 1603.07, 4218.97, 1603.07, 4218.97, -1
552, 0, 0, 0, 0, -1
553, 0, 0, 0, 0, -1
554, 2026.15, 2506.26, 2026.15, 2506.26, -1
555, 1331.9, 2338.94, 1331.9, 2339.12, -1
556, 27.5865, 19.435, 27.5865, 19.435, -1
557, 0, 0, 0, 0, -1
558, 5138.19, 6752.54, 5138.22, 6752.63, -1
559, 4816.89, 7500.78, 4816.89, 7500.78, -1
560, 0, 0, 0, 0, -1
561, 3829.73, 2703.16, 3826.01, 2700.23, -1
562, 0, 0, 0, 0, -1
563, 253.653, 304.162, 253.653, 304.162, -1
564, 0, 0, 0, 0, -1
565, 10573.7, 14058.1, 10565.1, 14045.5, -1
566, 790.913, 688.597, 790.92, 688.597, -1
567, 0, 0, 0, 0, -1
568, 590.624, 772.345, 590.624, 772.349, -1
569, 2179.8, 2162.11, 2179.8, 2162.11, -1
570, 0, 0, 0, 0, -1
571, 0, -4.54747e-13, 0, -4.54747e-13, -1
572, 0, 0, 0, 0, -1
573, 0, 0, 0, 0, -1
574, 240.388, 984.968, 240.388, 984.968, -1
575, 0, 0, 0, 0, -1
576, -2.27374e-13, -6.82121e-13, -2.27374e-13, -6.82121e-13, -1
577, 710.432, 205.342, 710.436, 205.343, -1
578, 0.0564548, -9.09495e-13, 0.0564548, -9.09495e-13, -1
579, 0, 0, 0, 0, -1
580, 0, 0, 0, 0, -1
581, 1640.43, 1835.14, 1640.43, 1835.14, -1
582, 346.866, 340.478, 346.899, 340.577, -1
583, 0, 0, 0, 0, -1
584, 0, 0, 0, 0, -1
585, 6.82121e-13, 2.27374e-13, 6.82121e-13, 4.54747e-13, -1
586, 1.23533, 11.2561, 1.23533, 11.2561, -1
587, 4864.37, 4828.97, 4864.44, 4828.98, -1
588, 9.09495e-13, 4, 4.54747e-13, 4, -1
589, 17893.1, 25776, 17877.9, 25761.3, -1
590, 0, 0, 0, 0, -1
591, 14556.5, 22050.6, 14558.7, 22051.1, -1
592, 0.797222, 1.00112, 0.797222, 1.00112, -1
593, 0.501374, 0, 0.501374, 0, -1
594, 0, 0, 0, 0, -1
595, 29040.9, 30662.8, 29041.2, 30663.1, -1
596, 7879.51, 11123.9, 7882.82, 11127.9, -1
597, 27.1015, 721.749, 27.1015, 721.749, -1
598, 0, -6.82121e-13, -2.27374e-13, -2.27374e-13, -1
599, 69.2861, 2.77975, 69.2861, 2.77975, -1
600, 1523.12, 3897.03, 1523.17, 3896.89, -1
601, 11.3818, 41.2686, 11.3818, 41.2686, -1
602, 2.27374e-13, 2.27374e-13, 2.27374e-13, 2.27374e-13, -1
603, 4823.3, 5319.39, 4823.28, 5319.4, -1
604, 0, 0, 0, 0, -1
605, 97.1884, 661.281, 97.1886, 661.281, -1
606, 2486.78, 3672.94, 2487.42, 3672.66, -1
607, 1842.52, 2750.33, 1842.57, 2750.34, -1
608, 438.413, 369.475, 438.418, 369.476, -1
609, -2.27374e-13, 4.54747e-13, -4.54747e-13, 4.54747e-13, -1
610, 1999.34, 3117.03, 1999.77, 3117.03, -1
611, 0, 0, 0, 0, -1
612, 73.7054, 204.958, 73.7054, 204.958, -1
613, 0, 0, 0, 0, -1
614, 5533.14, 10296.2, 5532.98, 10296, -1
615, 0, 0, -6.82121e-13, -4.54747e-13, -1
616, 0, 0, 0, 0, -1
617, 12498, 14201.9, 12498.1, 14201.9, -1
618, 5232.71, 9706.52, 5232.76, 9706.61, -1
619, -9.09495e-13, -2.27374e-13, -9.09495e-13, -4.54747e-13, -1
620, 67.8208, 86.5079, 67.8256, 86.5104, -1
621, 5.24724, 31.9528, 5.24733, 31.9531, -1
622, 0.0414915, 0.00450797, 0.0414915, 0.00450797, -1
623, 1055.47, 1078.8, 1055.57, 1078.8, -1
624, -3.55271e-13, -1.1724e-13, -3.55271e-13, -1.1724e-13, -1
625, 369.059, 1713.45, 369.059, 1713.45, -1
626, 0, 0, 0, 0, -1
627, 5348.04, 5247.08, 5348.22, 5246.32, -1
628, 5647.08, 9097.2, 5651.23, 9107.41, -1
629, 0, 0, 0, 0, -1
630, 17887.4, 27210.2, 17891.5, 27211.2, -1
631, 0, 0, 0, 0, -1
632, 14427.4, 19952.8, 14428.7, 19957.3, -1
633, 0, 0, 0, 0, -1
634, 539.35, 1234.81, 539.35, 1234.81, -1
635, 2262.17, 3749.65, 2262.32, 3750.66, -1
636, 1111.64, 859.363, 1111.66, 859.436, -1
637, 0, 0, 0, 0, -1
638, 0, 0, 0, 0, -1
639, 0, 3.41061e-13, -2.27374e-13, 3.41061e-13, -1
640, 0, 0, 0, 0, -1
641, 0, 0, 0, 0, -1
642, 9501.88, 12514.3, 9489.53, 12500.2, -1
643, 12.9925, 10.0214, 12.9925, 10.0214, -1
644, 57.9995, 188.983, 57.9996, 188.983, -1
645, -2.27374e-13, 0, -2.27374e-13, 0, -1
646, 0, 0, 0, 0, -1
647, 0, 0, 0, 0, -1
648, 1758.06, 874.687, 1758.07, 874.688, -1
649, 0.352258, 0.00940028, 0.352258, 0.00940028, -1
650, 13373.3, 23925.1, 13373.3, 23926.3, -1
651, 0, 0, 0, 0, -1
652, 0, 0, 0, 0, -1
653, 1239.65, 1464.19, 1239.65, 1464.19, -1
654, 1937.89, 910.594, 1947.45, 927.667, -1
655, 0, 0, 0, 0, -1
656, 58576.9, 45918.4, 58579.2, 45924, -1
657, 6785.98, 14320.1, 6786.03, 14320.1, -1
658, 4188.61, 5857.71, 4188.62, 5857.72, -1
659, 0, 0, 0, 0, -1
660, 0, 0, 0, 0, -1
661, 0, 0, 0, 0, -1
662, 2325.67, 1809.72, 2317.94, 1802.79, -1
663, 0, 0, 0, 0, -1
664, 1089.62, 1429.54, 1089.62, 1429.54, -1
665, 0, 0, 0, 0, -1
666, 1233.57, 2992.66, 1233.52, 2992.65, -1
667, 0, 0, 0, 0, -1
668, 15852.3, 20455.4, 15849.8, 20454.6, -1
669, 0, 0, 0, 0, -1
670, 97.5928, 744.312, 97.5928, 744.313, -1
671, 2285.06, 4249.49, 2287.07, 4252.52, -1
672, 37.3638, 29.7516, 37.3638, 29.7516, -1
673, 5469.63, 9245.8, 5469.3, 9245.35, -1
674, 3139.73, 6708.68, 3139.58, 6708.55, -1
675, 0.0830918, 0.0614411, 0.0830918, 0.0614411, -1
676, 0, 0, 0, 0, -1
677, 16561.5, 31188.6, 16561.9, 31188.7, -1
678, 25.6212, 25.3955, 25.6212, 25.3955, -1
679, 2948.08, 6153.59, 2950.49, 6156.68, -1
680, 202.744, 289.698, 202.747, 289.698, -1
681, 886.574, 2450.58, 886.577, 2450.58, -1
682, 1506.59, 1626.93, 1506.59, 1626.93, -1
683, 81.4402, 198.267, 81.4403, 198.267, -1
684, 297.183, 239.749, 297.207, 239.749, -1
685, 1969.15, 4236.91, 1969.16, 4236.93, -1
686, 1350.1, 1350.01, 1350.1, 1350.01, -1
687, 15.1682, 81.2833, 15.1682, 81.2833, -1
688, 81.1644, 656.209, 81.1644, 656.209, -1
689, 0.0836293, 26.0173, 0.0836293, 26.0173, -1
690, 7924.39, 7816.39, 7922.2, 7813.41, -1
691, 2367.46, 4594.83, 2367.48, 4594.84, -1
692, 0, 0, 0, 0, -1
693, 15.9844, 146.35, 15.9844, 146.35, -1
694, 12547.6, 13686.7, 12534.1, 13647.1, -1
695, 9151.53, 12571.6, 9151.53, 12571.7, -1
696, -2.27374e-13, 0, -2.27374e-13, 0, -1
697, 23.7091, 25.3496, 23.7091, 25.3496, -1
698, 0, 0, 0, 0, -1
699, -1.98952e-13, -1.95399e-13, -1.27898e-13, -1.95399e-13, -1
700, 154.66, 512.899, 154.66, 512.899, -1
701, 0, 0, 0, 0, -1
702, 7475.47, 13936.9, 7475.48, 13935.9, -1
703, 9.09495e-13, 2.27374e-13, 6.82121e-13, 4.54747e-13, -1
704, 7213.79, 4996.38, 7216.8, 4996.36, -1
705, 9.09495e-13, 6.82121e-13, 9.09495e-13, 4.54747e-13, -1
706, 0, 0, 0, 0, -1
707, 15678.5, 14915.1, 15669.5, 14889.4, -1
708, 0, 0, 0, 0, -1
709, 0, 0, 0, 0, -1
710, 7.62863, 36.6832, 7.62863, 36.6832, -1
711, 7057.24, 12438.6, 7057.03, 12437.1, -1
712, 0, 0, 0, 0, -1
713, 2142.9, 4080.71, 2142.89, 4080.49, -1
714, 196.84, 105.369, 196.841, 105.369, -1
715, 12.1615, 3.83391, 12.1615, 3.83391, -1
716, 8.38075, 6.20603, 8.38075, 6.20603, -1
717, 0, 0, 0, 0, -1
718, 2801.64, 4012.53, 2801.98, 4013.19, -1
719, 1824.6, 5687.1, 1824.61, 5687.1, -1
720, 3989.79, 4559.4, 3993.53, 4562.91, -1
721, 0, 0, 0, 0, -1
722, 80.1814, 176.567, 80.1822, 176.567, -1
723, 0, 0, 0, 0, -1
724, 23.489, 94.7518, 23.489, 94.7525, -1
725, 12777.2, 24115.6, 12780.9, 24115.7, -1
726, 1.47834, 1.00765, 1.47834, 1.00765, -1
727, 0, 0, 0, 0, -1
728, 2354.07, 3552.68, 2354.1, 3552.69, -1
729, 399.411, 1116.67, 399.412, 1116.67, -1
730, 46.4813, 73.7534, 46.4813, 73.7534, -1
731, 411.982, 2646.46, 411.982, 2646.46, -1
732, 0, 0, 0, 0, -1
733, 1433.43, 1147.47, 1433.43, 1147.48, -1
734, 0, 0, 0, 0, -1
735, 1220.81, 3439.43, 1220.81, 3439.43, -1
736, 3.88453, 4.21782, 3.88493, 4.21818, -1
737, 0, 0, 0, 0, -1
738, 8.55341, 1.55734, 8.55341, 1.55734, -1
739, 0, 0, 0, 0, -1
740, 6496.5, 11248.5, 6496.61, 11247.8, -1
741, 0.111111, -2.27374e-13, 0.111111, -2.27374e-13, -1
742, 46951.2, 62786.9, 46959.7, 62793.5, -1
743, 8.84052, 15.8937, 8.84052, 15.8937, -1
744, 222.294, 199.28, 222.72, 199.28, -1
745, 2073.14, 3561.66, 2073.14, 3561.66, -1
746, -4.54747e-13, 0, -4.54747e-13, 0, -1
747, 16099.1, 28536.1, 16097.8, 28520.5, -1
748, 5820.26, 5345.14, 5822.49, 5349.22, -1
749, 4.54747e-13, -2.27374e-13, 0, -2.27374e-13, -1
750, 1815, 4451.5, 1815.05, 4451.65, -1
751, 2.27374e-13, 0, 2.27374e-13, 0, -1
752, 0, 0, 0, 0, -1
753, 0, 0, 0, 0, -1
754, 31248, 62345.3, 31265.3, 62370.7, -1
755, 5.68434e-13, -5.11591e-13, 2.84217e-13, -5.68434e-14, -1
756, 4.54747e-13, -2.27374e-13, 2.27374e-13, -4.54747e-13, -1
757, 9178.89, 12605.2, 9189.11, 12621.7, -1
758, 13.435, 41.5581, 13.435, 41.5582, -1
759, 5453.82, 6456.79, 5453.86, 6456.83, -1
760, 0, 0, 0, 0, -1
761, 145.498, 628.09, 145.498, 628.088, -1
762, 0, 0, 0, 0, -1
763, 0, 0, 0, 0, -1
764, 5001.4, 5117.14, 5001.42, 5117.14, -1
765, 7977.73, 13506.5, 7983.28, 13511, -1
766, 0, 0, 0, 0, -1
767, 0, 0, 0, 0, -1
768, 1.8997, 0.275026, 1.8997, 0.275026, -1
769, 0, 0, 0, 0, -1
770, 6412.62, 12104.5, 6412.84, 12104.4, -1
771, 32186.8, 43359.4, 32189.8, 43360.9, -1
772, 2355.7, 4161.19, 2355.7, 4161.19, -1
773, 433.416, 1129.95, 433.416, 1129.96, -1
774, 1015.01, 1648.83, 1015.08, 1649.06, -1
775, 2.41585e-13, 3.41061e-13, 8.52651e-14, 2.27374e-13, -1
776, 4.54747e-13, 6.82121e-13, 0, 6.82121e-13, -1
777, 5.93946, 7.66889, 5.93946, 7.66889, -1
778, 1497.33, 3730.79, 1497.35, 3730.8, -1
779, 0, 0, 0, 0, -1
780, 0, 0, 0, 0, -1
781, 4.2928, 3.09546, 4.2928, 3.09546, -1
782, 161.381, 368.43, 161.381, 368.43, -1
783, 270.523, 1621.69, 270.524, 1621.69, -1
784, 6.46195, 1.13687e-13, 6.46195, 1.13687e-13, -1
785, 0, 0, 0, 0, -1
786, 1291.54, 3241.43, 1291.55, 3241.43, -1
787, 0, 0, 0, 0, -1
788, 55684.3, 84255.9, 55684.7, 84255.9, -1
789, 11956.1, 13696.3, 11955.1, 13696.5, -1
790, 11348.3, 25529, 11348.3, 25530.1, -1
791, 5411.93, 12501.1, 5411.99, 12501.1, -1
792, 0, 0, 0, 0, -1
793, 1522.45, 2053.32, 1523.69, 2055.72, -1
794, 26.3444, 144, 26.3444, 144, -1
795, 0, 0, 0, 0, -1
796, 0, 0, 0, 0, -1
797, 16438.1, 28661.6, 16440.7, 28665, -1
798, 434.927, 2066.65, 434.946, 2066.8, -1
799, 0.172678, 1.01476, 0.17268, 1.01477, -1
800, 2.84217e-13, 6.39488e-14, 2.84217e-13, 6.39488e-14, -1
801, 0, 0, 0, 0, -1
802, 1118.5, 3137.46, 1118.55, 3137.56, -1
803, 4.66738e-13, -6.75016e-13, 4.66738e-13, -6.18172e-13, -1
804, 120.057, 849.894, 120.057, 849.894, -1
805, 51.8989, 180.672, 51.9054, 181.74, -1
806, 9436.18, 14048.4, 9436.97, 14048.6, -1
807, 795.23, 2172.69, 794.835, 2172.45, -1
808, 0, 0, 0, 0, -1
809, 0, 0, 0, 0, -1
810, 159.06, 1406.06, 159.061, 1406.07, -1
811, 307.186, 298.43, 307.186, 298.43, -1
812, 0, 0, 0, 0, -1
813, 0, 0, 0, 0, -1
814, 0.00653262, 6.35743, 0.00653262, 6.35743, -1
815, 82.2179, 5.24231, 82.2179, 5.24231, -1
816, 5196.3, 11694, 5196.18, 11692.8, -1
817, 5.11177, 9.83492, 5.11177, 9.83492, -1
818, 0, 0, 0, 0, -1
819, 0, 0, 0, 0, -1
820, 2536.78, 3191.28, 2536.78, 3191.28, -1
821, 4.1521, 10.422, 4.15221, 10.422, -1
822, 0, 0, 0, 0, -1
823, 16100.2, 29103.8, 16101.5, 29103.8, -1
824, 2984.97, 6875.57, 2987.75, 6878.75, -1
825, 0, 0, 0, 0, -1
826, 138.852, 796.479, 138.852, 796.479, -1
827, 0, 0, 0, 0, -1
828, 17773.5, 19248.9, 17771.7, 19248.4, -1
829, 33725.4, 57853, 33732.6, 57844.6, -1
830, 0, -2.27374e-13, -4.54747e-13, -4.54747e-13, -1
831, 2332.3, 3165.03, 2332.34, 3165.04, -1
832, 0, 0, 0, 0, -1
833, 0, 0, 0, 0, -1
834, 1047.24, 1803.51, 1047.13, 1801.51, -1
835, 7.83056, 1.597, 7.83056, 1.597, -1
836, 4.54636e-13, -4.54747e-13, -1.11022e-16, 0, -1
837, 0, 0, 0, 0, -1
838, 0, 0, 0, 0, -1
839, 6.90606, 167, 6.90606, 167, -1
840, 24.2497, 86.4141, 24.2499, 86.4141, -1
841, 0, 0, 0, 0, -1
842, 0, 0, 0, 0, -1
843, 0, 0, 0, 0, -1
844, 6.35118, 6.2031, 6.35118, 6.2031, -1
845, 1470.97, 1893.8, 1470.97, 1893.74, -1
846, 5655.04, 12082.3, 5659.45, 12089.8, -1
847, 0, 0, 0, 0, -1
848, 1448.73, 2761.22, 1448.5, 2761.14, -1
849, 0.013245, 18.5299, 0.013245, 18.5299, -1
850, 324.773, 603.719, 324.987, 603.814, -1
851, 5506.58, 8194.86, 5507.91, 8197.06, -1
852, 8441.01, 9458.26, 8441.24, 9458.79, -1
853, 0, 0, 0, 0, -1
854, 0, 0, 0, 0, -1
855, 0, 0, 0, 0, -1
856, 151.571, 660.948, 151.581, 660.963, -1
857, 1504.1, 1868.34, 1504.1, 1868.34, -1
858, 0, 0, 0, 0, -1
859, 12317.3, 17706.6, 12318, 17707.5, -1
860, 46392.4, 43204.5, 46407.3, 43218.1, -1
861, 10064.7, 17966.5, 10064.6, 17966.1, -1
862, 8271.23, 13453.2, 8271.28, 13454.5, -1
863, 5.30953, 2.08367, 5.30953, 2.08367, -1
864, 727.41, 1533.52, 727.41, 1533.52, -1
865, 0, 0, 0, 0, -1
866, 2147.89, 4875.1, 2148.06, 4875.94, -1
867, 2308.38, 5270.82, 2308.4, 5270.84, -1
868, 656.298, 1366.32, 656.323, 1366.35, -1
869, 917.319, 2183.71, 917.319, 2182.72, -1
870, 55.7481, 54.2845, 55.524, 54.0151, -1
871, 471.131, 806.841, 471.206, 806.888, -1
872, 0, 0, 0, 0, -1
873, 292.785, 849.475, 292.785, 849.475, -1
874, 1083.84, 1740.93, 1083.84, 1740.93, -1
875, 7.60211, 2.27374e-13, 7.60211, 2.27374e-13, -1
876, 1331.06, 2105.69, 1331.07, 2105.69, -1
877, 1760.61, 2335.4, 1758.62, 2333.4, -1
878, 2.27374e-13, 2.27374e-13, -2.27374e-13, -2.27374e-13, -1
879, 0, 0, 0, 0, -1
880, 1.02326, -4.54747e-13, 1.02326, -2.27374e-13, -1
881, 0, 0, 0, 0, -1
882, 0, 0, 0, 0, -1
883, 1412.11, 5370.46, 1412.24, 5370.42, -1
884, 312.774, 860.442, 312.774, 860.442, -1
885, 0, 0, 0, 0, -1
886, 0, 0, 0, 0, -1
887, -5.11591e-13, -5.82645e-13, -5.11591e-13, -5.82645e-13, -1
888, 913.66, 1253.42, 915.429, 1255.42, -1
889, 10725.1, 22323.1, 10725.2, 22323.5, -1
890, 14.0957, 59.8426, 14.0957, 59.8426, -1
891, 266.519, 625.976, 266.519, 625.976, -1
892, 5409.69, 14723.9, 5409.33, 14722.8, -1
893, 0, 0, 0, 0, -1
894, 1715.02, 2403.1, 1715.02, 2403.1, -1
895, 4474.08, 6116.61, 4474.46, 6117.06, -1
896, 6083.36, 7930.03, 6084.47, 7930.35, -1
897, 0, 0, 0, 0, -1
898, 0, 0, 0, 0, -1
899, 0, 0, 0, 0, -1
900, 1381.46, 4715.16, 1381.58, 4715.42, -1
901, 12733.4, 17932.8, 12733.4, 17931.6, -1
902, 89.5158, 102.659, 89.5169, 102.659, -1
903, 268.291, 447.119, 268.913, 446.916, -1
904, 955.563, 1684.92, 955.597, 1685.09, -1
905, 0.31149, 1.11682, 0.31149, 1.11682, -1
906, 8283.82, 12846.7, 8282.14, 12843.2, -1
907, 407.942, 501.382, 407.942, 501.382, -1
908, 3571.96, 6860.45, 3570.01, 6858.47, -1
909, 0, 0, 0, 0, -1
910, 119.792, 571.113, 119.792, 571.113, -1
911, 474.951, 1114.08, 474.957, 1114.08, -1
912, 0, -2.27374e-13, -4.54747e-13, -2.27374e-13, -1
913, 489.816, 1729.43, 489.816, 1729.43, -1
914, 2461.03, 2593.51, 2462.41, 2593.5, -1
915, 295.313, 1160.73, 295.337, 1160.73, -1
916, 868.288, 1478.18, 868.288, 1478.18, -1
917, 5376.07, 7700.41, 5376.85, 7700.41, -1
918, 50.0048, 113.477, 50.0057, 113.48, -1
919, 18793.9, 24620.2, 18799.6, 24624.2, -1
920, -1.08002e-12, -4.54747e-13, -1.08002e-12, -4.54747e-13, -1
921, 0, 0, 0, 0, -1
922, 79.0336, 76.1719, 79.0337, 76.1766, -1
923, -2.27374e-13, 0, -2.27374e-13, 0, -1
924, 849.796, 727.007, 849.838, 727.008, -1
925, 1955.62, 1929.71, 1955.62, 1929.71, -1
926, 953.557, 1762.58, 953.643, 1762.61, -1
927, 17.1769, 7.41378, 17.1769, 7.41378, -1
928, 0, 0, 0, 0, -1
929, 1343.38, 3491.75, 1343.38, 3491.75, -1
930, 0, 0, 0, 0, -1
931, 5535.87, 9900, 5537.48, 9902.07, -1
932, 2337.86, 2222.94, 2338.08, 2223.05, -1
933, 78.5237, 277.889, 78.5238, 277.889, -1
934, 307.71, 1311.96, 307.71, 1311.96, -1
935, 0, 0, 0, 0, -1
936, 273.356, 453.013, 273.359, 453.013, -1
937, 0, -4.54747e-13, 0, -4.54747e-13, -1
938, 452.627, 1611.62, 452.635, 1611.62, -1
939, 0, 0, 0, 0, -1
940, 4559.66, 6866.05, 4559.71, 6866.06, -1
941, 5.68434e-13, 6.82121e-13, 5.68434e-13, 6.82121e-13, -1
942, 212.366, 563.369, 212.367, 563.369, -1
943, 18450.7, 24821.5, 18451.8, 24876.3, -1
944, 445.733, 484.624, 445.734, 484.632, -1
945, 7114.6, 12233.3, 7115.38, 12234.4, -1
946, 0, 0, 0, 0, -1
947, 437.686, 818.888, 437.464, 818.619, -1
948, 2470.92, 3556.18, 2472.33, 3558.34, -1
949, 0, 0, 0, 0, -1
950, 2.14495, 0, 2.14495, 0, -1
951, 9174.48, 15480.5, 9175.25, 15480.2, -1
952, 4.6963, 201, 4.6963, 201, -1
953, 3714.25, 6887.97, 3714.26, 6888.01, -1
954, 0, 0, 0, 0, -1
955, 1.64596, 0.664602, 1.64597, 0.664602, -1
956, 0, 0, 0, 0, -1
957, 0, 0, 0, 0, -1
958, -2.27374e-13, -2.27374e-13, -2.27374e-13, -4.54747e-13, -1
959, 0, 0, 0, 0, -1
960, 1917.33, 2476.7, 1917.33, 2476.7, -1
961, 6534.83, 4720.77, 6533.58, 4720.81, -1
962, -5.96856e-13, -5.82645e-13, -5.96856e-13, -4.68958e-13, -1
963, 1245.88, 2188.05, 1245.91, 2188.05, -1
964, 3998.8, 3557.05, 3998.39, 3556.77, -1
965, 0, 0, 0, 0, -1
966, 7.62142, 0, 7.62142, 3.41061e-13, -1
967, 4837.38, 12990.2, 4837.44, 12991.6, -1
968, 0, 0, 0, 0, -1
969, -2.27374e-13, 2.27374e-13, -1.13687e-13, 2.27374e-13, -1
970, 8375.28, 14512.1, 8375.34, 14513.3, -1
971, 20551.4, 34072.1, 20552.4, 34071.8, -1
972, 1.01269, 11.2461, 1.01269, 11.2461, -1
973, 7.78076, 2.74375, 7.78077, 2.74375, -1
974, 85.5672, 73.1638, 85.5673, 73.1638, -1
975, 101.086, 302.219, 101.088, 302.221, -1
976, 0, 0, 0, 0, -1
977, 4.54747e-13, 0, 4.54747e-13, 0, -1
978, 1885.12, 3099.43, 1885.12, 3099.43, -1
979, 13241.4, 14904.5, 13242, 14906.3, -1
980, 0, 0, 0, 0, -1
981, 15.4772, 41.6945, 15.4772, 41.6945, -1
982, 0, 0, 0, 0, -1
983, 8.51697, 1.18581, 8.51697, 1.18581, -1
984, 158.556, 641.382, 158.556, 641.382, -1
985, 0, 0, 0, 0, -1
986, 13.8564, 451.839, 13.8564, 451.839, -1
987, 4331.09, 5869.82, 4331.25, 5869.82, -1
988, 0.053303, 329, 0.053303, 329, -1
989, 0, 0, 0, 0, -1
990, 0, 0, 0, 0, -1
991, 0, 0, 0, 0, -1
992, 0, 0, 0, 0, -1
993, 0, 0, 0, 0, -1
994, 2.24899, 0.719205, 2.24899, 0.719205, -1
995, 0, 0, 0, 0, -1
996, 34.7788, 75.1509, 34.787, 75.151, -1
997, 43.1789, 40.4661, 43.5164, 40.4661, -1
998, 2605.67, 2037, 2605.79, 2037.08, -1
999, 4439.14, 12805.5, 4439.2, 12805.8, -1
1000, 0, 0, 0, 0, -1
1001, 0, 0, 0, 0, -1
1002, 245.175, 1287.07, 245.175, 1287.08, -1
1003, 0, 0, 0, 0, -1
1004, 0, 0, 0, 0, -1
1005, 742.163, 2577.12, 742.167, 2577.13, -1
1006, 0, 0, 0, 0, -1
1007, 519.518, 1456.99, 519.534, 1456.99, -1
1008, 8907.93, 13163.4, 8913.26, 13163.2, -1
1009, 257.295, 112.422, 257.296, 112.342, -1
1010, 1876.99, 4306.03, 1877.05, 4306.12, -1
1011, 1205.84, 1552.49, 1205.84, 1552.49, -1
1012, 0, 0, 0, 0, -1
1013, 1492.52, 3120.32, 1492.55, 3120.32, -1
1014, 766.095, 449.41, 766.095, 449.41, -1
1015, 903.329, 2675.21, 903.329, 2675.21, -1
1016, 184.701, 849.241, 184.701, 849.244, -1
1017, 0, 0, 0, 0, -1
1018, 6.18574, 14.3002, 6.18574, 14.3002, -1
1019, 835.656, 1633.03, 835.658, 1633.03, -1
1020, -1.47793e-12, -6.82121e-13, -1.47793e-12, -6.82121e-13, -1
1021, 321.182, 1351.27, 321.085, 1351.13, -1
1022, 6445.03, 6491.59, 6446.22, 6496.67, -1
1023, 0, 0, 0, 0, -1
1024, 0, 0, 0, 0, -1
1025, 3169.09, 3905.95, 3169.09, 3905.95, -1
1026, 0, 0, 0, 0, -1
1027, 10.334, 0.185285, 10.2086, -9.09495e-13, -1
1028, 324.936, 726.295, 324.937, 726.295, -1
1029, 542, 542, 542, 542, -1
1030, 11540.3, 15974, 11541.5, 15973.7, -1
1031, 3502.27, 5024.36, 3502.27, 5024.37, -1
1032, 13.465, 6.27693, 13.465, 6.27693, -1
1033, 0, 0, 0, 0, -1
1034, 0, 0, 0, 0, -1
1035, 2.27374e-13, 0, 2.27374e-13, 0, -1
1036, 6.82121e-13, 2.27374e-13, 4.54747e-13, -4.54747e-13, -1
1037, 95.2151, 61.9213, 95.2151, 61.9213, -1
1038, 0, 0, 0, 0, -1
1039, 0, 0, 0, 0, -1
1040, 0, 0, 0, 0, -1
1041, 1732.09, 2770.16, 1732.1, 2770.16, -1
1042, 7701.9, 10335.7, 7702.09, 10335.8, -1
1043, 2362.94, 6206.08, 2364.05, 6206.14, -1
1044, 106.389, 152.821, 106.389, 152.821, -1
1045, 20.293, 114.021, 20.293, 114.021, -1
1046, 936.693, 2369.44, 937.285, 2369.44, -1
1047, 196.517, 71.4887, 196.517, 71.4888, -1
1048, 1.36424e-12, 0, 2.27374e-13, -4.54747e-13, -1
1049, 250.291, 513.36, 250.753, 513.514, -1
1050, 0, 0, 0, 0, -1
1051, 1375.41, 2829.63, 1376.09, 2829.63, -1
1052, 44.3366, 94.8345, 44.8442, 94.8345, -1
1053, 313.97, 28.5899, 313.969, 28.5899, -1
1054, 3804.98, 3659.89, 3804.99, 3659.91, -1
1055, 5.68434e-13, 2.27374e-13, 5.68434e-13, 2.27374e-13, -1
1056, 8.52651e-14, 2.41585e-13, -5.68434e-14, 2.41585e-13, -1
1057, 1646.44, 2009.42, 1646.44, 2009.42, -1
1058, 2101.6, 3986.84, 2104.96, 3994.62, -1
1059, 7755.83, 7449.79, 7756.66, 7480.48, -1
1060, 1339.38, 2106.8, 1341.87, 2119.74, -1
1061, 3498.16, 5685.05, 3498.16, 5685.05, -1
1062, 1410.22, 1941.21, 1410.23, 1941.22, -1
1063, 2876.74, 4202.19, 2876.86, 4202.19, -1
1064, -4.54747e-13, 4.54747e-13, -4.54747e-13, 4.54747e-13, -1
1065, 0, -4.54747e-13, 0, -4.54747e-13, -1
1066, 0, 0, 0, 0, -1
1067, 4.54747e-13, 0, 2.27374e-13, 0, -1
1068, 5.14694, 103.534, 5.14694, 103.534, -1
1069, 2736.2, 3392.62, 2736.21, 3392.62, -1
1070, 3408.65, 3076.13, 3408.68, 3076.13, -1
1071, 130.492, 182.645, 130.493, 182.646, -1
1072, 0, 0, 0, 0, -1
1073, 0, 0, 0, 0, -1
1074, 388.919, 1307.78, 388.943, 1307.8, -1
1075, 404.921, 188.944, 405.168, 188.977, -1
1076, 1638.36, 3168.87, 1638.36, 3168.88, -1
1077, 2280.83, 2412.7, 2280.83, 2412.78, -1
1078, 1959.34, 2835.31, 1959.34, 2835.31, -1
1079, 0, 0, 0, 0, -1
1080, 171.44, 208.198, 171.44, 208.198, -1
1081, 55.7162, 137.274, 55.7162, 137.274, -1
1082, 0, 0, 0, 0, -1
1083, 4.21814, 2.93413, 4.21814, 2.93413, -1
1084, 2245.27, 6482, 2245.28, 6482, -1
1085, 3521.11, 4909.18, 3521.12, 4909.52, -1
1086, 0.532695, 0, 0.532695, 0, -1
1087, 0, 0, 0, 0, -1
1088, 194.715, 1148.46, 194.717, 1148.46, -1
1089, 16632.8, 17725.8, 16633.1, 17725.4, -1
1090, 26.3965, 147.193, 26.3965, 147.193, -1
1091, 0, 0, 0, 0, -1
1092, 3116.94, 4497.89, 3117.08, 4497.89, -1
1093, 0, 0, 0, 0, -1
1094, 1503.86, 2633.84, 1503.74, 2633.87, -1
1095, 1031.28, 2589.13, 1031.29, 2589.54, -1
1096, 926.164, 787.119, 926.196, 791.775, -1
1097, 506.114, 1138.83, 506.122, 1138.81, -1
1098, 1218.87, 2847.27, 1218.87, 2847.27, -1
1099, 7265.5, 9314.02, 7265.51, 9314.02, -1
1100, 3435.24, 3499.11, 3435.24, 3499.11, -1
1101, 376.029, 212.696, 376.029, 212.696, -1
1102, 0, 0, 0, 0, -1
1103, 9535.25, 10012.3, 9543.72, 10029.7, -1
1104, 1619.51, 2242.49, 1619.89, 2244.36, -1
1105, 0, 0, 0, 0, -1
1106, 0, 0, 0, 0, -1
1107, 1.1766, 9.09495e-13, 1.1766, 6.82121e-13, -1
1108, 0, 0, 0, 0, -1
1109, 5184.02, 7065.14, 5178.71, 7062.16, -1
1110, 5619.42, 10864.1, 5619.44, 10864.2, -1
1111, 127.493, 1322.53, 127.57, 1322.53, -1
1112, 0, 0, 0, 0, -1
1113, 1.15621, 1.10842, 1.15621, 1.10842, -1
1114, 0, 0, 0, 0, -1
1115, -4.54747e-13, 4.54747e-13, -4.54747e-13, 4.54747e-13, -1
1116, 7337.59, 9200.63, 7340.51, 9200.64, -1
1117, 15129.1, 16318, 15129.2, 16319, -1
1118, 206.695, 608.885, 206.703, 608.885, -1
1119, 683.389, 699.951, 683.389, 699.951, -1
1120, 0, 0, 0, 0, -1
1121, 0, 0, 0, 0, -1
1122, 16.4644, 16.052, 16.4644, 16.052, -1
1123, -3.41061e-13, -2.27374e-13, -3.41061e-13, -3.41061e-13, -1
1124, 1690.16, 1633.05, 1687.39, 1629.72, -1
1125, 3451.07, 3682.7, 3451.1, 3682.74, -1
1126, 2.27374e-13, 0, 2.27374e-13, 0, -1
1127, 15150.4, 24667.8, 15152.9, 24670, -1
1128, 0, 0, 0, 0, -1
1129, 13.3095, 5.78551, 13.3095, 5.78554, -1
1130, 5346.96, 8494.82, 5346.97, 8494.74, -1
1131, 36.7648, 32, 36.7648, 32, -1
1132, 683.851, 1025.16, 683.852, 1025.14, -1
1133, 83.7669, 355.282, 83.7669, 355.282, -1
1134, 3656.11, 3380.57, 3656.16, 3380.68, -1
1135, 2.13201, 9.7731, 2.13201, 9.7731, -1
1136, 222.669, 324.104, 222.669, 324.104, -1
1137, 7578.96, 12159.3, 7581.1, 12162.2, -1
1138, 55.4853, 63.2692, 55.4861, 63.2692, -1
1139, 3743.26, 4251.49, 3743.53, 4251.52, -1
1140, 1079.62, 1497.62, 1079.62, 1497.63, -1
1141, 0, 0, 0, 0, -1
1142, 201.081, 1247.28, 201.081, 1247.28, -1
1143, -6.82121e-13, 2.27374e-13, -6.82121e-13, 2.27374e-13, -1
1144, 243.574, 365.624, 243.574, 365.628, -1
1145, 122.109, 534.713, 122.111, 534.714, -1
1146, -6.82121e-13, 4.54747e-13, -2.27374e-13, 4.54747e-13, -1
1147, 0, 0, 0, 0, -1
1148, 0, 0, 0, 0, -1
1149, 3741.74, 3078.81, 3741.76, 3078.81, -1
1150, 3795.75, 2200.37, 3795.77, 2200.37, -1
1151, -6.82121e-13, 0, -2.27374e-13, 2.27374e-13, -1
1152, 0.0644367, -2.27374e-13, 0.0644367, -3.41061e-13, -1
1153, 193.435, 206.689, 193.435, 206.689, -1
1154, 0, 0, 0, 0, -1
1155, 0, 0, 0, 0, -1
1156, 663.555, 1604.07, 663.56, 1604.07, -1
1157, 39.1512, 34.8453, 39.1629, 34.8453, -1
1158, 2, 0, 2, 0, -1
1159, 1492.08, 1647.29, 1490.08, 1645.29, -1
1160, 7630.44, 11118, 7628.21, 11112.1, -1
1161, -8.52651e-13, 3.97904e-13, -8.81073e-13, 3.97904e-13, -1
1162, 1735.33, 2500.6, 1733.71, 2498.61, -1
1163, 3493.31, 3233.21, 3493.4, 3233.89, -1
1164, 0, 0, 0, 0, -1
1165, 1039.58, 1847.03, 1039.58, 1847.04, -1
1166, 0, 0, 0, 0, -1
1167, 276.661, 1250.23, 276.662, 1250.23, -1
1168, 26.9614, 126.387, 26.9615, 126.387, -1
1169, -2.27374e-13, -2.27374e-13, -2.27374e-13, 0, -1
1170, 46.506, 201.588, 46.506, 201.588, -1
1171, 8550.42, 9640.3, 8560.38, 9656.17, -1
1172, 1461.32, 1322, 1461.32, 1322, -1
1173, 11.7126, 40.6749, 11.7126, 40.6749, -1
1174, 9.09495e-13, 4.4853e-13, 9.09495e-13, 3.34843e-13, -1
1175, 6.82121e-13, 0, 1.13687e-12, 0, -1
1176, 4.2443, 0, 4.2443, -1.13687e-13, -1
1177, 683.424, 1024.1, 683.451, 1024.1, -1
1178, 0, 0, 0, 0, -1
1179, 0, 0, 0, 0, -1
1180, 1710.19, 2963.93, 1710.22, 2963.93, -1
1181, 2.27374e-13, -1.13687e-13, 1.13687e-13, -2.27374e-13, -1
1182, 376.74, 296.959, 376.741, 296.961, -1
1183, 691, 691, 691, 691, -1
1184, 0, 0, 0, 0, -1
1185, 1976.22, 2338.31, 1976.24, 2338.31, -1
1186, 0.572438, 0.796456, 0.572438, 0.796456, -1
1187, 1283.29, 1827.96, 1283.32, 1827.96, -1
1188, 0, 0, 0, 0, -1
1189, 2.27374e-13, 2.27374e-13, 2.27374e-13, 2.27374e-13, -1
1190, 113.691, 547.184, 113.691, 547.184, -1
1191, 47.6759, 68.3432, 47.6759, 68.3432, -1
1192, 0, 2.27374e-13, 0, 2.27374e-13, -1
1193, 61.0863, 84.1769, 61.0863, 84.1769, -1
1194, 0, 0, 0, 0, -1
1195, 339.724, 512.976, 341.301, 515.764, -1
1196, 0, 0, 0, 0, -1
1197, 14795.4, 21974, 14802.3, 21977.7, -1
1198, 0, 0, 0, 0, -1
1199, 0, 0, 0, 0, -1
1200, 0, 0, 0, 0, -1
1201, 5.11591e-13, -3.41061e-13, 4.54747e-13, -4.54747e-13, -1
1202, 0, 0, 0, 0, -1
1203, 0, 0, 0, 0, -1
1204, 1098.45, 823.07, 1098.4, 823.071, -1
1205, 5088.82, 7605.8, 5088.41, 7598.28, -1
1206, 0, 0, 0, 0, -1
1207, 9.09495e-13, 0, 9.09495e-13, 0, -1
1208, 7256.24, 8418.11, 7257.57, 8420.28, -1
1209, 1947.86, 1289.28, 1945.24, 1286.54, -1
1210, 5.77806, 24.6526, 5.77806, 24.6526, -1
1211, 295.217, 419.614, 295.221, 419.614, -1
1212, 0, 0, 0, 0, -1
1213, 16791.6, 15616.9, 16791.8, 15618, -1
1214, 92.6043, 379.527, 92.6043, 379.527, -1
1215, 0, 0, 0, 0, -1
1216, 4652.38, 3515.74, 4652.39, 3515.76, -1
1217, 19.1136, 76.5998, 19.1136, 76.5998, -1
1218, 46.6546, 46.3886, 46.6546, 46.3886, -1
1219, 0, 0, 0, 0, -1
1220, 44.3387, 94.8256, 44.3388, 94.8442, -1
1221, 5190.95, 10104.2, 5191, 10104.2, -1
1222, 0, 0, 0, 0, -1
1223, 6774.38, 6959.61, 6775.77, 6959.27, -1
1224, 4.54747e-13, 0, 2.27374e-13, -4.54747e-13, -1
1225, 4.54747e-13, -2.27374e-13, 2.27374e-13, -2.27374e-13, -1
1226, 2.5337, 1.30628, 2.53371, 1.30628, -1
1227, 1.13687e-13, 1.13687e-13, 1.13687e-13, 1.13687e-13, -1
1228, 0, 0, 0, 0, -1
1229, 309.079, 450.491, 309.081, 450.492, -1
1230, 1660.19, 1113.9, 1662.65, 1114.85, -1
1231, 0, 0, 0, 0, -1
1232, 0, 0, 0, 0, -1
1233, 0, 0, 0, 0, -1
1234, 3485.69, 4346.72, 3483.77, 4344.77, -1
1235, 0, 0, 0, 0, -1
1236, 17.4623, 212, 17.4623, 212, -1
1237, 0, 0, 0, 0, -1
1238, 0, 0, 0, 0, -1
1239, 80.3417, 28.002, 80.3417, 28.002, -1
1240, 1493.09, 2465.28, 1493.1, 2465.29, -1
1241, 5.44533, 12.4586, 5.44533, 12.4586, -1
1242, 43.4586, 280.173, 43.4602, 280.173, -1
1243, 4836.19, 6258.75, 4836.73, 6259.15, -1
1244, 1022.1, 853.236, 1022.1, 853.236, -1
1245, 0, 0, 0, 0, -1
1246, 6047.63, 7966.82, 6048.33, 7967.02, -1
1247, 218.681, 283.152, 218.681, 283.172, -1
1248, 0, 0, 0, 0, -1
1249, 0.0624895, 21.9491, 0.0624895, 21.9491, -1
1250, 0, 0, 0, 0, -1
1251, 3161.37, 3658.16, 3161.14, 3657.87, -1
1252, 182.589, 234.833, 182.685, 234.833, -1
1253, 42.213, 6.40337, 42.2137, 6.40337, -1
1254, 352.422, 944.848, 352.425, 944.848, -1
1255, 6375.78, 10564.7, 6370.29, 10555.6, -1
1256, 159.829, 1078.27, 159.829, 1078.27, -1
1257, 44.4361, 229.366, 44.4362, 229.366, -1
1258, 9025.14, 13802.5, 9021.42, 13798.5, -1
1259, 14621.9, 15922.8, 14623.1, 15924.3, -1
1260, 3340.47, 3668.14, 3340.3, 3667.48, -1
1261, 385.416, 617.821, 385.416, 617.822, -1
1262, 0, 0, 0, 0, -1
1263, 1032.38, 1074.78, 1032.17, 1074.68, -1
1264, 48586.9, 52667.2, 48591, 52672.4, -1
1265, 22.3698, 50.7729, 22.3698, 50.7729, -1
1266, 1622.24, 1424.48, 1622.24, 1424.48, -1
1267, 4684.15, 4823.39, 4687.14, 4822.5, -1
1268, 59.5304, 67.9322, 59.5304, 67.9322, -1
1269, 0, 0, 0, 0, -1
1270, 161.223, 395.823, 161.226, 395.829, -1
1271, 146.924, 187.206, 146.929, 187.206, -1
1272, 0, 0, 0, 0, -1
1273, 0, 0, 0, 0, -1
1274, 0, 0, 0, 0, -1
1275, 0, 0, 0, 0, -1
1276, 1520.24, 2451.03, 1520.24, 2451.03, -1
1277, 0.865477, 2, 0.865477, 2, -1
1278, 1.17673, 0.0075188, 1.17673, 0.0075188, -1
1279, 0, 0, 0, 0, -1
1280, 1364.62, 2864.21, 1364.65, 2864.3, -1
1281, 1864.38, 3509.28, 1859.7, 3495.21, -1
1282, 2055.47, 1429.34, 2055.37, 1429.34, -1
1283, 0, 0, 0, 0, -1
1284, 17.5439, 54.7015, 17.5439, 54.7015, -1
1285, 375.9, 1686.73, 375.9, 1686.73, -1
1286, 0, 0, 0, 0, -1
1287, 0, 0, 0, 0, -1
1288, -1.11022e-16, 0, -1.11022e-16, 0, -1
1289, -1.13687e-13, -1.36424e-12, 2.27374e-13, -1.25056e-12, -1
1290, 925.428, 929.204, 925.565, 929.247, -1
1291, 15.0256, 203.573, 15.0256, 203.573, -1
1292, 0, 0, 0, 0, -1
1293, 17.1429, 0.1078, 17.1429, 0.1078, -1
1294, 2075.37, 2433.22, 2077.63, 2437.78, -1
1295, 2.27374e-13, -4.54747e-13, 6.82121e-13, -2.27374e-13, -1
1296, 2439.97, 2611.78, 2439.94, 2611.98, -1
1297, 177.983, 211.956, 177.996, 211.961, -1
1298, 29.812, 18.5496, 29.812, 18.5496, -1
1299, 2.27374e-13, 0, 2.27374e-13, 0, -1
1300, 1665.63, 1697.7, 1667.51, 1697.7, -1
1301, 421.601, 516.18, 421.672, 516.196, -1
1302, 14118, 19054.9, 14112.1, 19044.1, -1
1303, 3359.89, 2568.51, 3353.08, 2559.8, -1
1304, 0, 0, 0, 0, -1
1305, 1.9373, 0, 1.9373, 0, -1
1306, 1053.12, 942.758, 1053.12, 942.776, -1
1307, 1344, 1044.67, 1348, 1056.67, -1
1308, 186.317, 670.371, 186.317, 670.371, -1
1309, 0, 0, 0, 0, -1
1310, 0, 0, 0, 0, -1
1311, 1498.64, 2930.59, 1498.67, 2930.59, -1
1312, 2524.84, 3821.06, 2525.12, 3821.76, -1
1313, 4.99649, 0.189434, 4.99649, 0.189434, -1
1314, 0, 0, 0, 0, -1
1315, 784.47, 399.3, 784.473, 399.302, -1
1316, -1.13687e-13, 0, -1.13687e-13, 0, -1
1317, 5257.91, 9233.76, 5260.72, 9237.63, -1
1318, 1308.62, 3913.61, 1308.8, 3913.62, -1
1319, -1.13687e-12, 6.82121e-13, -1.13687e-12, 9.09495e-13, -1
1320, 28.8937, 1, 28.8937, 1, -1
1321, -1.11022e-16, 0, -1.11022e-16, 0, -1
1322, 69.8452, 26.0107, 69.8459, 26.0107, -1
1323, 0, 0, -2.27374e-13, 0, -1
1324, 0, 4.54747e-13, 0, 4.54747e-13, -1
1325, 19.9705, 106, 19.9705, 106, -1
1326, 1371.11, 3783.39, 1371.12, 3783.41, -1
1327, 0, 0, 0, 0, -1
1328, 9743.26, 13561.4, 9745.34, 13562.6, -1
1329, 0, 0, 0, 0, -1
1330, 1254.83, 1123.86, 1254.83, 1123.86, -1
1331, 29184.2, 32954.2, 29190, 32948.7, -1
1332, 336.672, 1371.87, 336.672, 1371.87, -1
1333, 0, 0, 0, 0, -1
1334, 0, 0, 0, 0, -1
1335, 0, 0, 0, 0, -1
1336, 4.16075, 18.1131, 4.22528, 18.3587, -1
1337, 77.9597, 450.063, 77.9598, 450.063, -1
1338, 935.34, 2635.65, 935.419, 2635.65, -1
1339, 0, 0, 0, 0, -1
1340, 0, 0, 0, 0, -1
1341, 5.91222, 775, 5.91222, 775, -1
1342, 0, 0, 0, 0, -1
1343, 9.43737, 5.81422, 9.43737, 5.81422, -1
1344, -2.27374e-13, 0, -2.27374e-13, 0, -1
1345, 46869, 59903.4, 46874.5, 59903.1, -1
1346, 22.4102, 6.71462, 22.4102, 6.71462, -1
1347, 1474.07, 1676.27, 1474.65, 1676.05, -1
1348, 1065.17, 1632.91, 1065.27, 1633.1, -1
1349, 100.434, 285.761, 100.441, 285.762, -1
1350, 5641.65, 6711.18, 5641.65, 6711.18, -1
1351, 915.14, 1391.91, 915.254, 1391.91, -1
1352, 0, 0, 0, 0, -1
1353, 5.68434e-14, 1.98952e-13, 5.68434e-14, 1.98952e-13, -1
1354, 14279.6, 11416.1, 14377.1, 11600.6, -1
1355, 0, 0, 0, 0, -1
1356, 18580.9, 21806.8, 18571.8, 21794.4, -1
1357, 39164.3, 49907.5, 39175.5, 49922.3, -1
1358, 8.87299, 78.9569, 8.87314, 78.9569, -1
1359, 21.8573, 60.0894, 22.2213, 60.0894, -1
1360, 1310.26, 2185.38, 1310.36, 2185.38, -1
1361, 2278.74, 4222.86, 2278.93, 4222.86, -1
1362, 0, 0, 0, 0, -1
1363, 3795.77, 2735.17, 3792.49, 2730.14, -1
1364, 289.203, 404.242, 289.204, 404.243, -1
1365, 0, 0, 0, 0, -1
1366, 48.0453, 17.6195, 48.0453, 17.6195, -1
1367, 1587.72, 4682.97, 1587.8, 4682.97, -1
1368, 973, 973, 973, 973, -1
1369, 504.651, 1099.07, 504.821, 1099.07, -1
1370, 0, 0, 0, 0, -1
1371, 605.609, 1458.3, 605.614, 1458.3, -1
1372, 211.705, 36.4384, 211.705, 36.4384, -1
1373, 1753.56, 1573.32, 1753.86, 1573.32, -1
1374, 7.33564, 3.5, 7.33564, 3.5, -1
1375, 884.71, 1608.69, 885.142, 1608.46, -1
1376, 530.307, 1207.31, 530.332, 1207.32, -1
1377, 115.154, 162.572, 115.154, 162.572, -1
1378, -9.09495e-13, 0, -9.09495e-13, 0, -1
1379, 257.384, 335.036, 257.389, 335.036, -1
1380, 0, 0, 0, 0, -1
1381, 0, 0, 0, 0, -1
1382, 3249.94, 5394.8, 3250.64, 5394.8, -1
1383, 10.5738, 62.0954, 10.5738, 62.0954, -1
1384, 1549.78, 2909.75, 1549.79, 2909.75, -1
1385, 690.784, 1743.27, 690.777, 1743.26, -1
1386, 64.7167, 732.184, 64.7183, 732.184, -1
1387, 0, -4.54747e-13, 0, 0, -1
1388, 10050.8, 10904.5, 10067.5, 10944.5, -1
1389, 9857.02, 12858.1, 9866.92, 12881, -1
1390, 0, 0, 0, 0, -1
1391, 153.818, 152.311, 153.818, 152.311, -1
1392, 128.972, 329.552, 128.972, 329.552, -1
1393, 497.69, 674.638, 500.141, 678.388, -1
1394, 0, 0, 0, 0, -1
1395, 0, 0, 0, 0, -1
1396, 0, 0, 0, 0, -1
1397, 0, 0, 0, 0, -1
1398, 7419.44, 4539.1, 7421.36, 4546.3, -1
1399, 0, 0, 0, 0, -1
1400, 4.87678, 0.734103, 4.88312, 0.734103, -1
1401, 0, 0, 0, 0, -1
1402, 0, 0, 0, 0, -1
1403, 0, 0, 0, 0, -1
1404, 1326.4, 406.492, 1326.4, 406.492, -1
1405, 0, -2.27374e-13, -1.13687e-13, -2.27374e-13, -1
1406, 211.646, 238.179, 211.646, 238.179, -1
1407, 14396.6, 22216.9, 14397, 22217, -1
1408, 1.7053e-13, -1.7053e-13, 2.84217e-13, -1.7053e-13, -1
1409, 12.3258, 16.1854, 12.3258, 16.1854, -1
1410, 177.661, 451.353, 177.699, 451.353, -1
1411, 2.41203, 41.9796, 2.41203, 41.9796, -1
1412, 0, 0, 0, 0, -1
1413, 5487.93, 9347.89, 5488.31, 9348.05, -1
1414, 12862.6, 11287, 12885.8, 11300.2, -1
1415, 1219.44, 879.674, 1210.28, 860.797, -1
1416, 116.772, 642.852, 116.772, 642.852, -1
1417, 11628.1, 9601.62, 11603.1, 9560.96, -1
1418, 0, 0, 0, 0, -1
1419, 54.7498, 36.8872, 54.7498, 36.8872, -1
1420, 24.5016, 10.1396, 24.5016, 10.1396, -1
1421, 471.37, 772.072, 471.361, 772.071, -1
1422, 0, 0, 0, 0, -1
1423, 43.303, 41.2721, 43.303, 41.2721, -1
1424, 519.766, 612.108, 519.767, 612.109, -1
1425, 32.1635, 18.2007, 32.1635, 18.2007, -1
1426, 101.995, 86.9337, 101.995, 86.934, -1
1427, 0, 0, 0, 0, -1
1428, 1578.5, 1483.64, 1578.78, 1483.64, -1
1429, 895.701, 1474.89, 896.313, 1474.89, -1
1430, 0, 0, 0, 0, -1
1431, 0, 0, 0, 0, -1
1432, 0, 0, 0, 0, -1
1433, 785.16, 2093.53, 785.192, 2093.53, -1
1434, 203.55, 84.0468, 203.552, 84.0469, -1
1435, 2050.46, 3333.33, 2050.55, 3334.41, -1
1436, 0.242852, 0.131117, 0.242852, 0.131117, -1
1437, 2891.49, 1995.16, 2891.65, 1995.21, -1
1438, 0, 0, 0, 0, -1
1439, 0, 0, 0, 0, -1
1440, 5581.6, 5610.99, 5587.1, 5618.87, -1
1441, 55.0234, 64.6536, 55.0236, 64.6536, -1
1442, 52.8473, 1096.93, 52.8473, 1096.93, -1
1443, 10.8412, 5.00713, 10.8412, 5.00713, -1
1444, 1138.26, 2022.64, 1135.51, 2021.64, -1
1445, -1.13687e-13, -2.27374e-13, -1.13687e-13, -2.27374e-13, -1
1446, 0, 0, 0, 0, -1
1447, 0, 0, 0, 0, -1
1448, 121.844, 916, 121.844, 916, -1
1449, 139.885, 125.467, 139.905, 125.479, -1
1450, 207.009, 275.869, 207.01, 275.869, -1
1451, 5.4439, 17.2774, 5.4439, 17.2774, -1
1452, 1235.81, 1831.45, 1236.08, 1831.45, -1
1453, 5646.62, 10362.5, 5646.95, 10362.7, -1
1454, 0, 0, 0, 0, -1
1455, 273.555, 195.032, 273.555, 195.032, -1
1456, 66.2094, 206.095, 66.2094, 206.095, -1
1457, 0, 0, 0, 0, -1
1458, -2.27374e-13, 0, -2.27374e-13, 0, -1
1459, 0, 0, 0, 0, -1
1460, 0, -3.41061e-13, 0, -3.41061e-13, -1
1461, 2487.79, 5152.53, 2486.83, 5150.31, -1
1462, 0, 0, 0, 0, -1
1463, 0, 0, 0, 0, -1
1464, 16.0276, 0, 16.0276, 0, -1
1465, 0, 0, 0, 0, -1
1466, 0, 0, 0, 0, -1
1467, 0, 0, 0, 0, -1
1468, 3904.57, 4389.47, 3905.57, 4390.47, -1
1469, 2530.82, 2828.41, 2531.23, 2828.41, -1
1470, 2.27374e-13, 0, 2.27374e-13, 0, -1
1471, 2.93453, 0.778404, 2.93453, 0.778404, -1
1472, 2102.44, 3030.33, 2104.35, 3031.24, -1
1473, 728.304, 964, 728.304, 964, -1
1474, 0, 0, 0, 0, -1
1475, 33320.1, 41764.5, 33327.7, 41771.4, -1
1476, 162.191, 152.539, 162.191, 152.539, -1
1477, -2.27374e-13, 4.54747e-13, -2.27374e-13, 4.54747e-13, -1
1478, 3946.95, 4086.11, 3946.91, 4087.7, -1
1479, 0, 0, 0, 0, -1
1480, 0, 0, 0, 0, -1
1481, 9378.74, 11447, 9387.82, 11469.6, -1
1482, 0, 0, 0, 0, -1
1483, 219.336, 297.109, 219.674, 297.109, -1
1484, 201.995, 235.781, 202.083, 235.781, -1
1485, 0, 0, 0, 0, -1
1486, 1.98988, 0, 1.98988, 0, -1
1487, 216.886, 305.863, 216.886, 305.863, -1
1488, 0, 0, 0, 0, -1
1489, -1.13687e-13, 0, -2.27374e-13, 1.13687e-13, -1
1490, 1161.89, 826.34, 1162.34, 826.36, -1
1491, -4.54747e-13, 0, -4.54747e-13, 0, -1
1492, 57.5172, 157.131, 57.5174, 157.131, -1
1493, 1.13687e-13, 0, 5.68434e-14, -2.27374e-13, -1
1494, 3825.37, 5613.08, 3826.16, 5615.25, -1
1495, 0, 0, 0, 0, -1
1496, 1299.11, 1541.26, 1299.11, 1541.26, -1
1497, 0, 0, 0, 0, -1
1498, 73.2822, 121.735, 73.2822, 121.735, -1
1499, 0, 0, 0, 0, -1
1500, 0, 0, 0, 0, -1
1501, 26.3693, 104, 26.3693, 104, -1
1502, 2.27374e-13, 0, 2.27374e-13, 0, -1
1503, 212.245, 501.446, 212.245, 501.446, -1
1504, 921.508, 1470.2, 921.51, 1470.2, -1
1505, 0, 0, 0, 0, -1
1506, 1224.79, 2221.21, 1224.79, 2221.21, -1
1507, 1860.08, 1826.39, 1860.08, 1826.39, -1
1508, 0, 0, 0, 0, -1
1509, 1360.94, 3157.01, 1360.94, 3157.01, -1
1510, 4.65812, 4.18377, 4.65812, 4.18377, -1
1511, 5852.39, 8777.24, 5903.88, 8785.08, -1
1512, 2639.9, 2029.49, 2640.1, 2029.71, -1
1513, 5734.85, 5434.75, 5723.86, 5424.95, -1
1514, 1204.32, 1787.51, 1204.39, 1788.03, -1
1515, 9251.6, 7701.35, 9251.71, 7702.4, -1
1516, 147.619, 178.444, 147.619, 178.444, -1
1517, 0, -2.27374e-13, 0, -2.27374e-13, -1
1518, 1285, 2309.81, 1285.31, 2311.58, -1
1519, 16.1395, 8.51383, 16.1395, 8.51383, -1
1520, 2.11737, 1.29275, 2.11737, 1.29275, -1
1521, 6306.75, 6438.9, 6307.19, 6440.45, -1
1522, 149.719, 87.327, 149.719, 87.327, -1
1523, 0, 0, 0, 0, -1
1524, 1366.21, 1857.34, 1370.86, 1861.84, -1
1525, -2.27374e-13, 1.13687e-13, 2.27374e-13, 0, -1
1526, 0.432746, 9.95738, 0.432746, 9.95738, -1
1527, 0, 0, 0, 0, -1
1528, 2821.38, 5515.91, 2823.55, 5517.18, -1
1529, 0, 0, 0, 0, -1
1530, 0, 0, 0, 0, -1
1531, 0, 0, 0, 0, -1
1532, 0, 0, 0, 0, -1
1533, 1093.29, 1002.24, 1093.39, 1002.24, -1
1534, 238.195, 92.6723, 238.199, 92.6747, -1
1535, 771.849, 634.717, 772.02, 634.717, -1
1536, 0, 0, 0, 0, -1
1537, -3.41061e-13, 1.13687e-13, -3.41061e-13, 0, -1
1538, 67.5866, 59.0725, 67.5866, 59.0725, -1
1539, -1.13687e-13, -1.13687e-13, -5.68434e-14, 0, -1
1540, 0, 0, 0, 0, -1
1541, 3690.96, 2963.71, 3695.63, 2959.08, -1
1542, 0, 0, 0, 0, -1
1543, 0, 361, 0, 361, -1
1544, 0, 0, 0, 0, -1
1545, 1324.58, 1255.47, 1325.25, 1257.93, -1
1546, 0, 0, 0, 0, -1
1547, 0, 0, 0, 0, -1
1548, 0, 0, 0, 0, -1
1549, 0, 0, 0, 0, -1
1550, 45.887, 10.4242, 45.8871, 10.4242, -1
1551, 0, 0, 0, 0, -1
1552, 3820.62, 5364.42, 3820.7, 5364.42, -1
1553, 0, 0, 0, 0, -1
1554, 1626.01, 1742.45, 1623.08, 1738.24, -1
1555, 97.2717, 44.4841, 97.2717, 44.4841, -1
1556, 0, 0, 0, 0, -1
1557, 2431.25, 1974, 2429.25, 1972, -1
1558, -3.41061e-13, 0, -4.54747e-13, 0, -1
1559, -2.27374e-13, 4.54747e-13, -3.41061e-13, 4.54747e-13, -1
1560, 53.0257, 44.6103, 53.0257, 44.6103, -1
1561, 1374.77, 1196.35, 1374.99, 1196.62, -1
1562, 88.0769, 47, 88.0769, 47, -1
1563, 0, 0, 0, 0, -1
1564, 2266.56, 2030.29, 2266.89, 2038.32, -1
1565, 0, 792, -4.54747e-13, 792, -1
1566, 0, 0, 0, 0, -1
1567, 0, 0, 0, 0, -1
1568, 0, 0, 0, 0, -1
1569, 720.622, 1572.96, 720.743, 1573, -1
1570, 1544.23, 2305.46, 1544.25, 2305.46, -1
1571, 6176.13, 7736.81, 6208.43, 7757.28, -1
1572, -1.13687e-13, 2.27374e-13, -1.13687e-13, 0, -1
1573, 1697.82, 1580.78, 1705.33, 1589.47, -1
1574, 0, 0, 0, 0, -1
1575, 0, 0, 0, 0, -1
1576, 0, 0, 0, 0, -1
1577, 0, 0, 0, 0, -1
1578, 1220.38, 523.642, 1221.52, 523.664, -1
1579, 0, 0, 0, 0, -1
1580, 3768.38, 3344.94, 3767.42, 3342.14, -1
1581, 509.355, 299.675, 509.741, 299.884, -1
1582, 895.991, 1983.45, 895.991, 1983.45, -1
1583, 2.27374e-13, 1.13687e-13, 0, 0, -1
1584, 1837.42, 1518.24, 1838, 1518.24, -1
1585, 338.283, 1068.01, 338.305, 1068.03, -1
1586, 0, 0, 0, 0, -1
1587, 1570.64, 4215.16, 1572.42, 4218.13, -1
1588, 9.62873, 7.24064, 9.62873, 7.24064, -1
1589, 209.29, 1448.24, 209.29, 1448.24, -1
1590, 0, 0, 0, 0, -1
1591, 85.5175, 73.883, 86.277, 73.8833, -1
1592, 650.939, 1220.03, 652.009, 1223.19, -1
1593, 0, 0, 0, 0, -1
1594, 0, 0, 0, 0, -1
1595, -3.41061e-13, -3.41061e-13, -2.27374e-13, -2.27374e-13, -1
1596, -1.13687e-13, -1.13687e-13, -1.13687e-13, -1.13687e-13, -1
1597, 217.921, 491.88, 218.099, 492.233, -1
1598, 34343.6, 27634, 34344.1, 27642.2, -1
1599, 0, 0, 0, 0, -1
1600, 0, 0, 0, 0, -1
1601, 0, 0, 0, 0, -1
1602, 0, 0, 0, 0, -1
1603, 0, 0, 0, 0, -1
1604, 1840.18, 4982.99, 1845.13, 4989.42, -1
1605, 1790.27, 1574.1, 1790.44, 1574.47, -1
1606, 8299.63, 17490.1, 8301.8, 17493, -1
1607, 40.7843, 30.678, 40.7844, 30.678, -1
1608, 11.4043, 0, 11.4043, 0, -1
1609, 11263.5, 10443.9, 11257.5, 10428, -1
1610, 0, 0, 0, 0, -1
1611, 0, -4.54747e-13, -2.27374e-13, -5.68434e-13, -1
1612, 255.308, 393.678, 256.31, 396.68, -1
1613, 0, 0, 0, 0, -1
1614, 1020.77, 1725.78, 1022.78, 1736.36, -1
1615, 16.0135, 1, 16.0135, 1, -1
1616, 4651.58, 7763.04, 4652.09, 7763.04, -1
1617, 0, 0, 0, 0, -1
1618, 0, 0, 0, 0, -1
1619, 582.393, 1120.06, 578.852, 1112.19, -1
1620, 0, 0, 0, 0, -1
1621, 2535.34, 4047.91, 2531.09, 4038.64, -1
1622, 925.965, 941.123, 925.965, 941.123, -1
1623, 1392.26, 1248.31, 1392.26, 1248.31, -1
1624, 0, 0, 0, 0, -1
1625, 2425.76, 1577.27, 2425.76, 1577.27, -1
1626, 1, 1, 1, 1, -1
1627, 1484.62, 1345.06, 1484.64, 1344.65, -1
1628, 0, 0, 0, 0, -1
1629, 2547.73, 2505.76, 2549.73, 2511.76, -1
1630, 2001.16, 2338.27, 2001.48, 2338.6, -1
1631, 0, 0, 0, 0, -1
1632, 2.27374e-13, 1.13687e-13, 0, 1.13687e-13, -1
1633, 175.793, 131.063, 175.793, 131.063, -1
1634, 6675.03, 7270.9, 6678.16, 7274.02, -1
1635, 1266.29, 1243.41, 1266.28, 1243.39, -1
1636, 26.2911, 46.0357, 26.2911, 46.0357, -1
1637, 0, 0, 0, 0, -1
1638, 282.295, 1354.12, 282.296, 1354.12, -1
1639, 94.8803, 2.27374e-13, 94.8806, 1.13687e-13, -1
1640, 7788.97, 4362.49, 7781.79, 4357.21, -1
1641, 459.547, 983.435, 460.111, 984.435, -1
1642, 116.479, 24.7167, 116.479, 24.7167, -1
1643, 0, -1.13687e-13, 2.27374e-13, -1.13687e-13, -1
1644, 3.256, 1.18727, 3.25674, 1.18727, -1
1645, 995.408, 1019.8, 995.41, 1019.8, -1
1646, 0, 0, 0, 0, -1
1647, 0, 0, 0, 0, -1
1648, 1.13687e-13, -4.54747e-13, 4.54747e-13, -4.54747e-13, -1
1649, 0, 0, 0, 0, -1
1650, 0, 0, 0, 0, -1
1651, 2495.13, 3635.96, 2493, 3632.22, -1
1652, 853.391, 1577.97, 856.558, 1580.99, -1
1653, 0, 0, 0, 0, -1
1654, 11781.5, 10149.9, 11781.9, 10146.4, -1
1655, 0, 0, 0, 0, -1
1656, 0, 0, 0, 0, -1
1657, 0, 0, 0, 0, -1
1658, 2593.26, 2336.56, 2593.44, 2336.56, -1
1659, 4.54747e-13, 0, 4.54747e-13, 0, -1
1660, 0, 0, 0, 0, -1
1661, 0, 0, 0, 0, -1
1662, 1.33451, 0.883496, 1.33451, 0.883496, -1
1663, 2532.69, 4441.9, 2533.05, 4441.66, -1
1664, 0, 0, 0, 0, -1
1665, 0, 0, 0, 0, -1
1666, 37.227, 87.8437, 37.2271, 87.8437, -1
1667, 1664.2, 3256.6, 1667.33, 3261.93, -1
1668, 1874.39, 1874.58, 1874.39, 1874.58, -1
1669, 60105, 36043.2, 60112.5, 36043.5, -1
1670, 0, 0, 0, 0, -1
1671, 0, 0, 0, 0, -1
1672, 672.85, 448.594, 672.85, 449.112, -1
1673, 0, 0, 0, 0, -1
1674, 249.921, 195.586, 250.493, 196.393, -1
1675, 3.41061e-13, 1.13687e-13, 1.13687e-13, 0, -1
1676, 0, 0, 0, 0, -1
1677, 15.5972, 67.2867, 15.5972, 67.2867, -1
1678, 0, 0, 0, 0, -1
1679, 642.476, 1481.85, 644.702, 1485.85, -1
1680, 6.82121e-13, 0, 4.54747e-13, 1.13687e-13, -1
1681, 84.451, 425.18, 84.451, 425.18, -1
1682, 9.53288, 1.13687e-12, 9.53288, 1.13687e-12, -1
1683, 34.5459, 26.8268, 34.5459, 26.8268, -1
1684, 0, 0, 0, 0, -1
1685, 4096.91, 4748.75, 4098.31, 4751.35, -1
1686, 0, 0, 0, 0, -1
1687, 13270.6, 11681, 13266.5, 11677.6, -1
1688, 0, 0, 0, 0, -1
1689, 2207.81, 3574.66, 2209.47, 3577.66, -1
1690, 0, 0, 0, 0, -1
1691, 1095.96, 1381.54, 1096.26, 1381.54, -1
1692, 17459.8, 16785.2, 17512.6, 16775.1, -1
1693, 0, 0, 0, 0, -1
1694, 0, 0, 0, 0, -1
1695, 0, 0, 0, 0, -1
1696, 2.27374e-13, 0, -1.7053e-13, -1.13687e-13, -1
1697, 493.729, 619.345, 508.929, 621.8, -1
1698, 0, 0, 0, 0, -1
1699, 0, 0, 0, 0, -1
1700, 4184.93, 5975.17, 4190.26, 5975.16, -1
1701, 1008.53, 1470.71, 1008.65, 1472.3, -1
1702, 0, 0, 0, 0, -1
1703, 146.532, 104.519, 146.563, 104.524, -1
1704, -6.82121e-13, -2.27374e-13, 1.13687e-13, 1.13687e-13, -1
1705, 1.13687e-13, -2.27374e-13, 0, -1.13687e-13, -1
1706, 0, 0, 0, 0, -1
1707, 0, 0, 0, 0, -1
1708, 0, 0, 0, 0, -1
1709, 4525.85, 5906.64, 4528.13, 5922.07, -1
1710, 4.14226, 0.00331126, 4.14226, 0.00331126, -1
1711, 1951.34, 5163.61, 1954.25, 5168.97, -1
1712, 2847.2, 2646.26, 2863.16, 2643.48, -1
1713, 0, 0, 0, 0, -1
1714, 108.607, 343.148, 108.607, 343.148, -1
1715, 955.03, 1118.55, 956.202, 1119.55, -1
1716, 1.13687e-13, -1.13687e-13, 0, -2.27374e-13, -1
1717, 0, 0, 0, 0, -1
1718, 0, 0, 0, 0, -1
1719, 9.69707, 4.53089, 9.69712, 4.53089, -1
1720, 0, 0, 0, 0, -1
1721, 971.313, 525.719, 978.925, 533.147, -1
1722, 1.13687e-13, 1.7053e-13, 1.13687e-13, 1.7053e-13, -1
1723, 0, 0, 0, 0, -1
1724, 85.1514, 58.1296, 85.1514, 58.134, -1
1725, 427.76, 370.7, 429.76, 378.7, -1
1726, 0, 0, 0, 0, -1
1727, 0, 0, 0, 0, -1
1728, 0, 0, 0, 0, -1
1729, 0, 0, 0, 0, -1
1730, 1624.3, 1245.26, 1628.77, 1249.7, -1
1731, 0, 0, 0, 0, -1
1732, 47.148, 184.001, 47.148, 184.001, -1
1733, 0, 0, 0, 0, -1
1734, 0, 0, 0, 0, -1
1735, 2.27374e-13, 2.27374e-13, -4.54747e-13, 7.95808e-13, -1
1736, 0, 0, 0, 0, -1
1737, 0, 0, 0, 0, -1
1738, 22.2762, 9.68189, 22.2762, 9.68189, -1
1739, 0, 0, 0, 0, -1
1740, 373.651, 228.699, 373.652, 228.699, -1
1741, 0, 0, 0, 0, -1
1742, 2.84217e-13, 0, 2.84217e-13, 0, -1
1743, 0, 1.13687e-13, 0, 1.13687e-13, -1
1744, 0, 0, 0, 0, -1
1745, 2.84862, 1.41739, 2.84869, 1.41739, -1
1746, 0, 0, 0, 0, -1
1747, 124.075, 189.633, 124.075, 189.858, -1
1748, 0, 0, 0, 0, -1
1749, 0, 0, 0, 0, -1
1750, 0, 0, 0, 0, -1
1751, 0, 0, 0, 0, -1
1752, 91.5176, 64, 91.5176, 64, -1
1753, 455.1, 209, 455.1, 209, -1
1754, 1865.42, 2831.04, 1861.37, 2826.8, -1
1755, 1, 1.13687e-13, 1, 2.27374e-13, -1
1756, 844.842, 3215.26, 844.726, 3215.07, -1
1757, 68493.6, 54300, 68001.7, 53708.9, -1
1758, 0, 0, 0, 0, -1
1759, 0, 0, 0, 0, -1
1760, 37.2414, 3.02787, 37.2415, 3.02787, -1
1761, 0, 0, 0, 0, -1
1762, 0, 0, 0, 0, -1
1763, -1.13687e-13, 1.13687e-13, -1.13687e-13, 1.13687e-13, -1
1764, 295.662, 32, 295.662, 32, -1
1765, 9.05566, 10.753, 9.05566, 10.753, -1
1766, 0, 0, 0, 0, -1
1767, 2962.75, 2332.16, 2994.86, 2351.87, -1
1768, 38.8511, 20.2336, 38.8511, 21.2336, -1
1769, 0, 0, 0, 0, -1
1770, 20.3757, 11.301, 20.3779, 11.301, -1
1771, 62.9631, 71.6976, 104.743, 76.5621, -1
1772, 0, 0, 0, 0, -1
1773, 119.359, 252.204, 119.359, 253.204, -1
1774, 91.7625, 26.8571, 91.7625, 26.8571, -1
1775, 0, 0, 0, 0, -1
1776, 7.86432, 15.7826, 7.86703, 15.7826, -1
1777, 1040.54, 2054.56, 1040.54, 2054.56, -1
1778, 0, 0, 0, 0, -1
1779, 571.449, 425.857, 571.575, 427.273, -1
1780, 4.79044, 2.27374e-13, 4.79044, 2.27374e-13, -1
1781, 0, 0, 0, 0, -1
1782, 1443.09, 2116.17, 1443.09, 2116.17, -1
1783, 0, 0, 0, 0, -1
1784, 0, 0, 0, 0, -1
1785, 1956.94, 1747.56, 1956.94, 1747.56, -1
1786, 0, 0, 0, 0, -1
1787, 164.621, 79.1693, 164.621, 79.1693, -1
1788, 0, 0, 0, 0, -1
1789, 0, 0, 0, 0, -1
1790, 7.55964, 41.3637, 7.55964, 41.3637, -1
1791, 392.611, 439.628, 392.611, 439.628, -1
1792, 0, 0, 0, 0, -1
1793, -3.97904e-13, -2.84217e-13, -3.97904e-13, -2.84217e-13, -1
1794, 0, 0, 0, 0, -1
1795, 0, 0, 0, 0, -1
1796, 0, 1.13687e-13, 0, 1.13687e-13, -1
1797, 310.943, 596.265, 310.953, 596.265, -1
1798, 44.6589, 9.90693, 44.6589, 9.90693, -1
1799, -4.26326e-14, -1.42109e-14, -4.26326e-14, -1.42109e-14, -1
1800, 0, 0, 0, 0, -1
1801, 0, 0, 0, 0, -1
1802, 2509.64, 1504.95, 2509.87, 1505.34, -1
1803, 0, 0, 0, 0, -1
1804, 1.42109e-14, -1.42109e-14, 1.42109e-14, -1.42109e-14, -1
1805, 8280.67, 5785.82, 8280.98, 5786.09, -1
1806, 0, 0, 0, 0, -1
1807, 0, 0, 0, 0, -1
1808, 442.447, 453.147, 442.473, 453.162, -1
1809, 0, 0, 0, 0, -1
1810, 0, 0, 0, 0, -1
1811, 1.42109e-13, -2.27374e-13, 1.42109e-13, -2.27374e-13, -1
1812, 805.499, 645.046, 805.5, 645.054, -1
1813, 823.198, 566.446, 823.198, 566.446, -1
1814, -1.13687e-13, -5.68434e-14, -1.13687e-13, -5.68434e-14, -1
1815, 0, 0, 0, 0, -1
1816, 1596.06, 1458.79, 1596.43, 1458.79, -1
1817, 5.68434e-14, 0, 5.68434e-14, 0, -1
1818, 1445, 1445, 1445, 1445, -1
1819, 332.312, 1567.46, 332.313, 1567.46, -1
1820, 2709.93, 1571.7, 2710.01, 1571.78, -1
1821, 0, 0, 0, 0, -1
1822, 3.4564, 9, 3.4564, 9, -1
1823, -2.84217e-14, -5.68434e-14, -2.84217e-14, -5.68434e-14, -1
1824, 0, 0, 0, 0, -1
1825, 0, 0, 0, 0, -1
1826, 0, 0, 0, 0, -1
1827, 0, 0, 0, 0, -1
1828, 0, 0, 0, 0, -1
1829, 73.9112, 14.2898, 73.9112, 14.2898, -1
1830, 622.126, 363.499, 622.126, 363.499, -1
1831, 0, 0, 0, 0, -1
1832, 0, 0, 0, 0, -1
1833, 0, 0, 0, 0, -1
1834, 32.9894, 27.2834, 32.9894, 27.2834, -1
1835, 0, 0, 0, 0, -1
1836, 0, 0, 0, 0, -1
1837, 0, 0, 0, 0, -1
1838, 643.083, 152.519, 643.083, 152.525, -1
1839, 0, 0, 0, 0, -1
1840, 0, 0, 0, 0, -1
1841, 0, 0, 0, 0, -1
1842, 0, 0, 0, 0, -1
1843, 2644.49, 2388.28, 2644.52, 2388.28, -1
1844, 0, 0, 0, 0, -1
1845, 797.609, 342.92, 797.609, 342.92, -1
1846, 1684.48, 1499, 1684.48, 1499, -1
1847, 0, 0, 0, 0, -1
1848, 10.8474, 8.24662, 10.8474, 8.24662, -1
1849, 0, 0, 0, 0, -1
1850, 0, 0, 0, 0, -1
1851, 0, 0, 0, 0, -1
1852, 0, 0, 0, 0, -1
1853, 0, 0, 0, 0, -1
1854, 0, 0, 0, 0, -1
1855, 0, 0, 0, 0, -1
1856, 0, 0, 0, 0, -1
1857, 0, 0, 0, 0, -1
1858, 0, 0, 0, 0, -1
1859, 356.144, 308.371, 356.147, 308.371, -1
1860, 77.2923, 72.9165, 77.2923, 72.9165, -1
1861, 0, 0, 0, 0, -1
1862, 0, 0, 0, 0, -1
1863, 0, 0, 0, 0, -1
1864, 0, 0, 0, 0, -1
1865, 1403.89, 1446.84, 1403.89, 1446.84, -1
1866, 619.225, 1584.53, 619.225, 1584.53, -1
1867, 0, 0, 0, 0, -1
1868, 0, 0, 0, 0, -1
1869, 0, 0, 0, 0, -1
1870, 0, 0, 0, 0, -1
1871, 105.178, 87.3897, 105.178, 87.3897, -1
1872, 1247, 1247, 1247, 1247, -1
1873, 1407.16, 601.09, 1407.16, 601.09, -1
1874, 157.953, 188.986, 157.953, 188.986, -1
1875, 0, 0, 0, 0, -1
1876, -1.45661e-13, 4.26326e-14, -1.45661e-13, 4.26326e-14, -1
1877, 2.84217e-14, 1.42109e-14, 2.84217e-14, 1.42109e-14, -1
1878, -1.11022e-16, 0, -1.11022e-16, 0, -1
1879, 42.0041, 37, 42.0041, 37, -1
1880, 0, 0, 0, 0, -1
1881, 0, 0, 0, 0, -1
1882, 0, 0, 0, 0, -1
1883, 0, 0, 0, 0, -1
1884, 0, 0, 0, 0, -1
1885, 251.769, 133.105, 251.769, 133.105, -1
1886, 288.563, 98.3057, 288.563, 98.3057, -1
1887, 0, 0, 0, 0, -1
1888, 0, 0, 0, 0, -1
1889, 0, -4.44089e-16, 0, -4.44089e-16, -1
1890, 0, 0, 0, 0, -1
1891, 0, 0, 0, 0, -1
1892, 0, 0, 0, 0, -1
1893, 0, 0, 0, 0, -1
1894, 0, 0, 0, 0, -1
1895, 0, 0, 0, 0, -1
1896, 0, 0, 0, 0, -1
1897, 0, 0, 0, 0, -1
1898, 0, 0, 0, 0, -1
