787
0 1 2005 1
2 3 2005 1
4 5 2005 1
6 7 2005 1
8 9 2005 1
10 11 2005 1
12 13 2005 1
14 15 2005 1
16 17 2005 1
18 19 2005 1
20 21 2005 1
20 22 2005 1
22 21 2005 1
23 24 2005 1
23 25 2005 1
26 27 2005 1
28 29 2005 1
28 1 2005 1
28 0 2005 1
30 31 2005 1
32 33 2005 1
34 35 2005 1
36 9 2005 1
36 8 2005 1
37 38 2005 1
39 40 2005 1
0 1 2005 1
41 42 2005 1
41 43 2005 1
44 45 2005 1
2 3 2005 1
46 47 2005 1
48 49 2005 1
50 40 2005 1
50 51 2005 1
52 38 2005 1
53 54 2005 1
55 29 2005 1
45 56 2005 1
57 58 2005 1
59 60 2005 1
61 62 2005 1
63 64 2005 1
65 64 2005 1
65 66 2005 1
67 68 2005 1
67 58 2005 1
69 70 2005 1
71 72 2005 1
73 18 2005 1
74 75 2005 1
8 9 2005 1
76 77 2005 1
76 78 2005 1
79 80 2005 1
79 81 2005 1
79 82 2005 1
83 84 2005 1
83 85 2005 1
86 87 2005 1
62 88 2005 1
62 89 2005 1
10 11 2005 1
12 18 2005 1
12 13 2005 1
90 91 2005 1
92 93 2005 1
16 17 2005 1
94 22 2005 1
95 96 2005 1
95 97 2005 1
98 99 2005 1
98 29 2005 1
98 100 2005 1
101 29 2005 1
101 102 2005 1
7 103 2005 1
100 29 2005 1
104 105 2005 1
106 107 2005 1
108 109 2006 1
26 110 2006 1
111 112 2006 1
113 84 2006 1
107 114 2006 1
107 115 2006 1
2 3 2006 1
2 103 2006 1
20 116 2006 1
8 117 2006 1
28 104 2006 1
28 100 2006 1
66 118 2006 1
10 11 2006 1
119 120 2006 1
121 122 2006 1
12 18 2006 1
84 83 2006 1
84 123 2006 1
84 124 2006 1
83 123 2006 1
83 124 2006 1
67 58 2006 1
125 35 2006 1
124 123 2006 1
126 127 2006 1
126 128 2006 1
129 130 2006 1
131 132 2006 1
44 133 2006 1
46 47 2006 1
37 38 2006 1
31 134 2006 1
3 135 2006 1
3 103 2006 1
136 137 2006 1
138 139 2006 1
68 140 2006 1
68 11 2006 1
120 141 2006 1
72 71 2006 1
142 143 2006 1
38 144 2006 1
81 79 2006 1
145 53 2006 1
15 14 2006 1
146 143 2006 1
58 57 2006 1
128 127 2006 1
16 17 2006 1
147 148 2006 1
147 139 2006 1
149 89 2006 1
150 144 2006 1
65 64 2006 1
115 114 2006 1
95 151 2006 1
51 39 2006 1
51 152 2006 1
90 91 2006 1
100 104 2006 1
153 154 2006 1
52 11 2006 1
80 102 2006 1
50 40 2007 1
10 11 2007 1
155 156 2007 1
94 22 2007 1
117 9 2007 1
7 114 2007 1
157 24 2007 1
88 62 2007 1
141 158 2007 1
65 64 2007 1
36 9 2007 1
159 160 2007 1
161 162 2008 1
163 164 2008 1
165 166 2008 1
165 167 2008 1
168 169 2008 1
168 170 2008 1
168 171 2008 1
172 173 2008 1
125 174 2008 1
170 169 2008 1
170 171 2008 1
170 175 2008 1
176 167 2008 1
177 178 2008 1
179 180 2008 1
181 182 2008 1
183 178 2008 1
184 185 2008 1
166 167 2008 1
186 187 2008 1
188 189 2008 1
188 190 2008 1
191 192 2008 1
193 194 2008 1
193 195 2008 1
193 196 2008 1
197 187 2008 1
198 199 2008 1
169 171 2008 1
171 200 2008 1
195 196 2008 1
201 202 2008 1
203 204 2008 1
189 190 2008 1
205 206 2008 1
205 207 2008 1
208 209 2008 1
208 210 2008 1
208 211 2008 1
212 115 2008 1
213 214 2008 1
215 216 2008 1
215 125 2008 1
217 189 2008 1
217 190 2008 1
217 218 2008 1
217 188 2008 1
219 220 2008 1
161 162 2008 1
221 222 2008 1
223 199 2008 1
223 224 2008 1
223 198 2008 1
225 226 2008 1
225 227 2008 1
225 228 2008 1
225 229 2008 1
225 230 2008 1
50 152 2008 1
231 232 2008 1
231 195 2008 1
231 233 2008 1
234 162 2008 1
235 176 2008 1
235 236 2008 1
235 186 2008 1
235 165 2008 1
237 238 2008 1
237 239 2008 1
237 240 2008 1
237 104 2008 1
237 203 2008 1
237 241 2008 1
237 204 2008 1
237 242 2008 1
243 244 2008 1
243 245 2008 1
246 247 2008 1
246 248 2008 1
249 250 2008 1
251 252 2008 1
251 253 2008 1
251 181 2008 1
251 254 2008 1
255 256 2008 1
255 199 2008 1
255 257 2008 1
232 195 2008 1
258 259 2008 1
258 260 2008 1
261 262 2008 1
261 259 2008 1
261 263 2008 1
257 256 2008 1
257 199 2008 1
254 252 2008 1
254 253 2008 1
254 181 2008 1
264 265 2008 1
260 259 2008 1
266 267 2008 1
266 268 2008 1
10 269 2008 1
10 11 2008 1
12 73 2008 1
165 176 2008 1
165 167 2008 1
165 186 2008 1
165 187 2008 1
165 197 2008 1
165 166 2008 1
165 236 2008 1
168 200 2008 1
168 175 2008 1
168 270 2008 1
168 271 2008 1
168 272 2008 1
168 169 2008 1
168 273 2008 1
168 171 2008 1
168 170 2008 1
168 137 2008 1
242 238 2008 1
242 239 2008 1
242 240 2008 1
242 104 2008 1
242 203 2008 1
242 241 2008 1
242 274 2008 1
242 204 2008 1
209 275 2008 1
209 174 2008 1
209 201 2008 1
209 276 2008 1
62 277 2008 1
270 200 2008 1
270 271 2008 1
270 272 2008 1
270 169 2008 1
270 273 2008 1
270 171 2008 1
270 170 2008 1
278 279 2008 1
125 185 2008 1
125 174 2008 1
125 201 2008 1
125 280 2008 1
125 202 2008 1
125 183 2008 1
281 147 2008 1
281 282 2008 1
283 284 2008 1
283 285 2008 1
283 286 2008 1
283 287 2008 1
283 288 2008 1
283 280 2008 1
109 2 2008 1
267 289 2008 1
267 268 2008 1
94 290 2008 1
94 291 2008 1
94 292 2008 1
293 185 2008 1
174 185 2008 1
174 201 2008 1
174 183 2008 1
294 295 2008 1
296 297 2008 1
296 298 2008 1
296 202 2008 1
299 284 2008 1
300 301 2008 1
302 303 2008 1
304 271 2008 1
304 170 2008 1
304 175 2008 1
274 203 2008 1
274 204 2008 1
305 306 2008 1
307 308 2008 1
170 200 2008 1
170 137 2008 1
170 169 2008 1
170 271 2008 1
170 272 2008 1
170 273 2008 1
170 171 2008 1
170 175 2008 1
309 310 2008 1
311 312 2008 1
311 313 2008 1
2 160 2008 1
227 314 2008 1
227 315 2008 1
227 316 2008 1
176 317 2008 1
176 167 2008 1
176 186 2008 1
176 187 2008 1
176 197 2008 1
176 236 2008 1
279 250 2008 1
173 318 2008 1
173 319 2008 1
320 321 2008 1
290 292 2008 1
322 323 2008 1
316 244 2008 1
316 207 2008 1
316 324 2008 1
306 325 2008 1
306 3 2008 1
326 222 2008 1
326 327 2008 1
326 36 2008 1
44 328 2008 1
329 247 2008 1
329 330 2008 1
331 332 2008 1
333 334 2008 1
335 9 2008 1
177 178 2008 1
177 298 2008 1
177 183 2008 1
177 336 2008 1
31 134 2008 1
337 178 2008 1
337 183 2008 1
338 216 2008 1
339 268 2008 1
340 341 2008 1
342 343 2008 1
3 325 2008 1
344 345 2008 1
344 346 2008 1
344 347 2008 1
348 57 2008 1
348 349 2008 1
350 351 2008 1
350 352 2008 1
179 353 2008 1
179 180 2008 1
181 252 2008 1
181 354 2008 1
181 253 2008 1
319 355 2008 1
356 9 2008 1
356 357 2008 1
241 238 2008 1
241 239 2008 1
241 240 2008 1
241 104 2008 1
241 203 2008 1
241 204 2008 1
336 298 2008 1
183 178 2008 1
358 359 2008 1
184 185 2008 1
360 160 2008 1
317 167 2008 1
361 15 2008 1
164 362 2008 1
238 239 2008 1
238 240 2008 1
238 104 2008 1
238 203 2008 1
238 204 2008 1
363 364 2008 1
289 280 2008 1
289 268 2008 1
166 167 2008 1
166 186 2008 1
166 187 2008 1
166 197 2008 1
365 366 2008 1
365 367 2008 1
240 239 2008 1
240 104 2008 1
240 203 2008 1
240 204 2008 1
368 369 2008 1
368 370 2008 1
269 11 2008 1
371 372 2008 1
373 374 2008 1
374 375 2008 1
178 298 2008 1
182 376 2008 1
276 275 2008 1
276 185 2008 1
276 201 2008 1
377 298 2008 1
377 202 2008 1
280 285 2008 1
280 286 2008 1
271 200 2008 1
271 137 2008 1
271 169 2008 1
271 272 2008 1
271 273 2008 1
271 175 2008 1
271 171 2008 1
186 167 2008 1
186 187 2008 1
186 197 2008 1
186 236 2008 1
248 247 2008 1
378 379 2008 1
378 380 2008 1
378 315 2008 1
378 381 2008 1
378 355 2008 1
378 382 2008 1
378 245 2008 1
378 383 2008 1
384 385 2008 1
78 386 2008 1
78 387 2008 1
147 76 2008 1
147 282 2008 1
388 343 2008 1
175 272 2008 1
389 390 2008 1
389 375 2008 1
390 375 2008 1
343 391 2008 1
343 392 2008 1
188 189 2008 1
188 218 2008 1
188 190 2008 1
393 222 2008 1
394 197 2008 1
345 346 2008 1
345 347 2008 1
346 347 2008 1
391 193 2008 1
391 195 2008 1
391 196 2008 1
391 233 2008 1
391 392 2008 1
391 395 2008 1
245 355 2008 1
245 244 2008 1
245 383 2008 1
245 324 2008 1
396 397 2008 1
396 398 2008 1
369 370 2008 1
399 400 2008 1
401 402 2008 1
285 284 2008 1
285 286 2008 1
285 287 2008 1
285 288 2008 1
286 284 2008 1
286 287 2008 1
286 288 2008 1
287 284 2008 1
287 288 2008 1
383 355 2008 1
403 404 2008 1
252 354 2008 1
355 381 2008 1
355 372 2008 1
226 228 2008 1
226 230 2008 1
380 382 2008 1
380 315 2008 1
380 379 2008 1
137 200 2008 1
137 272 2008 1
137 169 2008 1
137 273 2008 1
137 171 2008 1
224 198 2008 1
224 259 2008 1
224 263 2008 1
224 199 2008 1
224 405 2008 1
191 192 2008 1
193 194 2008 1
193 195 2008 1
193 196 2008 1
395 233 2008 1
395 196 2008 1
312 313 2008 1
101 29 2008 1
262 263 2008 1
262 259 2008 1
263 259 2008 1
263 387 2008 1
263 405 2008 1
405 259 2008 1
405 387 2008 1
314 315 2008 1
330 247 2008 1
330 406 2008 1
367 366 2008 1
197 167 2008 1
197 187 2008 1
197 236 2008 1
198 256 2008 1
198 199 2008 1
387 259 2008 1
230 372 2008 1
230 228 2008 1
230 229 2008 1
407 357 2008 1
407 408 2008 1
104 239 2008 1
104 203 2008 1
104 204 2008 1
409 410 2008 1
297 298 2008 1
185 201 2008 1
167 187 2008 1
222 327 2008 1
222 36 2008 1
372 229 2008 1
315 379 2008 1
169 200 2008 1
169 272 2008 1
169 273 2008 1
169 171 2008 1
36 327 2008 1
171 200 2008 1
171 272 2008 1
171 273 2008 1
382 379 2008 1
273 200 2008 1
273 272 2008 1
236 187 2008 1
199 256 2008 1
195 196 2008 1
196 194 2008 1
196 233 2008 1
397 398 2008 1
201 202 2008 1
411 194 2008 1
288 284 2008 1
412 413 2008 1
408 357 2008 1
298 202 2008 1
67 398 2008 1
239 203 2008 1
239 204 2008 1
272 200 2008 1
92 414 2008 1
415 9 2008 1
203 204 2008 1
189 190 2008 1
416 417 2009 1
418 419 2009 1
420 421 2009 1
422 423 2009 1
10 11 2009 1
125 201 2009 1
283 286 2009 1
424 425 2009 1
426 427 2009 1
322 323 2009 1
44 360 2009 1
329 247 2009 1
329 428 2009 1
58 57 2009 1
269 429 2009 1
321 430 2009 1
431 432 2009 1
263 259 2009 1
0 277 2009 1
114 36 2009 1
433 434 2009 1
195 196 2009 1
213 435 2009 1
213 214 2009 1
213 436 2009 1
211 215 2009 1
215 164 2009 1
215 163 2009 1
215 201 2009 1
225 418 2009 1
225 229 2009 1
225 230 2009 1
217 189 2009 1
217 190 2009 1
217 188 2009 1
161 162 2009 1
161 234 2009 1
418 314 2009 1
418 419 2009 1
418 437 2009 1
231 232 2009 1
231 195 2009 1
231 196 2009 1
234 162 2009 1
251 252 2009 1
251 181 2009 1
251 254 2009 1
232 195 2009 1
232 196 2009 1
438 38 2009 1
438 439 2009 1
261 247 2009 1
261 263 2009 1
261 440 2009 1
261 259 2009 1
254 181 2009 1
252 181 2009 1
391 193 2009 1
391 233 2009 1
391 195 2009 1
391 395 2009 1
391 196 2009 1
265 264 2009 1
441 410 2009 1
442 443 2009 1
422 444 2009 1
422 423 2009 1
10 269 2009 1
10 11 2009 1
12 18 2009 1
12 73 2009 1
180 179 2009 1
172 368 2009 1
163 164 2009 1
163 174 2009 1
163 201 2009 1
163 445 2009 1
67 57 2009 1
67 58 2009 1
125 174 2009 1
125 298 2009 1
125 201 2009 1
125 185 2009 1
125 177 2009 1
283 285 2009 1
283 286 2009 1
283 295 2009 1
283 287 2009 1
446 378 2009 1
278 250 2009 1
293 174 2009 1
293 201 2009 1
293 185 2009 1
293 276 2009 1
293 338 2009 1
174 178 2009 1
174 183 2009 1
174 185 2009 1
174 201 2009 1
174 202 2009 1
174 337 2009 1
198 199 2009 1
198 224 2009 1
198 447 2009 1
319 355 2009 1
319 372 2009 1
448 449 2009 1
228 226 2009 1
228 230 2009 1
396 450 2009 1
437 314 2009 1
437 419 2009 1
176 167 2009 1
347 346 2009 1
173 318 2009 1
322 323 2009 1
322 451 2009 1
316 244 2009 1
316 207 2009 1
316 245 2009 1
452 453 2009 1
329 247 2009 1
329 428 2009 1
329 330 2009 1
177 164 2009 1
177 184 2009 1
177 298 2009 1
337 183 2009 1
337 178 2009 1
338 216 2009 1
338 201 2009 1
338 202 2009 1
382 378 2009 1
382 380 2009 1
454 455 2009 1
454 70 2009 1
454 313 2009 1
454 340 2009 1
340 313 2009 1
340 70 2009 1
340 455 2009 1
230 226 2009 1
230 229 2009 1
344 345 2009 1
348 57 2009 1
348 349 2009 1
348 456 2009 1
348 58 2009 1
419 314 2009 1
183 178 2009 1
183 185 2009 1
183 276 2009 1
183 201 2009 1
457 46 2009 1
88 458 2009 1
88 459 2009 1
88 62 2009 1
88 0 2009 1
460 461 2009 1
460 462 2009 1
463 359 2009 1
70 313 2009 1
70 455 2009 1
38 439 2009 1
58 57 2009 1
186 187 2009 1
368 355 2009 1
368 378 2009 1
368 381 2009 1
459 62 2009 1
269 11 2009 1
273 272 2009 1
273 171 2009 1
324 245 2009 1
371 165 2009 1
214 435 2009 1
214 436 2009 1
287 285 2009 1
287 286 2009 1
207 245 2009 1
276 185 2009 1
248 247 2009 1
248 464 2009 1
378 380 2009 1
378 355 2009 1
378 381 2009 1
192 191 2009 1
166 314 2009 1
445 286 2009 1
445 465 2009 1
78 386 2009 1
435 436 2009 1
455 313 2009 1
389 390 2009 1
343 392 2009 1
188 189 2009 1
188 218 2009 1
188 190 2009 1
345 346 2009 1
423 444 2009 1
466 277 2009 1
245 244 2009 1
245 206 2009 1
193 194 2009 1
193 195 2009 1
193 196 2009 1
286 284 2009 1
286 467 2009 1
286 285 2009 1
286 280 2009 1
383 229 2009 1
383 165 2009 1
285 284 2009 1
285 280 2009 1
321 430 2009 1
355 372 2009 1
355 381 2009 1
431 432 2009 1
468 169 2009 1
224 199 2009 1
224 447 2009 1
395 233 2009 1
395 196 2009 1
18 73 2009 1
464 469 2009 1
464 470 2009 1
440 247 2009 1
440 263 2009 1
440 259 2009 1
263 247 2009 1
263 259 2009 1
263 387 2009 1
199 447 2009 1
330 247 2009 1
330 428 2009 1
247 259 2009 1
247 428 2009 1
0 458 2009 1
0 62 2009 1
458 62 2009 1
387 259 2009 1
185 201 2009 1
185 298 2009 1
169 272 2009 1
171 272 2009 1
195 196 2009 1
196 194 2009 1
196 233 2009 1
196 411 2009 1
201 298 2009 1
201 164 2009 1
201 202 2009 1
165 450 2009 1
165 229 2009 1
462 461 2009 1
402 202 2009 1
280 467 2009 1
411 194 2009 1
189 190 2009 1
471 472 2010 1
473 474 2010 1
475 476 2010 1
477 478 2010 1
479 480 2010 1
255 354 2010 1
257 351 2010 1
257 314 2010 1
265 200 2010 1
481 482 2010 1
12 18 2010 1
12 73 2010 1
483 484 2010 1
172 382 2010 1
485 486 2010 1
426 427 2010 1
323 487 2010 1
488 489 2010 1
490 491 2010 1
338 467 2010 1
492 493 2010 1
463 359 2010 1
58 57 2010 1
188 189 2010 1
403 351 2010 1
403 298 2010 1
431 432 2010 1
18 73 2010 1
314 351 2010 1
266 268 2010 1
494 495 2010 1
496 497 2010 1
208 201 2010 1
225 226 2010 1
225 418 2010 1
225 206 2010 1
418 226 2010 1
418 419 2010 1
418 230 2010 1
234 162 2010 1
420 421 2010 1
476 427 2010 1
498 477 2010 1
498 499 2010 1
477 478 2010 1
500 501 2010 1
478 268 2010 1
232 195 2010 1
232 411 2010 1
391 233 2010 1
391 196 2010 1
265 264 2010 1
265 502 2010 1
260 343 2010 1
260 259 2010 1
481 444 2010 1
10 503 2010 1
10 11 2010 1
12 18 2010 1
12 73 2010 1
180 122 2010 1
180 179 2010 1
172 372 2010 1
172 381 2010 1
504 457 2010 1
125 201 2010 1
125 185 2010 1
125 276 2010 1
125 174 2010 1
283 286 2010 1
446 319 2010 1
446 505 2010 1
485 486 2010 1
416 417 2010 1
424 425 2010 1
174 201 2010 1
506 287 2010 1
426 427 2010 1
319 355 2010 1
263 387 2010 1
263 259 2010 1
308 307 2010 1
507 508 2010 1
509 510 2010 1
198 199 2010 1
250 264 2010 1
329 247 2010 1
329 428 2010 1
329 330 2010 1
177 467 2010 1
31 511 2010 1
382 380 2010 1
3 175 2010 1
348 57 2010 1
179 122 2010 1
184 467 2010 1
88 62 2010 1
463 359 2010 1
58 57 2010 1
368 381 2010 1
395 233 2010 1
395 392 2010 1
324 371 2010 1
512 513 2010 1
287 284 2010 1
287 276 2010 1
287 268 2010 1
207 206 2010 1
207 245 2010 1
276 284 2010 1
276 185 2010 1
514 386 2010 1
445 163 2010 1
515 516 2010 1
345 346 2010 1
193 194 2010 1
193 196 2010 1
517 518 2010 1
285 286 2010 1
285 280 2010 1
285 467 2010 1
286 280 2010 1
286 467 2010 1
519 520 2010 1
321 430 2010 1
355 381 2010 1
380 378 2010 1
431 432 2010 1
468 169 2010 1
224 447 2010 1
318 372 2010 1
521 513 2010 1
18 73 2010 1
464 469 2010 1
464 513 2010 1
503 522 2010 1
503 410 2010 1
330 247 2010 1
330 428 2010 1
247 428 2010 1
277 62 2010 1
280 467 2010 1
372 381 2010 1
171 272 2010 1
433 434 2010 1
195 411 2010 1
195 196 2010 1
201 216 2010 1
522 154 2010 1
522 410 2010 1
298 202 2010 1
266 268 2010 1
310 309 2010 1
216 202 2010 1
523 524 2011 1
481 482 2011 1
504 191 2011 1
525 526 2011 1
525 527 2011 1
526 527 2011 1
509 510 2011 1
528 529 2011 1
530 531 2011 1
532 533 2011 1
534 535 2011 1
358 277 2011 1
471 472 2011 1
536 537 2011 1
431 432 2011 1
538 539 2011 1
540 541 2011 1
430 321 2011 1
542 543 2011 1
544 545 2011 1
546 547 2011 1
473 474 2011 1
473 330 2011 1
208 174 2011 1
208 92 2011 1
208 201 2011 1
208 445 2011 1
548 549 2011 1
213 550 2011 1
213 115 2011 1
211 551 2011 1
211 552 2011 1
215 185 2011 1
215 174 2011 1
215 216 2011 1
215 201 2011 1
215 445 2011 1
215 163 2011 1
553 554 2011 1
555 556 2011 1
557 558 2011 1
217 189 2011 1
217 190 2011 1
217 218 2011 1
217 309 2011 1
217 188 2011 1
396 230 2011 1
559 560 2011 1
418 330 2011 1
418 371 2011 1
418 419 2011 1
418 225 2011 1
418 226 2011 1
418 316 2011 1
418 230 2011 1
561 354 2011 1
561 220 2011 1
561 106 2011 1
561 562 2011 1
231 232 2011 1
231 195 2011 1
231 411 2011 1
234 162 2011 1
475 563 2011 1
476 564 2011 1
205 503 2011 1
205 429 2011 1
565 566 2011 1
567 286 2011 1
568 331 2011 1
569 527 2011 1
570 571 2011 1
572 573 2011 1
572 264 2011 1
572 265 2011 1
574 575 2011 1
465 401 2011 1
235 37 2011 1
235 391 2011 1
576 487 2011 1
576 577 2011 1
578 579 2011 1
477 478 2011 1
499 580 2011 1
499 196 2011 1
500 309 2011 1
581 582 2011 1
479 480 2011 1
583 584 2011 1
251 252 2011 1
251 181 2011 1
585 586 2011 1
587 472 2011 1
255 588 2011 1
255 257 2011 1
255 540 2011 1
232 195 2011 1
232 196 2011 1
232 265 2011 1
232 411 2011 1
232 391 2011 1
261 263 2011 1
261 259 2011 1
261 139 2011 1
257 588 2011 1
257 540 2011 1
254 589 2011 1
254 590 2011 1
252 484 2011 1
252 181 2011 1
391 233 2011 1
391 511 2011 1
391 411 2011 1
391 395 2011 1
265 591 2011 1
265 195 2011 1
265 264 2011 1
260 592 2011 1
260 593 2011 1
481 444 2011 1
481 482 2011 1
594 423 2011 1
595 596 2011 1
595 423 2011 1
597 598 2011 1
10 573 2011 1
12 73 2011 1
180 80 2011 1
180 122 2011 1
599 600 2011 1
172 355 2011 1
172 378 2011 1
172 382 2011 1
172 368 2011 1
172 419 2011 1
502 264 2011 1
502 601 2011 1
502 250 2011 1
602 319 2011 1
603 604 2011 1
67 317 2011 1
67 343 2011 1
125 174 2011 1
125 298 2011 1
125 202 2011 1
283 184 2011 1
283 295 2011 1
283 285 2011 1
283 286 2011 1
283 605 2011 1
283 280 2011 1
606 346 2011 1
606 607 2011 1
608 609 2011 1
608 610 2011 1
608 564 2011 1
611 612 2011 1
613 614 2011 1
615 8 2011 1
281 463 2011 1
281 616 2011 1
617 618 2011 1
485 486 2011 1
619 620 2011 1
621 349 2011 1
622 623 2011 1
624 507 2011 1
625 162 2011 1
626 579 2011 1
626 505 2011 1
416 627 2011 1
416 417 2011 1
424 628 2011 1
424 425 2011 1
174 178 2011 1
174 185 2011 1
174 276 2011 1
174 298 2011 1
174 201 2011 1
174 295 2011 1
174 202 2011 1
174 163 2011 1
198 199 2011 1
198 277 2011 1
506 629 2011 1
506 630 2011 1
426 427 2011 1
319 378 2011 1
319 368 2011 1
319 173 2011 1
319 355 2011 1
319 372 2011 1
631 355 2011 1
631 372 2011 1
300 632 2011 1
300 474 2011 1
263 350 2011 1
263 512 2011 1
263 259 2011 1
263 387 2011 1
263 139 2011 1
633 339 2011 1
634 403 2011 1
126 57 2011 1
126 348 2011 1
635 469 2011 1
635 636 2011 1
637 638 2011 1
639 640 2011 1
639 600 2011 1
641 250 2011 1
642 186 2011 1
170 171 2011 1
643 644 2011 1
643 645 2011 1
610 564 2011 1
225 244 2011 1
225 206 2011 1
225 229 2011 1
225 316 2011 1
225 371 2011 1
225 230 2011 1
646 647 2011 1
646 648 2011 1
646 649 2011 1
509 510 2011 1
650 651 2011 1
652 653 2011 1
652 654 2011 1
654 653 2011 1
173 372 2011 1
320 321 2011 1
316 244 2011 1
316 207 2011 1
655 656 2011 1
657 658 2011 1
657 659 2011 1
660 661 2011 1
250 264 2011 1
250 601 2011 1
452 137 2011 1
329 248 2011 1
329 73 2011 1
329 330 2011 1
329 464 2011 1
662 0 2011 1
331 57 2011 1
488 663 2011 1
490 664 2011 1
490 665 2011 1
666 534 2011 1
664 665 2011 1
387 259 2011 1
387 139 2011 1
177 338 2011 1
177 202 2011 1
177 298 2011 1
177 280 2011 1
177 184 2011 1
31 361 2011 1
31 313 2011 1
31 511 2011 1
337 457 2011 1
338 201 2011 1
338 184 2011 1
338 298 2011 1
338 467 2011 1
338 202 2011 1
338 445 2011 1
338 163 2011 1
382 380 2011 1
382 378 2011 1
382 667 2011 1
382 381 2011 1
382 368 2011 1
382 355 2011 1
668 414 2011 1
342 343 2011 1
230 371 2011 1
230 229 2011 1
230 226 2011 1
669 670 2011 1
3 350 2011 1
344 345 2011 1
344 346 2011 1
344 347 2011 1
671 598 2011 1
671 339 2011 1
493 672 2011 1
92 487 2011 1
92 577 2011 1
179 673 2011 1
564 609 2011 1
674 264 2011 1
162 182 2011 1
675 676 2011 1
577 487 2011 1
419 355 2011 1
419 378 2011 1
419 368 2011 1
663 489 2011 1
358 62 2011 1
677 397 2011 1
677 450 2011 1
184 285 2011 1
184 286 2011 1
678 584 2011 1
679 680 2011 1
317 397 2011 1
317 343 2011 1
487 681 2011 1
361 313 2011 1
682 683 2011 1
682 684 2011 1
644 645 2011 1
685 392 2011 1
471 472 2011 1
417 627 2011 1
517 518 2011 1
463 348 2011 1
686 687 2011 1
688 689 2011 1
688 434 2011 1
122 80 2011 1
122 404 2011 1
58 57 2011 1
58 371 2011 1
58 324 2011 1
58 690 2011 1
271 484 2011 1
368 380 2011 1
368 378 2011 1
368 355 2011 1
368 372 2011 1
163 445 2011 1
163 201 2011 1
691 692 2011 1
691 543 2011 1
324 371 2011 1
324 245 2011 1
512 588 2011 1
512 521 2011 1
371 343 2011 1
371 244 2011 1
371 245 2011 1
693 694 2011 1
178 185 2011 1
178 276 2011 1
178 298 2011 1
178 295 2011 1
178 695 2011 1
182 376 2011 1
207 206 2011 1
207 245 2011 1
505 696 2011 1
276 185 2011 1
276 295 2011 1
697 343 2011 1
695 698 2011 1
695 185 2011 1
445 201 2011 1
439 386 2011 1
439 699 2011 1
439 171 2011 1
78 246 2011 1
78 386 2011 1
700 195 2011 1
700 196 2011 1
701 389 2011 1
701 702 2011 1
701 703 2011 1
704 705 2011 1
395 233 2011 1
389 703 2011 1
389 706 2011 1
598 579 2011 1
372 378 2011 1
372 355 2011 1
343 392 2011 1
343 707 2011 1
188 189 2011 1
188 190 2011 1
345 346 2011 1
345 347 2011 1
708 709 2011 1
710 412 2011 1
423 596 2011 1
245 206 2011 1
245 244 2011 1
139 259 2011 1
57 605 2011 1
57 348 2011 1
57 277 2011 1
193 196 2011 1
193 194 2011 1
193 411 2011 1
667 378 2011 1
667 380 2011 1
244 206 2011 1
467 285 2011 1
285 284 2011 1
285 286 2011 1
285 280 2011 1
286 284 2011 1
286 280 2011 1
711 712 2011 1
711 1 2011 1
533 694 2011 1
404 403 2011 1
264 601 2011 1
355 378 2011 1
355 713 2011 1
605 714 2011 1
605 450 2011 1
605 295 2011 1
605 349 2011 1
605 348 2011 1
715 716 2011 1
707 717 2011 1
707 718 2011 1
717 518 2011 1
717 718 2011 1
719 411 2011 1
648 647 2011 1
648 649 2011 1
692 543 2011 1
380 378 2011 1
720 721 2011 1
386 246 2011 1
431 432 2011 1
722 723 2011 1
592 593 2011 1
724 725 2011 1
726 727 2011 1
728 433 2011 1
521 588 2011 1
287 268 2011 1
464 469 2011 1
729 730 2011 1
503 429 2011 1
731 732 2011 1
330 248 2011 1
0 402 2011 1
0 216 2011 1
462 543 2011 1
462 461 2011 1
462 733 2011 1
1 734 2011 1
277 348 2011 1
735 736 2011 1
737 738 2011 1
689 433 2011 1
689 434 2011 1
727 491 2011 1
185 298 2011 1
185 295 2011 1
739 740 2011 1
114 741 2011 1
647 649 2011 1
571 742 2011 1
743 248 2011 1
744 413 2011 1
580 196 2011 1
745 746 2011 1
195 196 2011 1
195 411 2011 1
196 194 2011 1
196 604 2011 1
196 411 2011 1
397 450 2011 1
201 216 2011 1
201 202 2011 1
259 550 2011 1
430 321 2011 1
604 411 2011 1
298 202 2011 1
339 309 2011 1
266 268 2011 1
83 687 2011 1
747 748 2011 1
494 495 2011 1
349 348 2011 1
749 741 2011 1
750 295 2011 1
411 194 2011 1
461 543 2011 1
651 751 2011 1
752 537 2011 1
392 233 2011 1
310 309 2011 1
189 218 2011 1
189 190 2011 1
190 218 2011 1
402 216 2011 1
402 202 2011 1
216 202 2011 1
751 748 2011 1
753 105 2011 1
754 324 2012 1
283 285 2012 1
419 172 2012 1
755 756 2012 1
691 543 2012 1
757 547 2012 1
546 547 2012 1
758 163 2012 1
758 201 2012 1
758 552 2012 1
557 759 2012 1
508 507 2012 1
217 626 2012 1
760 761 2012 1
426 427 2012 1
465 289 2012 1
762 624 2012 1
762 633 2012 1
762 756 2012 1
763 724 2012 1
764 125 2012 1
765 324 2012 1
754 371 2012 1
754 324 2012 1
754 244 2012 1
766 630 2012 1
767 590 2012 1
768 248 2012 1
769 770 2012 1
481 482 2012 1
540 541 2012 1
125 174 2012 1
125 201 2012 1
283 285 2012 1
283 286 2012 1
283 280 2012 1
283 771 2012 1
606 696 2012 1
589 759 2012 1
615 680 2012 1
759 246 2012 1
771 285 2012 1
771 286 2012 1
771 280 2012 1
622 623 2012 1
624 756 2012 1
174 178 2012 1
174 185 2012 1
174 276 2012 1
174 298 2012 1
174 201 2012 1
174 665 2012 1
506 629 2012 1
319 631 2012 1
319 172 2012 1
319 372 2012 1
319 173 2012 1
631 372 2012 1
507 733 2012 1
509 510 2012 1
173 172 2012 1
530 529 2012 1
530 531 2012 1
322 323 2012 1
532 533 2012 1
490 664 2012 1
490 665 2012 1
664 665 2012 1
772 726 2012 1
177 298 2012 1
177 773 2012 1
382 380 2012 1
382 166 2012 1
230 324 2012 1
534 535 2012 1
774 665 2012 1
419 172 2012 1
682 775 2012 1
471 472 2012 1
368 355 2012 1
163 201 2012 1
163 445 2012 1
691 543 2012 1
324 371 2012 1
665 178 2012 1
665 298 2012 1
665 726 2012 1
665 727 2012 1
178 298 2012 1
178 776 2012 1
505 696 2012 1
276 201 2012 1
536 537 2012 1
280 285 2012 1
280 286 2012 1
514 777 2012 1
166 378 2012 1
445 201 2012 1
78 386 2012 1
501 467 2012 1
529 531 2012 1
773 298 2012 1
285 286 2012 1
286 284 2012 1
711 1 2012 1
226 371 2012 1
726 727 2012 1
266 268 2012 1
542 543 2012 1
542 461 2012 1
543 461 2012 1
372 355 2013 1
372 631 2013 1
758 552 2013 1
316 244 2013 1
316 206 2013 1
316 778 2013 1
418 779 2013 1
418 230 2013 1
780 630 2013 1
490 664 2013 1
490 726 2013 1
490 774 2013 1
490 734 2013 1
177 467 2013 1
177 773 2013 1
781 174 2013 1
781 298 2013 1
781 185 2013 1
781 782 2013 1
338 178 2013 1
338 202 2013 1
783 766 2013 1
783 630 2013 1
783 296 2013 1
770 769 2013 1
244 754 2013 1
244 784 2013 1
201 163 2013 1
201 185 2013 1
201 445 2013 1
382 355 2013 1
285 286 2013 1
286 283 2013 1
286 280 2013 1
286 771 2013 1
230 371 2013 1
230 229 2013 1
230 324 2013 1
230 765 2013 1
498 478 2013 1
280 283 2013 1
696 626 2013 1
696 785 2013 1
762 507 2013 1
623 622 2013 1
774 726 2013 1
774 734 2013 1
733 461 2013 1
765 779 2013 1
765 371 2013 1
765 324 2013 1
754 324 2013 1
754 371 2013 1
419 355 2013 1
419 172 2013 1
355 631 2013 1
355 172 2013 1
266 268 2013 1
779 371 2013 1
289 163 2013 1
289 626 2013 1
786 622 2013 1
380 378 2013 1
542 691 2013 1
465 680 2013 1
163 445 2013 1
319 368 2013 1
324 371 2013 1
756 507 2013 1
125 298 2013 1
589 759 2013 1
726 727 2013 1
185 174 2013 1
185 295 2013 1
185 178 2013 1
174 295 2013 1
174 276 2013 1
607 505 2013 1
178 298 2013 1
178 202 2013 1
276 295 2013 1
298 202 2013 1
507 461 2013 1