0 1 0
0 2 0
1 2 0
3 4 0
3 5 0
3 6 0
3 7 0
3 8 0
9 10 0
9 6 0
9 11 0
12 13 0
12 10 0
12 14 0
15 16 0
15 17 0
7 4 0
7 5 0
7 8 0
8 16 0
8 4 0
8 5 0
13 10 0
13 11 0
13 14 0
10 14 0
10 6 0
4 5 0
18 19 1
18 20 1
18 21 1
19 21 1
19 20 1
22 23 1
22 24 1
22 21 1
21 20 1
21 23 1
21 24 1
23 24 1
25 26 2
25 27 2
25 28 2
25 29 2
26 27 2
26 28 2
26 29 2
27 28 2
27 29 2
28 29 2
30 31 3
30 32 3
30 33 3
30 34 3
30 35 3
30 36 3
30 37 3
30 38 3
30 39 3
30 40 3
30 41 3
30 42 3
43 31 3
43 44 3
43 45 3
43 46 3
43 37 3
43 47 3
43 48 3
43 42 3
45 49 3
45 44 3
45 48 3
45 46 3
45 37 3
45 47 3
45 31 3
45 42 3
50 31 3
50 51 3
50 52 3
50 53 3
50 54 3
55 31 3
55 56 3
55 57 3
55 51 3
55 54 3
47 49 3
47 44 3
47 48 3
47 46 3
47 37 3
47 32 3
47 58 3
47 31 3
47 42 3
47 59 3
60 35 3
60 61 3
60 62 3
48 44 3
48 46 3
48 37 3
48 31 3
48 42 3
48 34 3
63 41 3
63 64 3
32 42 3
32 58 3
32 31 3
32 36 3
32 59 3
44 46 3
44 37 3
44 31 3
44 42 3
35 33 3
35 34 3
35 62 3
35 41 3
35 61 3
35 40 3
35 38 3
35 37 3
35 31 3
35 42 3
46 37 3
46 31 3
46 42 3
61 62 3
38 33 3
38 34 3
38 41 3
38 40 3
38 37 3
38 31 3
38 42 3
58 59 3
42 41 3
42 37 3
42 36 3
42 40 3
42 33 3
42 31 3
42 34 3
51 57 3
51 54 3
51 56 3
51 52 3
51 65 3
51 31 3
51 53 3
57 56 3
57 31 3
57 54 3
54 34 3
54 56 3
54 53 3
54 31 3
54 66 3
54 52 3
33 34 3
33 40 3
33 37 3
33 31 3
33 41 3
67 39 3
67 68 3
67 69 3
40 34 3
40 37 3
40 41 3
40 31 3
69 39 3
69 70 3
69 71 3
69 68 3
65 56 3
65 53 3
39 37 3
39 68 3
70 71 3
70 68 3
31 37 3
31 52 3
31 49 3
31 34 3
31 36 3
31 56 3
31 41 3
31 66 3
31 53 3
56 53 3
34 66 3
34 41 3
34 37 3
68 71 3
64 41 3
37 41 3
53 52 3
72 73 4
72 74 4
72 75 4
76 77 4
76 78 4
76 79 4
76 80 4
76 81 4
77 80 4
77 79 4
77 78 4
77 81 4
73 74 4
82 83 4
82 84 4
82 85 4
86 87 4
86 88 4
86 89 4
89 87 4
89 88 4
87 88 4
88 80 4
85 83 4
81 79 4
81 80 4
80 79 4
90 91 5
90 92 5
90 93 5
90 94 5
95 96 5
91 93 5
94 97 5
94 98 5
94 99 5
94 100 5
100 97 5
100 98 5
100 99 5
99 97 5
99 98 5
98 101 5
98 97 5
93 96 5
93 102 5
103 104 6
103 105 6
103 106 6
107 108 6
107 109 6
107 110 6
107 111 6
107 112 6
107 113 6
105 114 6
105 115 6
105 111 6
105 116 6
105 117 6
105 106 6
105 104 6
108 110 6
108 111 6
108 109 6
108 112 6
116 114 6
116 110 6
116 111 6
116 112 6
116 113 6
116 117 6
116 115 6
110 109 6
110 113 6
110 111 6
110 112 6
110 117 6
110 115 6
118 104 6
118 119 6
118 120 6
118 121 6
118 106 6
111 114 6
111 112 6
111 113 6
111 109 6
111 117 6
111 115 6
120 104 6
120 119 6
120 121 6
120 106 6
121 104 6
121 119 6
121 106 6
112 109 6
112 113 6
112 117 6
112 115 6
113 109 6
113 117 6
113 115 6
114 115 6
114 117 6
106 104 6
106 119 6
104 119 6
117 115 6
122 123 7
122 124 7
122 125 7
122 126 7
125 124 7
127 128 7
124 123 7
124 126 7
129 130 7
126 123 7
131 132 8
131 133 8
131 133 8
131 134 8
131 135 8
136 137 8
136 132 8
136 138 8
136 139 8
136 140 8
141 142 8
141 143 8
141 144 8
141 145 8
141 146 8
141 146 8
141 143 8
141 142 8
141 147 8
141 145 8
141 148 8
141 144 8
141 134 8
149 150 8
149 145 8
149 147 8
149 145 8
149 137 8
149 144 8
149 151 8
149 134 8
149 139 8
145 142 8
145 143 8
145 150 8
145 134 8
145 144 8
145 151 8
145 147 8
139 138 8
139 132 8
139 150 8
139 137 8
139 152 8
139 140 8
144 150 8
144 153 8
144 146 8
144 146 8
144 134 8
144 143 8
144 142 8
144 148 8
144 151 8
144 147 8
151 154 8
151 138 8
151 150 8
151 147 8
151 152 8
151 134 8
142 146 8
142 146 8
142 132 8
142 155 8
142 134 8
142 148 8
142 143 8
142 147 8
154 138 8
154 156 8
154 150 8
154 134 8
154 156 8
154 137 8
154 152 8
154 157 8
152 158 8
152 146 8
152 138 8
152 146 8
152 138 8
152 156 8
152 150 8
152 157 8
152 156 8
152 137 8
152 134 8
152 135 8
146 150 8
146 156 8
146 134 8
146 138 8
146 157 8
138 146 8
138 138 8
138 156 8
138 150 8
138 134 8
138 157 8
132 155 8
132 138 8
132 133 8
132 133 8
132 137 8
132 140 8
132 135 8
150 134 8
150 146 8
150 156 8
150 138 8
150 147 8
150 137 8
150 157 8
133 155 8
133 133 8
133 134 8
133 135 8
137 138 8
137 156 8
137 156 8
137 157 8
137 140 8
147 148 8
147 134 8
158 134 8
146 153 8
146 156 8
146 134 8
146 138 8
146 157 8
156 138 8
156 157 8
156 134 8
156 135 8
148 134 8
157 138 8
157 156 8
157 134 8
138 134 8
138 156 8
138 140 8
133 134 8
133 135 8
134 135 8
156 135 8
155 135 8
159 160 9
159 161 9
159 162 9
159 163 9
159 164 9
162 165 9
162 166 9
162 163 9
162 160 9
162 161 9
162 164 9
167 166 9
165 168 9
165 166 9
165 163 9
165 169 9
165 160 9
165 161 9
165 164 9
168 160 9
168 169 9
168 170 9
166 170 9
166 169 9
166 161 9
166 164 9
163 160 9
163 161 9
163 164 9
170 161 9
170 169 9
169 161 9
169 164 9
160 161 9
160 164 9
161 164 9
171 172 10
173 174 10
173 175 10
173 176 10
173 172 10
173 177 10
173 178 10
173 179 10
175 178 10
175 179 10
175 176 10
176 179 10
176 178 10
180 172 10
181 179 10
181 182 10
181 183 10
184 185 10
172 177 10
186 182 10
178 179 10
187 188 11
187 189 11
190 191 11
190 178 11
190 192 11
193 194 11
193 195 11
193 196 11
193 197 11
192 198 11
192 199 11
192 200 11
192 201 11
192 202 11
192 191 11
192 178 11
192 203 11
192 204 11
197 195 11
197 196 11
205 206 11
205 203 11
207 208 11
207 188 11
185 209 11
185 203 11
203 206 11
203 205 11
203 198 11
203 200 11
203 210 11
203 206 11
203 211 11
203 212 11
203 206 11
203 213 11
203 214 11
203 215 11
203 199 11
203 216 11
203 217 11
203 201 11
203 191 11
203 209 11
203 189 11
205 198 11
205 218 11
205 216 11
205 206 11
205 217 11
205 206 11
205 213 11
205 206 11
205 219 11
205 194 11
205 199 11
205 211 11
205 220 11
219 199 11
219 217 11
219 220 11
221 202 11
222 223 11
198 199 11
198 216 11
198 206 11
198 217 11
198 206 11
198 191 11
198 211 11
200 191 11
200 201 11
210 195 11
210 189 11
195 196 11
206 218 11
206 217 11
206 218 11
206 216 11
206 217 11
206 213 11
206 194 11
206 211 11
194 206 11
194 217 11
178 191 11
178 199 11
178 220 11
211 216 11
211 206 11
211 217 11
211 214 11
211 209 11
211 215 11
211 212 11
212 215 11
212 214 11
212 209 11
206 216 11
206 217 11
206 213 11
213 218 11
214 215 11
214 209 11
208 188 11
215 209 11
199 217 11
199 220 11
216 217 11
217 220 11
201 204 11
201 191 11
191 204 11
224 225 12
224 226 12
227 228 12
227 229 12
227 230 12
227 230 12
227 231 12
227 232 12
227 233 12
227 232 12
227 234 12
227 235 12
230 236 12
230 237 12
230 238 12
230 239 12
240 241 12
242 243 12
244 245 12
244 245 12
244 239 12
236 245 12
236 246 12
236 245 12
236 247 12
236 248 12
233 245 12
233 249 12
233 245 12
233 250 12
233 237 12
233 231 12
233 232 12
233 251 12
233 252 12
233 232 12
233 238 12
233 235 12
232 228 12
232 249 12
232 237 12
232 232 12
232 229 12
232 234 12
232 235 12
239 245 12
239 237 12
239 245 12
239 238 12
226 249 12
226 245 12
226 245 12
226 253 12
226 254 12
226 225 12
226 255 12
228 256 12
228 241 12
228 232 12
228 234 12
228 235 12
249 245 12
249 245 12
249 231 12
249 237 12
249 250 12
249 245 12
249 232 12
249 253 12
249 238 12
249 235 12
249 255 12
245 249 12
245 250 12
245 237 12
245 246 12
245 231 12
245 247 12
245 253 12
245 248 12
245 255 12
245 238 12
245 235 12
231 249 12
231 245 12
231 237 12
231 250 12
231 238 12
231 235 12
245 255 12
245 253 12
232 237 12
232 229 12
232 234 12
232 235 12
224 225 12
253 255 12
234 235 12
249 237 12
249 235 12
256 241 12
246 247 12
246 245 12
246 248 12
247 245 12
247 248 12
248 245 12
238 251 12
238 250 12
238 237 12
238 245 12
238 252 12
238 235 12
235 245 12
235 250 12
235 237 12
251 237 12
251 250 12
251 252 12
245 250 12
245 237 12
237 250 12
237 252 12
250 252 12
257 258 13
257 259 13
257 260 13
257 261 13
257 262 13
257 263 13
257 264 13
257 265 13
257 266 13
257 267 13
257 268 13
257 269 13
270 271 13
270 272 13
127 273 13
127 274 13
127 275 13
276 258 13
276 261 13
276 266 13
276 267 13
277 278 13
261 279 13
261 259 13
261 258 13
261 260 13
261 262 13
261 263 13
261 280 13
261 264 13
261 265 13
261 266 13
261 267 13
261 268 13
261 269 13
262 274 13
262 258 13
262 263 13
262 264 13
262 260 13
262 259 13
262 281 13
262 273 13
262 265 13
262 266 13
262 267 13
262 268 13
262 269 13
272 271 13
272 282 13
263 260 13
263 281 13
263 170 13
263 273 13
263 274 13
263 269 13
258 278 13
258 283 13
258 279 13
258 260 13
258 259 13
258 264 13
258 265 13
258 266 13
258 267 13
258 268 13
258 269 13
274 275 13
274 260 13
274 281 13
274 273 13
274 269 13
268 278 13
268 283 13
268 279 13
268 266 13
268 260 13
268 259 13
268 280 13
268 264 13
268 265 13
268 267 13
268 269 13
284 275 13
275 273 13
275 269 13
264 266 13
264 260 13
264 259 13
264 265 13
264 267 13
264 269 13
279 266 13
281 260 13
281 273 13
281 269 13
285 170 13
278 283 13
260 266 13
260 259 13
260 267 13
260 273 13
260 265 13
260 269 13
280 266 13
280 267 13
266 259 13
266 265 13
266 267 13
266 269 13
267 259 13
267 265 13
267 269 13
259 265 13
259 269 13
273 269 13
265 269 13
286 287 14
286 288 14
286 289 14
286 290 14
286 291 14
286 292 14
286 293 14
286 294 14
286 295 14
286 296 14
287 288 14
287 289 14
287 290 14
287 291 14
287 293 14
287 294 14
287 295 14
287 296 14
288 294 14
289 293 14
289 296 14
289 295 14
290 291 14
290 293 14
290 294 14
290 296 14
291 293 14
291 294 14
291 292 14
291 296 14
293 294 14
293 295 14
293 296 14
294 292 14
294 295 14
294 296 14
292 296 14
295 296 14
297 298 15
299 300 15
299 301 15
299 302 15
299 303 15
304 305 15
304 306 15
304 307 15
301 308 15
309 310 15
309 311 15
309 312 15
309 313 15
309 298 15
309 314 15
309 315 15
309 316 15
310 298 15
310 314 15
310 312 15
310 313 15
302 317 15
302 318 15
302 303 15
314 311 15
314 312 15
314 313 15
314 298 15
314 315 15
315 298 15
315 312 15
307 305 15
307 306 15
313 298 15
313 312 15
312 311 15
312 298 15
312 316 15
319 303 15
318 303 15
318 317 15
303 317 15
311 298 15
320 321 16
322 323 16
322 324 16
322 325 16
322 326 16
326 324 16
326 325 16
327 328 16
327 329 16
327 330 16
327 331 16
327 332 16
333 323 16
333 334 16
333 335 16
333 336 16
337 338 16
337 323 16
337 339 16
337 340 16
341 342 16
336 335 16
336 339 16
336 343 16
336 334 16
336 344 16
345 328 16
345 346 16
345 347 16
345 348 16
349 350 16
349 351 16
349 352 16
349 210 16
349 353 16
349 219 16
349 328 16
349 354 16
349 355 16
349 356 16
349 340 16
349 330 16
357 323 16
348 328 16
348 347 16
348 346 16
358 338 16
358 354 16
358 332 16
338 359 16
338 332 16
338 321 16
338 339 16
338 354 16
338 324 16
338 360 16
338 323 16
338 340 16
338 361 16
351 350 16
351 352 16
351 355 16
351 328 16
351 354 16
351 340 16
351 330 16
359 323 16
359 339 16
210 331 16
210 347 16
210 362 16
210 355 16
210 328 16
210 329 16
210 363 16
210 356 16
210 353 16
364 125 16
339 344 16
339 365 16
339 321 16
339 343 16
339 334 16
339 324 16
339 360 16
339 323 16
339 366 16
339 340 16
339 361 16
219 328 16
219 354 16
219 355 16
367 328 16
367 368 16
367 369 16
367 370 16
367 371 16
365 334 16
372 329 16
323 335 16
323 325 16
323 340 16
340 328 16
340 350 16
340 352 16
340 321 16
340 355 16
340 354 16
340 360 16
340 361 16
340 330 16
373 328 16
361 360 16
361 321 16
335 334 16
332 342 16
332 328 16
332 331 16
332 329 16
332 354 16
331 328 16
331 329 16
331 374 16
321 125 16
321 360 16
321 344 16
353 356 16
353 355 16
374 328 16
355 350 16
355 352 16
355 328 16
355 354 16
355 356 16
355 330 16
375 342 16
375 376 16
375 370 16
368 369 16
368 370 16
368 377 16
368 371 16
343 344 16
330 350 16
330 352 16
330 328 16
330 354 16
342 370 16
342 354 16
342 376 16
378 379 16
378 344 16
378 334 16
378 125 16
344 125 16
344 334 16
350 352 16
350 328 16
350 354 16
125 379 16
125 334 16
352 328 16
352 354 16
363 347 16
346 328 16
346 347 16
369 370 16
369 371 16
347 328 16
370 371 16
370 376 16
380 376 16
328 329 16
328 354 16
334 371 16
334 366 16
325 324 16
381 99 17
381 382 17
381 383 17
381 384 17
381 385 17
383 99 17
383 382 17
99 382 17
384 385 17
386 387 18
386 388 18
386 114 18
386 389 18
114 387 18
114 388 18
114 389 18
387 389 18
387 388 18
387 390 18
388 389 18
391 392 19
391 393 19
391 394 19
391 395 19
391 396 19
391 397 19
391 133 19
391 396 19
391 398 19
391 148 19
391 399 19
391 400 19
391 401 19
392 401 19
392 402 19
392 393 19
392 395 19
392 403 19
392 133 19
392 398 19
392 400 19
392 399 19
402 403 19
402 401 19
402 133 19
393 394 19
393 404 19
393 395 19
393 396 19
393 403 19
393 397 19
393 133 19
393 396 19
393 398 19
393 405 19
393 148 19
393 399 19
393 400 19
393 401 19
394 396 19
394 148 19
394 133 19
404 396 19
404 396 19
404 405 19
404 403 19
395 398 19
395 400 19
395 399 19
395 401 19
396 403 19
396 397 19
396 133 19
396 398 19
396 405 19
396 399 19
396 148 19
403 397 19
403 133 19
403 396 19
403 405 19
403 401 19
397 133 19
397 396 19
397 398 19
397 399 19
133 396 19
133 398 19
133 148 19
133 399 19
133 401 19
396 398 19
396 405 19
396 399 19
398 400 19
398 399 19
398 401 19
400 399 19
400 401 19
399 401 19
406 407 20
406 408 20
406 409 20
406 410 20
406 411 20
406 412 20
406 413 20
406 414 20
415 407 20
415 408 20
415 413 20
415 411 20
415 416 20
415 412 20
415 417 20
415 409 20
415 414 20
415 418 20
415 269 20
413 409 20
413 408 20
413 407 20
413 410 20
413 411 20
413 412 20
413 417 20
413 414 20
413 418 20
413 269 20
409 407 20
409 408 20
409 410 20
409 411 20
409 412 20
409 414 20
408 407 20
408 410 20
408 411 20
408 412 20
408 414 20
408 418 20
407 410 20
407 411 20
407 416 20
407 412 20
407 414 20
407 418 20
410 411 20
410 412 20
410 414 20
411 416 20
411 412 20
411 417 20
411 414 20
411 418 20
411 269 20
416 418 20
412 414 20
412 418 20
417 418 20
417 269 20
418 269 20
415 419 21
415 420 21
415 421 21
415 422 21
415 423 21
424 422 21
424 419 21
424 420 21
424 421 21
424 425 21
424 426 21
424 423 21
424 422 21
424 427 21
424 428 21
424 170 21
429 430 21
429 421 21
429 425 21
429 419 21
429 423 21
429 422 21
430 422 21
430 421 21
430 419 21
420 425 21
420 428 21
420 419 21
420 170 21
420 421 21
420 422 21
420 427 21
420 422 21
420 423 21
421 425 21
421 419 21
421 426 21
421 423 21
421 422 21
421 427 21
421 428 21
421 170 21
421 422 21
419 422 21
419 170 21
419 423 21
419 422 21
170 422 21
170 423 21
170 422 21
423 425 21
423 422 21
423 427 21
423 428 21
423 422 21
422 427 21
422 428 21
422 426 21
422 425 21
427 425 21
427 428 21
428 425 21
428 426 21
426 425 21
254 431 22
254 240 22
254 239 22
254 432 22
254 433 22
433 431 22
433 239 22
433 432 22
433 240 22
252 239 22
252 235 22
252 434 22
435 239 22
435 251 22
435 436 22
437 431 22
438 240 22
438 233 22
438 436 22
438 235 22
438 239 22
438 439 22
438 434 22
439 233 22
439 436 22
439 235 22
439 434 22
434 233 22
434 436 22
434 235 22
434 239 22
256 440 22
440 239 22
440 441 22
442 239 22
442 233 22
442 441 22
442 235 22
225 431 22
240 431 22
240 239 22
240 432 22
431 432 22
431 239 22
441 239 22
441 233 22
441 235 22
233 436 22
233 235 22
233 239 22
235 436 22
235 247 22
235 443 22
235 444 22
235 239 22
444 443 22
444 247 22
432 239 22
436 251 22
436 239 22
247 443 22
251 239 22
